2500 4576
1756 1922 837
1512 1988 784
2105 2487 341
2216 851 228
2181 1214 656
1499 997 427
1449 1676 838
80 1915 189
1269 2008 354
1009 806 754
342 1346 60
59 2442 342
2277 1531 789
1045 1226 15
431 560 554
948 1534 651
369 1945 546
1428 1568 107
498 1208 195
1057 2153 775
1899 649 901
1287 453 921
1764 1102 960
1528 1849 452
1740 1930 229
182 2164 617
155 1178 64
1298 1497 292
2498 290 134
17 2022 665
623 2345 81
2437 1818 392
2279 450 813
234 2155 414
223 233 760
1147 1084 444
2214 465 857
398 1557 562
659 1762 282
837 2061 837
852 2115 856
634 195 781
1802 993 372
679 721 531
789 1891 437
507 2397 350
350 1717 759
1783 279 512
133 501 828
1047 823 540
1416 2465 777
2169 2250 779
2166 2431 167
1254 739 365
1772 153 585
717 1710 789
176 1404 280
2392 2445 896
329 257 866
1440 1736 786
1580 2139 364
592 1474 783
1136 720 626
1745 267 299
1286 509 256
1187 1305 453
811 2478 679
152 2230 423
1406 693 299
848 1639 486
1254 816 750
1429 1089 354
367 2010 680
2300 2090 372
1869 1097 337
843 1774 573
2400 2447 158
227 1069 510
2252 805 851
1340 1014 965
554 724 447
448 2474 755
1324 335 90
1417 1934 695
1155 57 777
774 1633 293
1140 1273 129
2211 1189 465
1828 7 332
400 697 682
181 1320 872
977 1571 131
731 726 568
448 1102 668
614 2027 593
1038 699 508
1954 2470 762
2481 2482 713
192 2040 641
2170 2190 48
766 1227 259
1302 2164 525
345 1901 768
1720 2250 527
1009 2084 478
1442 1930 491
1392 1490 158
303 74 609
1257 1445 69
2109 739 587
998 1423 68
219 535 629
183 1745 566
509 2291 30
556 989 843
1524 2355 184
265 914 775
948 1576 326
414 1850 308
1646 542 218
1971 2127 443
223 429 953
71 1158 139
660 823 364
1863 2292 728
1907 2041 884
10 1079 762
490 1656 765
2449 1494 471
2356 701 677
1437 2057 303
2089 2127 868
2451 2251 910
1050 2143 402
1121 534 259
234 1057 255
1322 1453 342
2069 1345 254
1928 2008 775
1404 749 818
2466 1787 996
1024 846 297
1227 1808 20
1967 995 67
433 1344 775
2062 2017 271
699 1880 150
27 1357 954
1630 799 629
1670 755 554
571 682 685
470 1619 805
950 993 306
2412 2257 442
1559 851 34
2393 859 497
259 441 102
1254 1355 996
960 367 233
605 1837 412
1646 599 298
1385 1508 727
605 1947 887
606 1151 455
1707 96 919
1433 1353 1
1634 1990 58
955 895 952
639 1142 179
1444 258 488
455 2259 57
44 1914 981
1505 726 209
2034 943 525
1033 2283 456
93 2480 949
50 1873 3
1646 2315 444
2073 1534 90
1228 622 848
1809 2360 128
405 1158 239
862 1782 170
1250 25 238
2095 1963 348
1444 1730 97
2125 1667 742
328 972 757
1184 2293 816
490 729 231
800 1528 441
2401 2390 91
595 1960 383
1916 1573 297
2085 1592 325
108 870 531
1867 2428 890
2063 549 774
2399 1026 419
398 2217 229
123 1018 738
2232 584 950
255 1043 431
37 1934 933
2240 1677 695
1490 1081 306
286 677 612
1385 1316 973
1994 689 697
1422 2050 719
2243 1648 120
2381 1004 254
1933 1425 90
2433 1778 128
1529 1384 533
252 1185 642
1386 960 38
1451 1677 9
930 2406 621
794 1474 740
1207 1056 393
297 798 505
765 1894 688
2116 1304 688
648 1077 228
2396 590 871
434 819 316
1703 2013 87
1151 2157 651
2001 2019 102
321 2186 88
708 354 642
1151 1821 734
480 2117 204
99 1228 134
1531 1008 615
821 1622 426
1960 1060 948
90 637 404
807 498 705
2336 359 459
550 2003 844
2055 1614 783
1042 727 234
1327 689 649
675 662 226
901 756 483
2342 922 195
1382 1329 804
656 1381 264
1184 676 74
990 1356 132
1114 1713 405
2145 727 598
1648 532 352
775 2133 294
581 2303 635
417 537 503
705 1895 40
623 288 829
683 1660 903
409 1124 20
2168 2241 974
321 1929 610
2238 0 220
249 327 582
1900 350 433
324 1746 943
885 1651 358
1852 617 648
1814 2376 84
1351 1386 172
1508 675 246
2488 584 481
1367 2104 560
2389 1569 965
76 1774 936
1377 1174 423
77 2001 760
1153 1712 102
1511 852 857
880 465 192
121 1 834
1848 375 278
842 301 129
1596 591 931
748 2358 902
1234 167 400
1511 1612 512
436 1727 332
456 2462 478
2441 1619 513
1154 2485 952
200 1819 885
1871 2071 625
1801 1236 451
1416 342 240
1986 83 383
116 1949 637
718 746 752
1736 2081 696
1690 1991 73
766 1441 679
56 1996 73
1079 109 150
247 622 864
533 2034 257
1244 2483 974
2362 1246 523
1957 1251 525
219 424 304
2312 207 352
1057 1035 338
2098 13 902
496 733 424
809 2383 800
1199 280 551
2236 1838 435
1615 2401 294
765 1165 548
1426 1151 17
1973 740 225
1089 395 737
1844 2025 504
90 691 52
2103 1485 475
899 1493 349
1912 1155 824
194 1007 709
252 1821 637
1584 869 316
325 2076 734
1674 916 426
498 1879 907
2282 529 139
2303 1344 702
1936 2314 374
457 441 846
311 1472 469
934 488 262
850 294 254
365 716 248
1284 893 927
705 1375 979
1010 2289 195
2198 2396 29
2265 776 505
2280 992 182
1249 1754 629
2359 761 82
2042 1657 532
2403 2407 421
1360 1961 608
191 2304 363
983 793 342
464 935 430
794 387 397
1588 2365 204
616 1359 670
1285 388 701
1279 411 952
930 925 450
2309 2330 965
1191 2373 574
2015 1136 770
392 1912 474
1589 471 370
1864 723 174
1239 305 283
66 1545 799
1300 1243 881
304 1278 876
356 865 789
2426 1722 554
339 154 113
138 801 996
775 2199 848
1870 900 131
1944 319 568
1253 337 267
1752 694 765
799 43 453
2160 61 140
1630 2057 399
1320 1196 153
1347 2327 646
254 1254 415
1398 1973 606
417 805 209
1965 831 59
493 1920 440
993 1061 102
1128 1511 925
1845 175 35
746 2336 681
722 1609 892
2403 928 899
669 282 635
1951 412 930
1319 1104 317
1317 1506 272
1783 62 487
2205 973 232
1297 2102 537
392 177 173
165 1380 673
285 1802 730
2168 563 824
34 1375 996
219 147 170
1122 1580 513
2436 470 276
1152 402 133
439 1229 774
363 1514 906
740 1983 798
1155 1363 834
2172 945 453
303 821 699
1349 1438 148
1600 221 420
1068 1092 541
607 1705 399
604 588 647
644 437 799
1513 1551 563
1979 835 366
1613 356 739
258 1393 921
1655 2226 97
1794 271 661
1343 1862 575
1461 478 898
2340 531 729
1896 2079 815
957 2076 788
1262 1024 649
2080 2111 40
1078 2391 406
2330 1187 161
662 504 339
2416 1455 55
2117 1012 465
118 965 429
120 468 49
122 1006 780
2448 151 666
974 41 158
1599 1142 853
479 1389 469
2196 1814 884
1021 1967 429
2492 1859 368
2027 243 205
318 1509 966
1253 2303 932
2336 980 123
353 2049 48
276 1827 168
640 1161 679
775 2191 544
1911 1319 296
2476 25 224
157 1779 976
2000 540 69
528 2306 515
626 1898 713
1504 695 127
1326 1943 797
2325 458 276
817 1561 928
2290 536 941
1368 2474 907
2190 618 342
2259 979 579
1990 1772 849
1966 2440 467
1218 2058 552
2038 964 768
447 1224 794
1736 2093 246
1791 1577 211
2347 541 542
98 975 645
2023 694 530
532 1541 31
901 49 443
2498 2241 905
546 2265 805
778 1 404
1389 1429 730
2000 1753 462
656 274 836
1341 1726 765
1326 738 984
697 1767 4
453 1932 252
2239 2349 903
1804 1808 554
1254 2440 134
1463 2026 733
475 1401 551
1559 405 550
1894 614 254
767 842 294
344 957 859
971 573 332
1944 1555 500
1521 2176 368
2090 2402 728
1302 1059 927
581 363 584
1088 1601 203
1457 1107 912
338 886 541
1953 840 487
530 687 255
777 1389 455
513 136 960
1069 958 178
2201 402 152
2443 2166 188
735 1123 232
520 1283 233
291 2301 482
2449 2202 346
2491 113 783
243 408 535
1801 1242 509
2370 2206 785
1029 2042 79
428 2482 950
1115 2344 109
405 525 119
1420 799 426
183 293 66
875 1547 160
204 1296 793
2109 2467 207
2033 448 683
2060 1390 909
414 565 151
1688 865 413
1442 458 547
1594 281 478
1436 373 291
2491 1984 478
1053 1156 280
833 1970 162
2285 492 522
2289 2255 195
783 2198 99
1974 1154 17
432 922 515
2260 2414 399
700 288 926
422 881 780
620 1663 845
2232 538 26
2362 1839 733
759 2295 129
897 1087 31
1765 1097 627
1729 247 898
908 1419 641
1857 125 400
1940 2370 553
565 1149 900
673 697 286
1050 1163 293
1201 251 512
2455 2497 393
2464 568 572
2177 2364 65
75 1941 676
383 2357 647
1891 2182 507
1013 1709 143
77 2017 5
302 1587 867
2084 2315 806
483 1552 459
1002 13 478
832 1514 240
276 2185 364
2050 127 359
362 187 538
2052 1928 425
2455 1867 32
168 158 410
2237 706 52
1388 1849 66
2019 2362 935
815 909 891
440 883 611
202 2032 951
1123 1145 85
566 138 820
386 430 80
1704 1727 663
1693 1952 588
2143 2202 291
1175 1610 892
304 1058 243
573 252 979
81 1430 930
893 869 554
1683 392 520
353 874 839
2184 80 167
1513 348 284
1209 1998 669
2263 446 881
1005 1420 22
2240 163 670
2191 588 702
116 2488 460
193 1830 562
1468 1852 549
1341 1407 549
1367 2360 777
846 790 51
2045 669 59
1835 2389 818
610 2003 49
1733 1097 91
1090 262 738
1505 88 689
393 1971 38
1619 838 161
1986 600 41
1147 2206 97
1993 1201 638
1066 324 783
900 1037 374
1948 2121 709
1324 1194 749
1325 1871 959
1631 1097 561
304 795 954
2116 151 854
1876 602 744
1905 1521 826
617 2357 377
1605 390 143
22 2405 447
2235 160 615
1598 1182 943
2124 970 142
1680 1652 809
22 2 317
1938 1672 935
2394 2283 67
1599 160 366
774 878 74
2448 531 73
2311 2451 740
2290 1609 824
2060 740 460
488 2225 915
440 2385 479
1586 976 466
2230 1692 897
1300 610 597
2035 555 143
712 223 388
2210 1618 651
2206 2128 122
2151 796 431
537 2388 979
196 142 278
2180 1811 986
2219 1836 636
2493 2231 878
1655 716 904
1542 2296 228
496 1324 298
682 1161 635
622 1721 989
2363 2407 616
2299 1691 590
1224 1967 440
156 1462 422
283 1276 211
916 1646 243
2269 903 575
2001 606 68
670 631 955
1486 345 163
935 2370 145
1709 683 750
1343 2272 953
1185 1298 604
1366 2138 644
2000 693 252
2113 159 534
1899 658 396
249 1362 607
2251 835 710
813 291 399
138 1844 963
609 224 130
2002 2351 661
2276 30 170
2138 1646 116
1384 1455 388
1721 654 68
776 1182 377
1606 12 384
912 1120 349
610 1918 804
387 531 333
78 1295 343
1300 2012 867
1891 1526 234
2293 1498 587
1337 35 683
2230 43 816
2221 552 535
1667 1881 284
936 2309 523
1675 843 553
1176 742 339
836 1144 545
1020 483 993
2075 364 745
280 196 726
1122 661 842
680 555 865
1616 1736 4
246 18 643
756 531 159
83 1603 318
893 1576 17
133 2113 90
1144 2278 767
2426 1552 387
1541 466 920
2409 2457 418
2356 2440 925
2369 422 451
2122 397 833
114 1954 64
1065 2318 83
620 2351 366
1305 1527 709
1873 624 279
1743 1703 638
101 852 233
940 1001 415
2244 981 549
65 421 192
1793 1063 416
1019 1826 675
2303 2464 768
425 31 52
281 720 10
633 1570 879
1456 1240 546
1021 2400 980
1826 1073 809
209 410 367
1547 2209 103
900 276 582
1597 1645 85
1085 2371 563
1731 1604 865
1536 70 621
94 66 156
2371 2096 716
1930 2022 372
2185 1493 156
11 1345 97
83 964 148
1247 241 837
2007 1101 636
314 34 54
318 1191 364
2168 346 977
1433 1663 542
1555 1829 79
1780 2357 47
1558 2488 20
713 488 691
308 1248 717
1318 2274 156
1049 1699 584
421 418 288
2188 89 300
1903 2329 745
714 694 926
2200 1972 688
1594 768 337
1502 1673 108
1446 1250 229
1931 982 9
2128 326 763
301 1730 564
1082 1683 806
615 2122 432
2310 2472 21
1498 1860 933
1520 881 273
1635 254 888
2334 2010 597
2451 378 921
1997 860 902
419 1922 845
151 1812 589
1652 2342 938
803 2106 763
1327 1577 815
249 1580 363
2483 269 988
313 410 870
1011 937 18
1981 1171 191
1985 1254 576
1479 1934 423
820 2308 761
92 770 457
131 1681 620
1546 1549 469
0 2098 66
2499 588 597
1976 671 46
1876 967 450
1508 1864 276
1723 1821 708
1841 1535 889
706 1794 636
1074 2138 597
579 1607 656
2248 1028 239
1688 2442 706
339 1587 880
1788 1973 179
1378 1330 876
1592 707 449
234 767 283
1375 2438 748
2359 1515 139
1794 367 833
1846 1894 862
1278 1131 704
724 1711 155
191 1658 480
699 1671 575
208 416 866
555 1696 930
1391 1896 242
463 287 298
1991 2246 447
1112 1413 555
817 662 882
169 549 678
1038 1634 240
873 57 67
1519 1726 473
299 1091 738
268 2195 492
313 169 780
1849 1586 953
553 795 566
1640 1161 217
1134 110 949
1568 1706 725
2419 851 742
94 558 15
592 848 778
1907 2229 768
1532 231 528
1299 1327 442
262 1641 957
2465 1944 968
817 2050 303
713 2247 883
294 3 223
544 2493 598
2404 1876 543
254 2432 833
1293 626 256
75 2275 244
557 292 224
1139 314 657
498 1633 914
111 888 778
1731 1905 448
606 2249 487
2397 75 60
2257 937 262
1629 799 792
33 2028 855
1665 129 219
2145 2019 511
168 835 128
410 481 381
914 1952 44
1914 967 438
2249 2499 799
420 2133 238
1293 2321 333
1003 1814 816
1256 146 986
982 451 569
5 166 106
40 291 867
1116 1228 533
1991 528 310
2179 956 300
2014 814 548
131 448 254
167 478 241
1883 342 644
333 550 498
1202 914 134
1434 1882 883
2353 1698 941
1408 536 258
1917 1258 820
1723 1117 813
1563 1953 672
2337 2487 966
33 2475 970
447 872 130
2005 1914 162
402 820 492
731 1644 136
2268 1472 536
1472 852 368
1521 1090 840
73 1583 38
1042 1341 731
349 2041 387
1631 1396 718
696 464 219
2341 970 950
1293 2256 976
940 439 735
1840 209 356
1769 2462 302
725 1118 510
2010 818 278
932 1469 65
130 850 470
2456 158 163
211 1297 415
2203 1618 113
858 1594 657
2157 1839 665
1539 2214 396
1953 2300 470
34 2115 719
1328 71 978
803 524 660
2359 684 642
194 231 255
2365 965 355
2078 1078 338
2337 169 464
2055 2420 541
1671 751 821
69 119 375
2077 110 127
1771 1799 593
1364 995 16
36 1520 20
1882 2409 593
1175 1525 68
458 2492 168
495 1427 671
1516 441 145
1941 2180 976
2426 1294 2
2359 1893 408
2223 2092 402
851 1964 371
412 775 169
880 1364 287
194 428 845
1916 189 151
266 2036 425
565 1621 517
1253 1083 170
386 242 993
2207 620 205
1023 343 213
1960 141 247
1531 868 564
1309 344 740
1787 1144 150
1443 302 941
117 2152 826
808 521 327
2030 571 919
539 278 767
513 1507 86
954 975 334
746 1084 527
2311 1202 838
2456 1619 105
1999 1651 713
2131 1153 495
1328 2235 128
2484 483 111
609 199 107
151 490 933
395 1406 775
2350 2273 413
484 449 465
577 1999 967
1210 691 221
821 1373 946
152 2202 33
486 201 257
1534 976 204
1392 994 351
65 2206 854
1826 1806 444
426 2279 59
656 2212 748
374 526 200
1921 2267 948
161 983 916
809 776 992
951 2042 441
2192 544 13
583 992 202
2383 2337 837
1875 1417 659
1656 624 251
751 1182 392
593 1256 262
748 1759 406
1683 792 604
2344 800 148
458 2419 935
570 1837 517
1295 293 115
1758 1578 618
2320 1336 351
924 460 616
1996 1665 250
908 964 197
2031 288 740
416 1164 725
1725 1999 820
1223 2014 160
1679 2371 108
1801 1048 985
1510 804 926
2011 86 658
2189 1367 115
462 1400 68
265 2330 672
339 1817 511
125 1105 878
1454 2478 144
1307 480 517
2139 2219 267
1456 420 291
83 278 986
847 991 404
1497 2096 489
473 337 498
486 305 986
519 496 737
1405 2340 314
34 1520 524
1228 1329 373
1947 2251 76
1734 116 793
1033 465 751
2103 1036 291
942 608 125
781 2007 442
2367 2391 99
428 1683 578
895 2003 82
1542 301 586
2159 530 637
152 1237 130
1433 2033 318
667 546 73
240 1925 269
130 1061 682
1343 1786 630
1212 982 564
1609 498 6
1256 485 160
652 825 346
489 2077 415
2249 817 10
2422 2198 640
1599 1866 509
1274 826 735
705 580 191
1369 12 578
75 404 539
810 1638 301
1726 910 770
669 1755 662
1078 1220 942
779 1904 806
488 1600 495
2182 1036 331
2492 1843 411
342 623 879
1824 1837 546
81 898 123
1535 1064 366
589 377 654
805 1310 669
650 2226 260
2134 1245 936
2396 1782 780
1892 345 319
159 1602 888
2379 1230 514
897 1476 613
1401 1915 13
1783 1414 573
1506 757 744
444 1150 145
1455 788 871
821 903 55
491 2005 852
1342 699 541
2100 2083 514
212 1418 722
1952 1246 29
2279 1063 418
1897 456 318
2056 1134 292
1669 1043 979
1263 1818 463
1997 1830 331
928 1334 935
1037 1474 801
283 2093 785
648 1748 469
335 1401 781
1338 1490 998
989 2378 224
124 2167 161
1138 1240 732
2405 1431 729
1580 1911 566
2489 528 27
419 1086 50
896 1171 216
1046 462 336
734 108 302
1163 711 971
1657 2402 636
1408 496 134
1704 2345 279
2242 459 397
1000 343 396
1229 964 222
854 1586 798
72 1422 781
776 1605 811
989 111 452
2086 1739 770
933 294 307
2092 1932 280
524 767 630
305 1754 760
1422 1009 17
829 1101 473
2154 801 964
1830 618 249
2462 777 378
384 363 5
541 1680 860
997 517 709
1892 2305 582
1922 861 316
518 2060 771
1374 342 679
1883 2185 594
707 1756 619
1287 1468 87
887 542 910
533 1098 69
2361 174 865
1898 581 529
2221 1648 693
1702 2438 885
918 112 392
247 815 672
2380 779 192
2272 1528 73
2017 1053 954
102 221 40
2395 1435 164
400 263 888
1730 2153 209
1380 141 449
2495 1253 770
651 276 335
124 2332 282
2133 1214 939
2085 1884 840
1943 1230 360
1473 1096 246
1839 2392 767
27 1209 340
1409 950 854
1409 582 381
1391 1174 168
2336 323 886
2280 244 726
763 1378 433
552 1122 832
1537 2100 289
697 257 32
1382 807 107
473 1757 55
1222 996 349
506 1195 956
140 981 814
759 138 798
1517 2476 76
2117 1319 128
674 1174 493
1325 1206 521
2382 348 655
173 550 790
1920 1263 514
1101 1862 475
1547 373 989
492 900 499
1438 72 861
2247 709 227
1447 782 360
1056 1530 506
1672 2247 510
1241 88 451
678 1682 747
2389 595 280
423 666 57
1437 1185 89
1600 2111 572
332 1650 777
842 33 404
1964 1768 182
7 2114 18
2238 198 864
748 2491 671
925 666 116
407 702 587
1116 682 373
1463 2241 360
1938 1687 20
2250 873 302
570 1624 87
2215 1840 17
539 2286 908
1309 2209 231
1020 1411 273
2349 985 79
619 685 559
1366 404 964
488 1782 393
1756 819 553
2244 2134 455
1790 379 403
718 1887 565
1294 1732 274
1612 490 181
707 109 190
2035 2440 231
1314 53 787
2110 268 785
1132 741 493
205 488 968
1774 1428 522
1376 1327 820
2230 1941 734
1392 1314 849
1660 925 785
842 874 762
2016 114 668
973 28 172
1747 1929 51
1292 600 405
970 1764 9
896 2304 522
540 583 521
822 1828 749
2294 1036 993
377 576 822
406 2340 636
2336 1082 963
2067 2081 44
608 1620 319
1144 894 895
1221 1532 788
0 440 311
682 801 580
1458 990 76
156 1437 706
801 1500 545
1607 2048 192
408 1411 128
1446 40 869
649 322 821
1621 2257 453
2383 1531 949
1760 1533 448
2237 595 857
1056 702 710
2301 4 603
169 393 128
1013 280 546
650 1340 317
347 2197 99
1197 2028 695
2077 1247 913
1138 2097 516
2245 2423 49
2096 1417 639
154 343 695
100 1344 184
247 499 653
242 1461 370
2479 1761 328
799 2163 575
176 1561 693
2389 2496 733
1087 1814 943
662 2339 131
1917 1454 561
625 1545 708
129 2053 487
2051 2133 335
1172 948 603
1887 1985 672
2027 122 841
394 261 542
1914 2219 2
1452 1128 645
1880 699 70
1406 488 820
1374 994 411
1253 2156 144
981 687 195
1613 871 133
212 4 604
2128 563 669
2128 1205 300
5 520 866
1359 828 494
868 649 46
178 1009 490
120 1926 165
279 348 875
586 650 162
1615 981 79
2383 1881 108
504 153 49
2030 1606 501
2298 31 537
733 1381 876
16 948 183
1626 1103 299
387 799 945
2238 1727 583
1353 1976 464
2490 2350 911
189 2482 387
1361 2493 496
1364 1100 308
2015 1866 881
1866 1657 822
28 1830 546
1118 2448 575
679 1949 115
17 972 76
2328 1038 431
2175 733 992
290 1514 783
1854 2411 130
1285 1959 322
1298 2438 76
2499 1942 968
2495 1662 41
1074 702 321
507 1425 617
1746 1871 82
2383 1374 714
1680 1315 602
1072 2134 663
209 232 576
2095 2023 463
1416 280 921
650 2447 473
825 350 761
2023 2117 997
566 737 707
1572 2024 42
1505 1632 487
1030 2032 368
208 877 170
113 1669 987
1314 1952 285
670 684 903
276 1298 327
639 1171 962
1966 1626 651
764 2045 78
2476 526 573
1309 2080 533
807 1520 337
871 2436 898
2028 573 455
1618 72 196
1136 2497 469
356 836 46
650 2380 345
585 269 573
880 1815 553
2113 1517 884
1310 1172 179
1391 478 585
666 1947 917
1676 1911 487
1467 2476 896
987 2357 956
2072 794 741
1084 618 380
7 2477 906
2222 2298 643
947 142 552
939 2337 113
883 1676 559
1687 2252 838
517 416 574
1898 85 549
2015 1491 644
2271 195 358
136 1114 412
1524 905 838
1177 2089 212
1874 1944 377
1256 1786 110
1947 1040 106
1837 2331 165
1286 1066 816
1903 621 704
690 2123 197
2422 1827 64
2473 1045 570
287 70 251
2049 1980 105
656 1939 652
2402 738 122
1704 2042 568
792 404 155
1502 2068 237
1585 873 540
169 2005 459
110 2122 473
967 2331 622
2095 1223 533
1947 1627 742
1150 261 193
1477 2102 120
197 893 73
1201 613 879
2122 309 781
1805 168 414
957 1525 911
2294 272 928
1595 2438 90
1970 273 696
599 552 735
848 944 827
262 1541 127
2256 1688 87
1471 1805 492
1785 746 591
597 931 594
1085 119 731
1368 1538 749
1909 1524 770
1212 964 462
1116 2422 319
558 1213 422
333 1402 316
648 2061 505
214 1745 806
1512 1621 796
2015 2269 413
2429 1255 473
831 339 829
1443 330 30
2239 1172 164
815 1609 110
1614 1491 12
168 2416 8
748 63 532
918 1608 714
1997 1270 498
1189 500 57
2288 405 428
1343 2493 989
2280 2100 4
284 802 69
2399 862 274
292 883 509
884 1897 2
1233 1207 581
1462 538 700
2481 229 906
1768 1012 926
1245 578 154
2334 361 620
421 2396 159
972 1691 490
1529 315 34
2054 302 623
1876 758 899
223 698 125
817 2439 10
486 240 577
1898 1611 648
99 405 618
1899 32 82
1779 1292 976
220 1047 627
1363 572 45
7 876 150
1800 1174 138
1155 285 297
1573 1965 363
107 1253 593
2225 1240 660
638 1951 562
1473 14 493
80 2284 557
1629 2244 738
738 364 775
2103 2366 664
1233 107 222
1130 2138 877
774 1615 599
385 1059 188
665 1750 909
1968 2249 861
13 281 583
1942 1858 720
752 1677 689
6 475 516
2155 891 695
967 2423 63
1464 2401 696
998 1544 147
200 442 160
887 1156 649
1485 1940 203
817 776 580
1231 1780 819
2215 760 184
975 619 648
2248 1262 324
2468 2041 181
1583 2105 21
1575 1215 834
866 2022 476
750 291 407
2061 1025 830
876 632 852
2294 510 652
971 294 178
1539 2015 639
1541 34 427
444 584 692
391 919 750
124 1211 498
328 1954 26
608 1748 920
2203 1527 578
1504 1325 45
2072 1326 375
1739 653 774
47 1704 224
1153 1040 439
1312 1673 643
364 1987 238
1107 882 896
963 945 726
2414 2110 903
2195 1816 13
2018 1741 164
1679 383 496
27 539 586
1252 1215 167
770 1328 411
472 541 580
837 226 208
102 1650 848
667 1500 103
1163 1859 228
56 1908 438
811 1204 958
624 961 481
1514 2288 458
1402 747 320
2245 1356 231
1373 2156 331
1051 717 372
2241 1654 428
1355 614 57
995 430 102
15 1346 45
107 31 760
1498 1931 546
22 1286 529
398 1961 850
949 1132 438
502 716 70
207 1053 498
143 1924 861
2011 2391 753
301 623 543
2239 2029 465
1494 322 698
196 1417 824
2360 621 998
331 1245 303
1301 2294 68
149 1475 344
1758 101 292
1475 908 525
543 491 459
1362 2113 382
894 2087 956
2379 1991 344
1986 2180 372
393 2159 354
1552 93 768
1404 197 947
877 947 158
641 394 32
2072 2139 61
2273 1025 860
88 171 676
1947 950 665
1495 389 69
597 2056 624
1184 1283 180
532 1506 223
2278 794 760
445 1463 818
1815 2393 243
1290 2490 5
1544 1337 271
614 648 414
2368 1779 986
2065 1050 670
1705 520 421
1901 1005 436
604 156 817
1751 1017 237
54 1522 244
956 1779 695
210 170 407
1437 2475 882
2489 1385 505
1962 2258 373
108 552 140
2472 1168 396
2398 100 60
2423 1881 360
2055 167 3
1079 2441 450
1215 979 943
2254 1300 98
1157 901 695
1542 978 941
233 2108 129
627 1737 776
3 801 736
13 507 504
951 2371 471
1164 2321 301
546 1999 42
648 556 96
196 1123 183
2357 1474 975
2134 1380 387
79 356 519
1541 1880 529
563 287 134
1046 515 232
1611 1221 915
666 1518 619
1191 739 408
1663 1591 923
1863 1818 124
1527 1175 153
1736 1370 73
2448 456 451
901 253 315
2431 1069 247
1880 1561 751
131 528 967
1059 2497 510
2480 2258 756
2472 889 476
1931 987 608
2282 1237 640
1517 1180 379
1946 823 21
357 1624 75
2487 2071 510
2289 2306 639
2428 1911 519
2042 1564 592
2466 624 453
485 853 268
1478 1148 64
219 489 178
1986 1880 272
1774 1901 974
1110 144 58
2467 1319 300
2397 2050 478
449 368 87
508 142 348
930 2018 756
2072 2014 665
2012 1309 241
686 96 891
818 1564 230
26 891 785
2242 2274 69
89 1998 5
1257 1083 104
195 380 287
1727 1568 111
557 2302 222
1265 2120 461
378 455 350
1526 1800 759
1308 521 946
917 1646 873
2079 1826 829
1316 2211 869
550 1169 67
1145 626 880
1966 262 136
74 1238 617
870 2140 573
1892 2260 875
664 210 349
1007 1044 126
657 2224 748
1110 2243 248
741 2292 691
2280 2325 818
2203 1678 502
1992 595 485
1485 103 828
1844 1992 60
2266 2076 724
162 147 450
1456 509 428
2136 922 457
1367 709 20
128 447 848
1704 988 306
96 1949 932
113 444 138
1309 2167 33
1225 200 4
21 1341 825
442 1992 293
1660 885 765
2036 408 344
368 1929 125
169 874 149
1657 1634 286
1550 1307 134
2088 87 460
2261 1732 282
1932 751 49
1668 810 201
1804 511 207
940 79 759
361 2256 650
1767 1588 949
2038 1252 474
1467 2337 188
2288 195 235
134 1201 195
764 882 399
1546 2390 891
660 2362 345
752 1956 335
509 2179 737
2418 829 410
2048 72 155
529 2079 251
1212 821 800
443 946 943
94 2313 504
2117 1102 77
890 2426 708
1556 862 345
588 1413 828
1623 505 829
2006 690 649
1061 1599 266
2360 579 822
1416 2478 194
1967 211 664
1035 1475 467
703 1481 961
1996 1715 538
1013 1887 149
891 884 271
1955 1554 614
1559 1125 392
1320 1730 681
105 874 897
1931 2421 282
1430 243 592
886 1756 141
346 929 682
2224 1641 561
1869 899 167
817 1529 200
361 354 977
1406 1506 63
1711 574 550
598 1321 174
847 1705 399
1599 1102 310
1241 1466 38
420 987 702
129 1349 618
721 1092 266
1667 1824 294
1920 789 368
350 864 902
551 627 613
626 700 552
1718 219 928
927 473 508
1618 1887 663
2213 1271 42
446 876 667
43 1820 66
2143 1913 662
210 1896 96
534 967 268
1677 2365 289
2424 1853 902
917 591 360
712 1751 602
2276 1938 829
2138 1072 933
922 1758 694
1175 169 233
1410 892 119
1113 538 398
1469 737 175
2293 1903 619
1797 129 78
2078 2057 408
532 2090 297
1728 1642 994
539 987 156
361 236 850
1201 659 224
1088 2262 363
393 752 668
1906 2316 341
191 780 252
762 346 154
1494 782 617
1205 2488 326
282 897 102
327 822 237
119 1174 841
503 724 519
638 2488 170
1983 1914 455
859 2126 304
312 131 762
1428 1671 455
169 2457 571
42 933 289
625 2463 553
1277 1698 802
711 1699 290
1811 939 63
345 2215 100
1437 1072 145
107 20 609
1629 625 329
1297 2468 952
352 1169 116
22 2080 323
1260 1730 67
543 2060 809
2424 484 878
545 1977 656
305 644 729
2109 1631 772
658 222 67
2410 1581 328
1808 326 382
2250 1592 43
963 2212 794
597 2094 464
1103 944 146
709 2173 286
1104 2217 169
632 1451 110
2211 418 290
130 1984 442
2055 1265 304
1425 1695 323
675 1845 505
2191 317 642
2136 114 455
1739 786 885
2145 1167 676
543 2085 511
1011 2495 65
736 2433 527
244 1578 515
1118 1357 868
2272 604 899
374 396 143
1681 1857 203
1140 1392 578
741 1620 998
1095 602 539
2422 1479 696
1708 1735 405
785 971 951
384 1919 167
1313 2474 543
163 1251 146
985 265 353
1539 2266 759
495 1987 1
998 742 294
1936 684 10
1005 719 245
2420 2460 379
118 559 908
81 2491 97
812 1102 214
2087 1675 642
1926 1551 474
1853 774 655
1305 550 607
775 1737 172
119 1680 745
1108 2386 715
2462 1556 583
285 803 761
135 2269 295
244 1386 848
1123 604 232
534 936 416
726 293 595
1768 499 930
1918 421 910
1665 2178 270
1991 2166 388
1771 955 159
1778 1117 756
1909 1164 712
316 2034 238
592 1321 777
301 2096 710
488 1830 481
1519 1864 227
2099 1112 663
1766 2406 928
1955 583 695
1905 1384 162
2343 846 396
1034 1280 729
1003 774 72
1571 937 527
1959 67 24
2213 236 100
1675 471 674
663 425 854
71 1601 859
2078 2 213
2089 1514 319
733 572 165
620 1399 17
605 360 691
1802 1212 270
833 778 541
2340 366 751
2147 414 399
164 17 462
1998 1358 269
1179 264 68
2160 1630 289
2067 1882 677
2380 1471 620
255 1418 500
2351 2290 114
1237 831 535
1774 638 161
1939 1874 998
1638 259 858
932 549 938
1802 1040 801
2380 1962 206
304 271 216
1058 2399 758
2430 1471 83
914 2289 773
797 1400 704
51 2447 625
589 715 427
797 1216 276
2385 2100 366
1442 1149 88
368 1185 306
347 2304 65
382 933 220
2454 2039 89
1860 1955 807
2269 231 161
2436 1573 90
1150 1400 341
1272 816 117
1327 1856 900
1915 1495 227
748 1163 467
1259 1529 664
1059 973 799
2065 1145 398
2054 927 687
2256 602 220
1110 445 754
1449 2035 585
615 1349 24
461 1958 340
129 155 290
2372 1750 966
1744 2486 841
615 2228 300
745 835 594
23 737 719
1328 724 527
729 1438 860
1562 1490 196
2 900 717
374 1328 873
1484 497 491
779 1664 948
512 106 831
1375 2307 629
1839 5 987
2192 798 76
911 2390 962
464 2478 174
1939 320 14
1282 279 34
2419 692 549
1460 1871 292
2182 1505 765
1395 966 381
215 1758 951
584 317 395
1576 2326 857
574 1897 552
629 77 975
2295 2416 749
291 2470 256
2201 121 942
2064 524 95
354 1195 948
1774 126 142
1238 1305 356
783 1020 381
1246 1654 991
1702 1427 125
157 1305 61
725 76 894
2104 2357 621
661 313 490
1211 1532 487
1536 2340 256
782 2179 326
286 478 838
2445 609 587
1475 1341 347
712 1776 38
293 1126 982
1980 788 98
1371 800 661
175 862 85
960 905 232
2408 2261 588
182 1655 304
714 110 714
84 1991 986
2085 359 683
156 130 922
1881 1280 934
2048 764 41
2409 108 20
223 263 471
2471 1769 875
1259 1743 659
2216 1787 190
1759 1580 462
2016 2354 701
1076 609 153
786 427 348
934 2246 222
913 606 160
986 526 541
1811 1051 453
185 2067 323
1838 1343 297
2283 204 796
1807 1447 83
1700 1838 522
1353 569 881
220 613 920
1433 2103 833
2145 1251 510
480 732 26
1114 1592 60
1969 2458 598
1804 654 54
2120 1914 654
2219 2161 861
1413 1975 215
1930 1429 172
2069 730 221
2426 2457 26
1116 1475 833
1865 685 571
667 1036 995
1074 2495 312
543 666 556
2257 754 173
1692 454 820
204 888 885
215 2177 604
1749 2400 768
1784 1803 272
1161 1667 111
3 593 890
2004 390 84
1509 2195 896
1415 1231 128
182 1468 920
710 658 427
2035 346 346
1734 1406 272
833 2257 426
1342 1910 596
88 230 128
2387 854 631
107 1489 80
2275 1745 452
1174 2180 795
224 975 93
124 2387 304
745 1991 818
351 2159 191
1980 388 408
1595 1008 825
1578 2320 495
190 2354 976
1115 1000 114
1291 462 755
925 705 104
328 1352 658
1793 1816 117
2285 555 411
387 1188 857
2465 1793 142
1269 754 20
1035 451 842
1757 329 319
385 1339 624
1064 1005 303
204 2183 310
1717 1411 224
1802 1595 349
2092 1609 530
1819 2469 401
989 2453 194
1135 2475 641
1051 1460 419
1486 1837 310
818 950 30
1265 405 958
377 1046 950
768 853 411
707 1863 24
423 2130 480
1735 941 207
209 1245 880
1183 1131 726
25 597 821
837 1064 275
1940 1286 486
757 1990 753
1733 1050 298
804 2346 900
878 1005 747
1762 1428 756
2192 700 32
1505 749 976
1927 857 538
1483 1209 327
600 1304 661
901 1484 860
398 1278 872
90 1086 287
59 79 823
2434 458 586
665 671 498
1760 1927 286
281 1435 171
863 324 276
2169 1764 27
1149 2088 785
220 841 115
236 215 28
623 2397 594
900 1982 114
1724 1823 621
1289 217 186
491 1400 769
658 914 884
2219 210 39
1570 1705 33
1894 330 729
2259 1776 102
1602 890 912
1896 689 783
702 2123 577
1148 1567 717
2090 1732 450
1554 2 703
495 817 165
1215 34 154
1598 1516 436
1119 11 924
266 835 476
2424 2371 724
501 2352 452
436 2385 741
1658 1172 698
1456 852 826
102 1542 16
806 525 7
2492 2132 653
1781 794 968
1327 2376 309
1859 1267 436
531 982 716
958 1935 196
823 2198 424
806 1190 966
1861 1495 401
1997 896 758
1992 20 778
1548 197 807
233 1786 728
1899 860 185
425 40 208
1477 1533 561
1112 873 953
1872 188 25
2438 812 240
1365 1037 837
1532 1317 639
2060 323 858
2029 1997 951
1541 555 683
288 2267 372
942 1011 921
657 231 687
794 553 205
1662 1800 588
460 874 539
689 1992 334
2340 2048 472
164 1115 462
252 2438 808
183 1669 632
1976 817 240
1218 2284 842
1147 2387 146
396 888 902
432 930 191
478 2295 156
1603 1183 15
1520 244 920
1597 40 410
1817 1779 720
1090 690 239
348 202 446
972 1979 335
1417 99 686
2182 2229 27
1004 113 292
2444 1708 767
2244 2205 653
1616 1585 700
1155 2254 147
147 1843 861
2359 1934 748
662 1036 989
1893 7 52
1180 2455 152
230 1037 932
2441 2282 997
1727 1073 543
734 967 803
2381 943 603
2172 1371 708
467 2084 41
840 1731 950
1927 184 378
1759 1614 720
1939 11 676
1534 2041 720
2238 344 78
4 1234 619
1592 1998 432
1643 1628 716
2442 1229 932
444 1889 204
592 1941 350
836 237 245
2116 1229 781
2282 541 64
1152 730 821
684 473 944
2096 332 138
1949 839 837
257 395 893
1686 2207 637
1104 1168 338
1271 2327 617
2331 1470 616
417 2479 425
72 2106 63
1299 1390 812
2148 918 889
696 1201 19
670 369 479
1404 1453 80
2307 2027 932
1147 539 441
49 689 455
1812 2031 842
2428 1665 100
669 513 118
2162 1906 562
1260 41 927
995 1625 324
915 1063 666
996 155 384
105 2381 724
1697 1130 292
386 2238 823
1274 1978 26
1552 928 859
607 1480 381
929 333 380
72 770 602
1187 722 223
1251 1704 671
902 995 191
1355 1913 736
90 717 435
426 1672 271
2335 1333 628
1197 1216 104
37 646 284
800 1949 430
553 1718 125
2251 1953 624
344 1151 25
1867 832 372
2105 1423 973
378 1951 877
359 1854 963
118 2036 812
467 1660 37
1258 869 382
1648 896 542
870 722 152
1473 2426 745
591 1725 144
1704 663 707
2498 659 740
2225 1195 8
1623 1008 977
737 1585 441
2160 971 32
495 2368 319
192 1244 401
2016 457 143
1445 877 479
2201 1616 177
434 1973 428
281 548 487
1663 355 68
1836 1700 45
1757 885 35
144 1022 401
230 2144 428
1269 1810 364
1957 187 232
2084 2007 682
2376 951 518
1286 395 710
1289 159 793
2255 1752 137
2126 898 526
1484 158 376
1945 2437 428
258 1503 909
1995 901 81
829 1913 604
495 116 441
1266 843 421
2089 2074 426
1745 2054 21
1445 1021 118
1204 1958 652
163 1663 899
2342 762 853
1621 1193 532
2345 2261 313
2070 1019 767
830 1964 461
1128 8 280
1090 1542 496
1861 1905 956
1650 1290 769
2356 660 108
1748 868 535
1024 2134 29
2120 46 365
2096 2151 4
496 2284 264
1377 1214 261
1494 1265 920
550 705 214
1390 405 30
816 59 200
1083 465 452
548 1194 625
1860 2126 255
2248 397 955
607 1900 335
944 1023 230
1898 456 390
2080 374 499
1763 782 489
455 2467 876
1136 1406 603
725 927 994
2477 2026 898
1821 738 894
1749 1889 592
2340 149 373
146 1690 800
63 2154 984
903 1021 610
2240 750 498
2239 225 122
2070 2166 512
20 1027 10
1268 2291 183
1539 2445 36
1115 765 480
2484 1078 294
366 1094 838
340 427 680
2321 99 504
1417 872 839
2171 2265 148
1492 1155 828
1994 899 616
1061 1989 216
640 291 569
2123 938 142
719 910 323
10 662 417
664 627 281
1282 423 137
187 680 225
2243 1677 55
801 1596 312
306 1934 467
2341 1034 539
2234 638 866
1537 286 715
2095 2375 597
1651 1094 618
1118 1927 986
2452 248 363
708 1977 646
427 6 106
469 661 957
1574 783 965
1990 1628 108
1895 2256 680
45 521 104
1059 1346 484
986 751 960
2425 1204 291
2400 537 256
197 1901 288
951 967 678
436 1770 975
416 1008 629
916 1551 319
1116 232 405
2266 670 677
1515 1719 820
701 1402 113
2303 933 81
2297 185 615
2453 2099 55
507 2137 137
655 424 467
554 881 280
1465 135 658
77 2212 927
2428 2265 481
2165 1630 904
2294 2210 739
1926 1481 610
2258 2088 448
2248 633 982
1219 698 582
512 371 723
1900 389 915
1007 894 407
1178 1885 75
397 1376 404
2218 1986 518
1500 757 420
1166 230 574
1080 1136 278
797 329 339
2281 229 128
1068 2275 186
1603 744 922
2312 1786 273
662 1742 15
144 1772 377
2306 285 351
1293 2253 444
2322 678 722
808 2020 788
1572 987 210
842 2332 333
1726 1204 392
1474 2029 195
1310 787 196
1694 2019 264
925 1120 599
500 2108 145
324 21 452
19 628 804
2295 926 745
1881 1239 935
2400 1173 988
2365 306 626
308 969 394
1831 2078 426
11 1965 617
1918 479 573
2229 224 734
1776 28 787
681 973 676
638 2106 354
1090 738 976
1502 282 425
9 1779 454
757 1680 644
1344 15 893
807 1139 254
2300 1890 319
260 1366 360
1134 1723 360
1873 636 444
2374 1658 919
689 2448 431
2051 1266 975
1984 876 43
1338 741 389
700 1897 421
2438 2038 467
2298 1443 913
913 102 701
1371 1102 662
493 145 94
972 87 285
596 2179 854
986 710 136
1181 2195 757
1288 2152 570
2006 1365 640
2360 2289 529
1956 1440 717
429 1214 467
764 995 157
613 2197 805
1234 167 243
403 1377 72
710 700 110
365 1241 388
1802 1036 932
1957 1256 637
119 2408 182
193 300 454
1528 892 491
577 139 898
1627 1057 539
1309 1182 101
447 1331 649
912 1311 884
2214 455 192
2355 1123 365
1188 2098 80
2094 1901 239
1886 2282 799
676 2146 874
807 983 57
252 2471 349
1786 1224 228
1010 2490 879
2263 2222 700
273 1943 142
680 715 933
1277 1019 190
1681 1314 94
1510 29 892
2276 572 284
1950 2478 785
1126 1881 796
1480 2128 115
2114 1382 639
1322 567 652
1721 1934 838
2269 54 531
1531 707 486
1395 412 77
136 745 992
1155 921 99
479 66 851
79 515 529
2472 2468 75
1977 182 931
1878 134 688
1834 1586 124
1432 1501 321
2098 757 693
73 493 729
1929 460 261
607 1487 302
1536 1963 169
1106 1416 386
1793 2261 948
1041 2499 474
1630 1927 466
2123 752 883
1645 1766 17
1376 793 395
1311 1848 921
1558 1788 815
346 482 170
2301 2364 649
2376 1272 989
1294 766 788
1593 548 704
522 2072 769
700 2422 380
2056 1719 612
987 1461 487
1436 2366 347
2351 1450 338
604 1582 618
2281 2315 400
2260 2057 640
2400 1614 21
2058 1409 288
625 2365 517
178 379 308
1008 854 305
1581 81 13
538 2280 641
543 754 562
357 622 454
642 1363 868
2144 2383 426
1564 307 293
940 1208 939
358 1072 910
468 714 580
741 182 138
1948 1204 670
1506 57 433
2104 1287 107
776 664 516
2451 2399 394
541 1136 130
606 157 164
639 1970 145
2018 328 12
2321 1776 317
1560 619 64
2077 850 272
365 738 700
2356 500 981
1040 1930 775
1373 421 84
1561 679 796
1361 1676 406
1197 2245 501
1601 1132 547
2267 282 951
1574 955 135
1374 953 292
837 1563 432
2299 2101 672
224 365 910
2278 1068 734
1636 1500 551
321 1166 28
2230 150 699
1698 1794 357
1484 1224 615
1196 680 526
1812 1805 430
1544 1487 577
2371 181 410
1609 1250 567
916 659 196
2029 273 821
2270 17 728
1523 2286 319
1696 627 235
442 327 558
1501 923 258
2445 1415 11
866 1450 660
2192 60 970
332 291 133
1352 24 682
2231 1692 894
552 1931 923
1916 2089 816
128 2197 462
2158 1967 208
888 184 404
710 1431 702
2415 1433 342
1467 1627 937
705 1159 305
1451 1632 232
849 2381 531
11 1957 616
1164 1514 839
1275 440 873
1390 238 809
970 2353 208
2454 1254 878
363 2345 291
1577 2182 443
2252 1102 679
882 2428 146
684 2367 39
1143 1852 947
270 1003 915
1819 958 449
727 1082 80
1167 341 679
2140 2248 385
64 197 887
2434 462 525
578 558 753
1342 1652 603
2336 980 365
1090 962 1
508 721 669
1124 143 36
513 779 184
1616 1497 873
768 1605 622
136 1885 242
661 842 357
1567 601 834
321 1271 547
298 361 824
426 593 746
60 886 596
842 102 738
2450 471 606
550 1061 567
1562 2381 511
77 2478 56
2259 2373 254
1902 1413 275
1351 479 425
1729 81 663
603 1205 940
1358 1327 26
1691 2064 297
1917 286 454
1292 369 435
1739 1693 156
836 600 627
1208 963 8
638 25 856
1869 2452 505
2156 615 864
82 1155 931
1322 1105 772
995 324 88
1924 122 169
214 50 833
1695 711 554
1008 2095 54
1510 363 624
1291 2293 243
1052 802 58
1321 2181 787
1754 487 283
849 262 634
440 537 193
1241 1753 952
2425 207 271
2188 629 256
1715 49 375
2390 586 916
2115 1692 733
356 116 772
2085 1310 795
441 2075 846
1160 423 803
1173 569 363
2428 198 221
2265 1112 404
362 2289 538
1867 1490 138
1505 803 905
281 2195 922
185 553 176
1138 822 577
1688 1050 381
2496 596 390
955 593 785
46 1491 274
1810 1749 214
2486 1842 552
1375 2300 926
157 2424 120
833 2046 372
180 630 126
2154 1700 226
431 942 971
472 2274 447
1086 1437 197
118 2188 638
407 1867 47
669 901 93
1282 1767 467
2316 2456 920
337 67 581
2180 1228 619
205 2367 401
152 1961 828
1740 2175 650
1732 610 805
253 2379 517
1751 82 799
78 799 213
421 1758 563
1734 376 501
2388 2184 724
2423 1407 493
1317 1137 489
974 89 304
720 715 270
2 2422 406
925 315 890
1164 522 990
1333 349 233
1452 2220 21
309 2130 128
533 1917 751
635 243 253
407 1530 225
2170 2166 124
2282 2211 377
1927 2456 887
431 1709 954
1232 546 94
893 980 282
456 1505 758
816 1876 975
504 309 105
2307 2458 765
1800 2148 319
526 1283 312
1214 1454 509
2045 2328 618
739 1878 766
1170 2485 243
361 2102 833
1215 504 293
2275 1120 74
787 489 98
1034 2499 685
2454 1913 200
2200 1886 451
1726 917 241
2366 1229 760
561 468 197
1038 2401 435
716 1631 694
1523 2128 764
1418 448 923
566 1831 679
73 22 858
2383 61 899
2255 752 760
2330 278 392
882 2046 748
449 736 572
1429 1901 319
1918 1311 858
1296 2272 110
2005 2156 608
1359 526 601
40 2342 881
1072 153 216
1276 542 835
211 2169 519
699 2305 682
1590 1577 657
197 1419 160
2020 1959 215
1256 1056 645
769 1736 412
138 167 821
1976 779 92
2146 2016 918
1094 1705 471
1090 103 398
1505 1264 520
1276 1622 530
342 1039 263
1148 2000 970
1020 1201 580
1345 936 284
1638 1242 752
2478 1595 712
2491 783 48
2461 952 861
1766 1666 866
340 2362 213
336 1271 989
1691 1316 785
833 1092 342
2296 28 156
1479 1025 311
203 1904 364
2036 2186 942
954 1905 233
164 245 584
1862 259 752
2259 1932 722
2345 1821 59
1218 360 215
2492 878 658
2057 705 376
1995 502 908
743 2399 287
1626 2328 432
716 1143 100
350 1517 744
1213 1057 331
1209 1614 825
2352 1236 861
1507 2005 31
399 27 495
583 291 378
1486 330 936
1626 1244 288
2002 146 482
2341 816 400
1961 1546 351
1409 308 843
1115 2020 352
1593 914 927
2108 562 634
2164 2479 882
753 2427 963
607 2305 957
512 277 166
2310 711 236
696 708 464
1196 2481 852
2072 356 876
2377 1172 310
736 2060 680
1779 2064 803
227 1795 432
206 1927 560
1200 2313 893
2060 375 848
2487 2237 459
149 2335 833
1988 1412 732
483 2446 324
836 309 947
1325 1012 399
243 566 145
193 795 291
68 414 350
1753 2496 246
1454 494 813
710 999 470
1669 2198 502
827 419 667
1030 458 931
2295 2024 919
33 2295 903
1404 1660 237
616 750 666
631 364 281
2442 2463 749
1742 1205 632
198 2142 197
422 1086 593
90 1226 353
202 1092 350
2250 1062 502
1617 1414 966
1163 815 130
1058 1131 188
712 642 737
90 2479 840
2265 2284 193
2475 965 749
702 2168 260
1395 1266 151
1924 14 365
62 769 310
423 2239 268
137 2020 19
181 1289 542
2322 667 207
929 450 642
448 1560 196
988 1401 278
1047 559 401
236 1168 940
1594 142 182
1107 1667 9
1554 514 633
2332 160 704
1758 232 923
1031 1395 718
666 2251 401
183 3 522
419 1063 380
2341 866 78
2186 289 110
1473 1828 734
842 1578 837
318 1200 578
1617 2369 691
2428 2416 249
2433 423 13
346 1700 570
1356 816 905
1007 2471 938
1133 2090 263
2278 680 328
1565 2402 288
1552 2008 149
543 159 776
2184 193 579
770 134 726
626 23 816
1071 589 437
2096 751 40
1864 1415 929
1090 22 646
2497 2493 784
499 646 700
1870 1495 331
1106 729 776
1998 1082 223
856 1513 325
615 696 699
1447 696 267
944 1034 465
344 404 799
2019 1447 467
2055 1187 68
2030 1486 822
2130 842 858
2344 1622 443
1447 725 696
1547 540 306
835 56 650
2064 434 24
1048 1343 663
1489 921 142
856 522 375
1312 850 505
974 1743 641
854 750 500
233 1820 371
351 1783 279
1018 53 136
2219 2344 165
464 1368 714
79 452 751
1576 852 445
585 1868 232
0 2191 188
890 922 399
1336 2246 54
1781 210 425
1647 254 223
2085 249 713
1794 76 308
2272 1565 643
1955 612 128
1364 406 80
1802 1962 739
2297 4 484
1992 1222 232
898 2373 630
1392 1992 850
47 2395 588
1388 1834 948
1087 752 159
740 96 354
2047 1805 786
548 2345 78
664 975 156
2237 2126 146
810 2095 636
1070 1995 552
726 1567 23
543 203 49
699 482 544
1563 1941 231
1256 809 767
342 31 429
2005 1907 707
799 1828 452
2399 403 807
1401 987 991
1612 903 797
206 397 822
2068 1821 993
1532 1294 73
2151 1527 359
79 1038 588
1677 658 842
2274 1427 959
2150 1038 451
1892 1611 72
936 835 433
2178 1773 435
1950 405 31
508 1265 549
1730 163 577
1771 1047 325
1298 1040 430
1604 263 961
464 2077 511
889 1351 814
824 78 699
1317 1939 951
2440 1774 601
2139 1582 429
693 1015 962
1079 2078 380
763 978 741
1112 1673 602
1889 899 701
851 176 641
2046 454 250
1538 660 479
1068 2487 880
580 2395 496
1887 1477 406
1752 2404 198
1238 2341 689
2016 509 160
1099 1820 68
1513 1483 478
367 308 232
1230 506 524
474 628 320
18 188 463
1123 2405 839
827 1280 9
351 1085 754
1634 2324 172
2256 1590 398
1542 2463 869
154 2077 973
1737 565 871
1815 1633 926
1190 34 451
2120 1105 841
1238 74 632
1899 1959 879
2287 2382 763
1043 1469 156
541 344 239
1442 871 745
2401 1098 143
1114 1383 961
2209 1028 633
895 1404 868
1684 747 17
199 664 147
1864 2025 615
2285 2113 140
1601 1191 888
1892 2066 2
1317 638 257
2326 672 117
1722 650 434
444 1035 655
2455 1109 114
1351 968 815
678 481 468
736 1944 703
988 667 604
1196 2417 510
1592 863 549
2311 2383 705
62 1804 579
999 854 65
902 1085 489
554 2058 332
1578 1390 583
1995 1645 924
259 245 642
1332 1555 754
2134 123 418
115 203 420
2212 275 402
1439 762 802
353 1524 522
2410 1519 551
1508 2321 763
760 939 46
1666 1050 88
2070 817 629
1650 1714 632
462 1713 657
1477 115 102
725 1804 776
2477 2435 581
1745 1196 946
1867 1393 744
1109 1049 300
1649 74 442
988 558 755
721 2487 656
285 1239 202
1100 2431 277
82 266 680
32 921 733
1397 1644 79
844 2332 246
1078 1590 998
2085 1019 485
1903 1222 692
1678 1216 292
2332 191 753
2251 2398 54
2197 1531 281
929 1892 869
1329 1478 584
1118 1799 757
2085 1860 492
514 1886 892
969 1713 969
178 2077 294
327 2125 512
344 567 8
2446 315 659
706 1880 191
1757 1303 658
1634 676 450
1728 460 973
1366 380 862
2348 928 636
264 2377 908
112 89 882
2309 1156 845
1614 2 858
851 2013 29
238 2137 148
2458 1615 33
436 1720 358
2159 1523 214
1174 1257 131
2117 1946 301
2298 1110 427
2230 801 562
647 2313 289
2445 1390 840
2228 1329 225
1819 1068 53
561 471 753
1247 1494 396
1154 2266 1
70 1474 904
1423 956 811
628 178 613
1151 2071 600
1883 1518 870
1539 2338 804
1377 156 331
503 648 320
2470 1478 135
1131 1351 720
566 348 717
2389 1058 378
2147 948 951
2075 1144 786
616 446 899
2367 1590 15
40 690 298
1584 1471 571
1209 1117 502
2217 845 629
689 1178 998
1068 1315 694
1739 524 639
2293 1748 775
419 1478 525
1815 1833 485
1696 185 443
2061 728 757
753 393 293
546 2480 261
1477 390 751
1367 1947 986
1567 2268 142
904 1973 981
1790 2387 965
877 137 11
764 497 512
49 2350 29
574 2014 482
2110 1938 189
1912 153 695
1920 1278 921
468 603 490
2220 789 935
203 2050 668
954 2079 885
637 1380 210
1477 731 806
1666 2215 945
2392 407 843
1533 849 344
139 2395 679
1060 476 817
2313 1755 208
1702 1713 570
266 1797 871
1080 2490 113
1892 2214 518
148 1132 89
190 1493 422
938 1619 231
62 1679 554
196 965 642
653 82 890
1519 2080 789
929 2051 30
198 0 72
494 2449 359
1323 1244 435
1865 358 138
442 1550 832
257 405 843
655 1081 495
1216 2428 428
1320 1621 889
1890 2024 112
2056 835 825
1004 2441 295
684 831 999
2303 1512 98
2015 388 199
277 934 832
1598 1115 468
658 692 920
2 2251 145
1710 1914 964
153 1826 778
1679 2277 55
1420 1785 59
1013 645 310
1752 1012 193
695 2061 673
470 878 590
1751 1359 853
810 2126 560
1336 536 540
1062 1230 121
1414 1850 546
787 1801 75
339 638 831
1960 2031 337
2205 1591 736
628 1294 617
829 1397 368
1883 187 258
2126 1427 245
1378 998 367
22 1836 152
1866 2098 809
515 1554 157
1041 2490 254
1636 2309 927
166 1514 832
1776 1319 862
180 938 989
571 36 115
1809 2096 972
945 2040 798
2162 166 99
1254 1493 131
1172 76 535
2295 886 834
1095 1557 964
681 176 162
1061 793 790
970 1556 152
2416 806 47
342 564 78
767 1054 742
1342 110 605
1178 1139 113
2323 1273 792
1283 2149 951
1375 560 145
809 1253 321
754 931 390
165 1813 773
199 2009 31
983 1122 72
133 437 588
861 72 496
2301 1882 505
1127 965 259
1181 1186 345
2256 1980 199
1132 56 136
1699 144 327
932 2116 453
2015 203 790
1544 1748 171
1015 2181 273
184 95 527
1075 305 984
1546 969 869
363 1887 616
355 2326 68
474 2461 939
63 227 497
1873 1737 761
2350 1045 931
426 909 607
1637 426 746
2352 1832 15
1822 590 878
840 1831 626
589 418 540
2401 1797 243
2160 1646 787
1032 1541 212
542 1884 655
797 1389 318
1454 2234 879
73 1998 578
1780 2154 146
1491 162 737
1458 2392 540
307 2330 145
1122 1032 692
500 2348 199
2263 768 721
1762 1136 609
1257 1302 950
2388 769 519
492 2401 95
521 591 883
993 2205 477
2047 1134 241
1170 1626 899
1127 374 929
782 235 284
1866 1210 963
2167 1621 799
372 2106 465
2476 2196 567
1698 1377 600
268 176 211
2131 1889 133
97 1852 578
1488 894 557
482 2394 889
1641 1027 946
1620 1134 377
1982 2400 240
273 1440 630
2177 1505 491
1047 870 513
464 878 694
1102 1233 939
2143 1157 57
313 1142 828
1477 1094 384
2452 2464 539
520 2002 514
2 859 683
1726 1199 43
1572 18 799
1795 1179 212
408 1200 556
1532 579 714
1600 365 69
451 1704 796
1267 1349 995
1387 829 537
362 667 190
2176 1701 959
1787 459 526
2034 1179 344
1825 992 894
1968 1583 988
242 1202 89
2085 809 41
798 1675 894
1299 1153 332
1348 88 376
2085 1049 967
654 687 4
1355 1396 807
2421 309 652
1795 527 981
2163 995 476
523 2243 381
1138 152 237
692 958 279
126 2387 808
850 2406 422
810 1718 462
1045 1702 527
102 1114 507
2045 2255 742
208 541 415
1372 156 815
43 1734 995
1681 2051 521
967 1288 788
724 171 72
815 176 484
1906 178 94
2041 854 243
2082 1040 420
234 305 905
1706 1285 67
431 1969 428
2380 1634 69
1346 1873 884
115 1393 806
607 618 970
1106 1989 457
469 2382 830
2177 1 115
984 2479 126
2148 921 561
663 733 890
1955 1454 815
1696 492 611
2124 1388 983
1337 1978 564
172 1856 24
2288 335 980
1781 775 633
383 722 671
165 686 966
469 327 706
2209 1850 541
1370 2242 43
1410 1902 162
2488 429 210
1500 252 369
789 1086 197
59 2022 826
1270 570 196
197 686 967
1090 944 392
363 1942 846
310 1816 119
2255 1996 435
75 1116 945
880 1126 371
200 1292 577
1189 1949 962
2143 2054 736
1720 870 178
2239 768 99
522 1084 392
255 1667 841
1883 2358 491
2096 1200 369
841 2272 764
2453 1936 826
1122 1044 107
154 1919 639
2137 901 763
2235 456 943
805 932 24
234 879 736
1318 902 335
730 941 521
191 834 901
1927 226 897
1091 367 75
1701 819 605
527 1332 254
1100 1904 659
495 1279 405
646 633 448
2085 895 218
850 2432 231
460 987 680
748 605 295
222 893 272
436 2386 914
746 11 324
1283 1323 437
1317 1368 176
938 426 999
858 1782 164
2287 1213 357
704 573 487
2358 2402 852
679 890 59
826 2435 79
1220 2137 189
1751 1709 398
606 2221 18
1681 830 735
1597 2398 271
2052 1690 558
1442 990 233
673 1095 920
182 1555 709
1128 834 222
2427 2220 193
188 1386 88
1112 2292 591
1296 1070 645
153 2085 203
1728 736 253
1081 512 778
1446 1644 622
2211 1732 736
1999 506 460
1718 1881 296
1247 2171 288
2338 1164 574
1710 1788 649
382 758 873
1385 1910 887
1484 622 202
1866 332 90
2102 97 380
2149 2183 872
1243 1742 551
2001 1084 686
713 37 394
1810 1990 306
543 2290 10
1703 2238 588
748 535 904
2082 1554 657
583 1291 616
2213 1367 629
1796 2224 574
920 2230 620
126 2220 199
1755 1743 370
788 423 137
1061 573 494
1389 1922 277
442 2380 298
1107 1545 969
1248 1428 338
1570 2119 640
202 1321 571
899 142 209
948 2325 881
391 2493 505
1074 1786 857
216 1443 33
584 2054 982
323 2374 574
2025 1090 669
1676 926 489
1345 759 209
231 2352 436
513 818 532
347 2106 124
1405 2065 305
178 174 439
2251 2190 200
158 947 814
229 688 370
1045 1158 944
558 2486 716
2309 1859 764
1077 2456 111
61 2083 104
69 646 295
719 2128 976
1576 65 754
37 356 198
600 1250 51
727 733 813
135 469 519
379 1559 273
1854 165 240
537 1824 389
259 963 71
995 2304 395
1729 1689 297
1639 2190 724
1386 2353 432
2281 1758 764
104 989 800
314 1690 384
1479 1826 635
1569 1208 471
1823 319 357
2304 2109 745
1915 1594 790
356 885 901
1150 393 736
2212 894 559
232 2340 200
586 2077 859
1738 1947 591
1453 1918 236
2285 2064 852
2219 1252 762
41 2191 683
2304 2399 383
964 1042 13
1624 1993 34
1356 1645 981
2113 2313 505
1915 1334 752
1866 193 490
919 2318 270
861 351 208
2337 740 991
101 1495 112
1574 2352 964
1654 1828 911
1725 476 778
1643 1667 208
1215 740 64
433 1835 862
1991 1016 289
620 2290 500
337 1332 19
874 1065 755
504 1282 245
2192 320 736
407 2048 848
665 1297 613
192 1514 790
1764 1442 335
2159 675 917
659 1590 24
1302 1613 229
1785 1200 639
1350 1730 75
879 2092 602
1718 2047 778
62 851 701
1508 1174 724
2377 329 474
948 1719 648
1673 1136 654
268 397 995
455 436 655
566 1545 997
25 1292 706
1378 552 671
1043 445 580
1140 382 935
1460 189 574
1630 974 569
1756 28 535
888 580 64
1760 2398 710
2421 1352 533
1823 628 216
816 853 355
2036 2203 588
708 1497 453
2046 1343 572
552 562 31
797 559 72
184 834 400
25 1147 598
834 1331 992
207 1822 853
365 2304 665
1233 120 631
2441 1974 846
2091 941 484
2119 453 979
943 2145 10
373 385 158
1114 45 449
799 1084 394
941 2278 526
1545 2031 845
1655 1553 1000
2408 197 829
1185 1549 473
1299 531 59
434 907 130
1008 446 943
1443 1093 350
950 1924 452
665 552 425
291 900 5
1776 264 723
2474 2413 475
1 1561 356
1723 438 505
2425 2040 105
17 332 960
979 1974 753
2202 2151 652
1502 680 897
1047 1727 921
908 659 894
1138 911 74
741 1566 128
1847 2390 237
1623 1922 179
2365 938 127
1951 1817 543
1548 2364 915
1521 1167 238
1194 2193 543
1945 506 457
1859 404 546
1232 1916 755
1480 602 691
1199 1655 681
2462 2388 115
1793 1541 392
1234 449 431
2279 2087 384
1287 1326 49
1327 1136 90
357 1788 295
1430 1018 632
1544 905 769
70 946 326
2289 2225 193
2001 2169 496
1427 1015 957
277 1565 630
115 1819 462
1085 99 997
667 1568 178
321 154 319
616 2189 546
1004 718 577
384 182 98
658 572 109
675 468 867
200 2164 539
1768 2023 349
744 303 915
1106 931 438
39 63 395
371 1969 929
818 683 681
1190 1488 556
1895 1780 496
2382 2013 305
827 2472 803
2204 408 435
3 1893 912
452 2164 466
83 187 564
2385 708 600
1267 170 483
609 342 577
2404 2243 516
866 536 762
2212 345 941
360 185 961
903 570 892
1833 1630 842
1492 1722 446
1400 54 209
2210 1388 500
2117 2129 390
2305 2321 280
2169 1603 235
25 1574 654
1712 1739 876
368 2035 812
293 2442 159
1204 1828 354
594 201 611
670 2297 41
2209 442 414
235 1141 542
395 1926 845
159 288 963
405 1616 339
2 364 273
1722 1572 464
1000 2259 923
2347 856 13
312 1519 19
874 2259 196
1728 583 321
1701 1942 152
1419 1220 324
1269 554 934
1614 964 731
1203 1396 530
654 1436 62
1220 243 195
1533 897 929
180 1766 721
1574 1053 25
1863 556 960
1036 241 999
2229 1018 658
823 2164 354
416 453 837
1929 1402 341
975 1830 381
2012 1939 80
2168 1650 658
1374 444 190
1187 555 477
718 1353 389
1430 1417 433
2252 1419 732
1108 2039 853
586 804 460
996 516 466
1833 261 333
1252 867 316
1445 1665 556
1032 1761 590
2024 1899 973
2496 2096 993
1875 1852 680
704 1935 971
31 1870 191
1546 2354 794
192 2374 145
838 1059 781
369 1718 320
2110 1543 399
1642 103 698
751 1144 309
1426 916 570
1569 309 412
412 2117 583
944 1312 379
1745 1573 498
1834 1990 828
1810 1980 706
2398 459 911
264 1996 992
1738 508 585
1595 125 682
283 1269 149
935 1933 385
1983 1338 833
2260 1301 33
1129 1168 30
83 448 346
2470 1250 180
1760 1206 714
88 1156 963
1445 2152 762
230 265 776
943 764 149
2401 1596 675
2072 700 964
941 1141 134
1367 1974 488
1329 298 189
1776 348 889
409 254 518
1385 453 18
456 198 250
1990 1302 39
1597 1233 717
1476 423 86
2458 2221 314
1202 1144 200
1774 2350 815
1699 158 746
933 673 486
1615 1742 456
1673 172 752
1266 404 866
394 810 940
194 729 700
858 108 445
784 462 733
1234 1028 158
2233 1319 93
762 2423 328
1624 2280 946
1837 222 350
2418 1111 942
1511 2332 938
2467 2179 247
1505 851 92
1221 1597 776
289 790 641
1673 7 335
2352 684 991
1326 618 351
179 1438 882
793 1985 543
1196 267 729
141 1805 751
760 726 736
1167 1 341
1917 2479 204
1021 2474 105
2155 431 914
2343 361 821
2121 1533 659
304 1969 589
713 89 260
1864 1565 312
1576 995 259
34 844 579
817 217 796
750 1792 50
2131 1928 672
767 2226 138
1960 2239 974
1066 864 151
383 1500 947
1063 1871 500
2148 230 738
1261 286 346
283 418 96
1737 1013 172
38 1993 705
1232 721 635
1388 872 222
2231 1625 142
1251 1136 663
440 1259 556
105 14 752
2462 1431 409
955 1732 666
2381 867 999
1610 1267 296
1970 1532 635
174 1520 402
941 178 567
1198 145 674
2066 434 9
669 1214 82
1327 2046 664
392 2237 190
2179 2254 729
1205 1754 515
445 1910 605
1056 116 774
2 630 319
1682 710 328
168 303 357
1707 733 104
651 1874 449
39 1618 572
407 20 506
1125 96 269
1744 769 335
1111 94 976
2136 2200 295
2343 686 103
1471 2185 770
1009 1703 617
782 1356 268
1680 691 241
2197 1144 703
2493 559 447
1671 733 217
2350 1685 528
1889 2394 905
1409 1142 562
1650 1425 819
1531 635 231
309 1435 897
247 2014 453
1125 1390 71
1066 1259 368
1296 1519 299
1332 958 972
2338 889 546
1828 1697 710
1533 1254 262
19 351 51
268 139 225
979 402 950
1407 2382 671
585 1980 876
822 1206 427
341 648 478
1014 603 291
1001 965 699
1251 911 344
1203 211 709
2214 1753 919
1500 495 741
544 832 445
2153 2106 874
2203 1202 94
730 1311 443
2119 1959 598
1618 1432 504
2478 1183 663
2165 2344 150
2345 5 751
281 1666 646
766 2158 136
1827 910 211
165 1165 648
759 2302 645
1271 2030 275
67 962 205
1693 252 108
8 633 178
1124 394 76
1545 1544 475
885 1206 990
413 131 499
308 828 659
1638 2389 39
1193 579 848
1644 497 390
552 1637 237
1031 1774 54
934 1712 185
1763 1579 997
576 2058 634
574 2209 118
438 1186 497
1592 191 317
2407 571 474
1128 1311 506
1375 1885 666
2350 2489 493
2189 77 145
1514 2462 418
2412 1058 94
856 979 859
2032 26 131
1810 323 454
779 1571 944
702 798 730
643 2452 478
627 1752 242
1749 872 921
680 2110 728
952 1054 476
2252 1952 467
1510 1418 177
1097 795 251
1276 2232 626
434 1776 32
177 1684 959
914 1492 587
1262 2231 688
1694 1376 932
1106 334 814
1036 558 778
2320 1881 773
1490 68 505
1108 535 949
828 1975 144
846 1574 726
2448 1437 543
1534 867 138
2020 880 139
233 414 283
1576 853 187
1056 2218 963
1488 1540 3
1040 324 62
2436 1191 915
1971 1584 226
2315 119 683
1871 765 25
2394 2207 125
71 748 748
1760 1771 74
1401 1067 731
2429 626 536
1225 329 621
2325 2395 154
584 169 871
478 1966 459
1806 1044 898
1507 1342 600
971 1435 385
1861 805 139
49 1941 76
149 2059 809
864 1804 862
1224 133 697
665 590 485
1978 392 221
1299 2107 175
1837 755 472
2088 249 538
2242 1660 317
1160 1743 946
1024 1177 475
96 798 956
1420 322 760
1101 1515 573
1312 939 246
1905 2292 67
2091 2072 35
2345 1093 327
2001 2493 532
2274 797 808
876 1592 342
1861 76 989
1984 764 350
2022 125 279
1403 1775 314
2444 1077 750
736 2290 29
1875 2132 31
1670 988 72
1891 1403 604
1197 1491 373
149 817 230
118 1723 605
550 967 600
692 2362 41
1118 252 605
550 1708 522
447 2079 520
1016 463 543
1409 1279 964
7 1618 664
1208 2344 360
1744 1664 945
786 1676 659
1049 786 103
1439 1643 787
1598 279 178
1102 1599 270
232 1285 358
1303 396 564
85 2394 306
368 1671 187
551 2450 231
1418 2081 533
2332 2272 369
1103 388 626
606 126 346
748 398 139
2493 1480 497
1525 1964 200
2296 1737 681
2378 1647 236
1521 2160 583
869 918 561
947 1830 539
83 1292 487
1702 670 680
1407 1156 569
1960 1830 370
144 1053 663
1588 571 776
1170 313 446
2071 2402 935
2071 1832 275
2249 2312 894
863 376 437
824 1303 4
315 2432 572
639 1367 437
1224 641 279
1584 228 218
598 1185 452
2096 950 124
2322 1085 983
1682 2171 400
2260 2383 664
1877 1179 133
950 517 378
1707 1413 236
260 1125 203
1830 1721 515
116 159 218
225 56 174
889 697 854
2114 1030 213
1262 2352 240
1825 1195 311
2251 1941 519
494 211 335
555 371 949
503 1178 624
1441 937 478
298 24 641
2334 576 92
1599 211 278
2375 1189 174
1540 2353 960
18 693 166
2410 2417 44
913 207 374
2031 818 281
2077 14 875
1463 79 568
630 1273 780
1144 870 372
1055 1643 33
725 617 191
2362 1641 154
1500 129 605
653 227 804
364 1191 444
1252 125 64
1237 716 119
627 145 521
1553 163 283
2068 155 782
1063 1486 410
2422 1835 103
1739 1283 996
2175 1871 813
1656 1701 132
875 124 820
313 2096 10
139 208 609
1321 1582 76
640 538 233
854 2270 579
145 1217 485
451 594 18
1400 1996 59
1662 1804 121
2171 1067 235
2209 2446 803
1284 2306 517
1811 1627 191
1063 1228 126
91 2166 328
1193 38 190
1936 2411 447
900 1631 438
1341 718 695
1166 1648 763
171 814 215
887 308 560
1123 714 66
1319 1016 521
1767 286 348
1050 2360 448
2313 2037 75
622 2315 699
373 1506 822
977 1062 19
2072 1620 202
1490 1364 212
1064 1372 859
48 1084 85
263 337 710
754 2172 721
744 271 527
25 1133 940
1572 95 416
401 1801 382
606 2124 769
1107 588 208
678 1818 502
1641 53 865
578 1811 456
2125 2306 816
1835 1096 323
1197 674 704
1562 349 788
843 1561 681
2387 1178 605
2024 631 523
824 1212 425
2311 1592 61
657 10 103
1267 1653 718
761 1111 701
1047 988 855
2404 1369 981
1335 424 175
443 2295 114
609 2333 247
1394 1737 542
1301 90 80
1205 2191 871
1756 2095 838
312 2073 347
107 1358 161
2153 1873 249
255 1528 999
1437 1861 375
1357 1670 211
1772 1166 142
1889 2370 192
777 1557 856
1892 1887 596
63 1516 594
1224 1758 348
931 1451 434
766 462 284
737 1995 281
1158 1900 407
1119 697 179
427 2496 881
1889 1861 701
1018 1698 85
2477 592 202
1549 1866 860
205 4 42
1776 1420 463
411 1067 25
896 2155 976
1258 603 540
1601 2050 12
46 1688 82
1324 1243 467
399 2212 121
1666 2445 400
729 2274 607
2019 2425 884
1702 1345 762
1503 2464 835
1092 367 530
1535 1302 488
1410 2380 925
736 1110 160
1922 689 387
1734 2220 562
1726 286 694
556 1117 8
158 1872 936
157 1079 141
727 473 860
54 1799 635
2400 235 375
2408 510 777
1852 2235 7
2046 1354 212
2029 1173 559
707 2143 863
2156 2071 703
832 1939 174
2374 590 806
745 954 785
2365 1081 839
2032 1203 286
716 60 772
730 2250 674
1992 470 255
746 1360 446
174 1403 117
1347 1195 438
1718 2314 761
1877 1139 379
1631 1549 109
943 319 752
180 1768 787
1556 2427 812
627 2220 156
981 65 670
172 2492 995
1789 1983 767
2290 193 801
1138 1652 825
2092 131 544
1150 1938 714
2315 1123 315
2093 2043 381
864 1543 868
793 1208 788
2239 8 19
1813 1559 779
225 242 904
171 649 438
482 120 486
1474 1750 223
1129 838 79
302 181 449
621 1033 687
1857 1428 554
426 1351 108
1445 394 628
1362 18 747
757 2297 188
2341 1141 56
1829 102 282
1760 0 324
2335 217 478
1792 1097 690
1998 662 23
974 255 215
1283 36 572
148 1039 715
2274 808 198
1182 90 961
185 669 43
182 1606 353
2162 558 952
