3100 4812
2571 527 223
2770 2151 12
2761 1334 217
2365 888 650
2442 785 34
2024 2650 725
50 567 739
1644 942 956
1286 1015 52
1049 218 164
1190 1073 420
411 2798 981
2079 973 573
2978 1805 353
2997 251 52
428 2754 850
2858 1592 693
1435 441 830
476 1978 115
486 2226 274
2486 863 327
614 1692 575
2680 432 97
444 1133 569
2210 2686 672
313 1262 251
2990 2160 234
358 2778 118
10 2048 246
643 133 870
314 1691 990
2703 3079 689
1089 359 805
239 1658 66
2084 2963 270
1953 1529 52
475 2542 267
2153 1721 745
2672 615 618
2290 2003 78
152 2495 251
1966 448 809
402 2434 591
2671 2136 222
1289 1854 223
1483 873 115
293 345 566
1360 296 10
1844 515 86
1730 964 521
933 1297 592
1866 698 701
2083 1100 126
2805 940 843
2595 2590 389
1505 1661 30
406 2580 852
335 2186 205
1157 2224 922
967 1670 619
1949 2181 111
1441 2812 744
2732 2131 579
253 1681 937
2934 983 20
2330 2308 450
2462 2048 734
5 2020 174
1588 1338 683
1452 1857 124
538 1695 78
1752 1736 854
2569 521 366
516 2984 927
1563 463 89
1443 752 758
1761 330 578
721 21 819
1292 1359 169
1370 2957 176
259 2148 351
64 2708 868
2754 2947 86
1809 1840 252
1210 2239 98
987 2698 363
1543 1875 636
2096 2994 192
2038 2134 387
676 2397 718
2135 2409 592
461 1845 60
2302 2126 833
1025 1524 740
2967 3012 53
2788 2293 340
1601 2887 201
2015 2582 712
2510 2494 309
1542 614 475
773 2462 606
1389 501 880
1016 723 995
259 985 376
2603 1634 331
543 2454 274
1769 3092 861
415 2510 416
825 3072 212
1455 60 435
2794 1139 687
2181 1093 656
966 306 292
111 866 661
115 820 705
504 2382 261
1868 1731 111
269 1403 59
1218 937 882
1293 1026 434
817 345 832
2508 625 235
2445 2204 142
2249 2952 117
1908 2035 134
2153 486 495
2406 1903 986
2140 2829 503
303 2439 920
2075 2318 473
276 2065 896
1953 2811 951
2009 881 896
2895 1102 474
1270 427 317
1058 2751 417
2602 2171 476
203 2530 471
625 1036 736
2355 1910 800
3000 2236 464
66 2047 72
1486 2151 477
322 797 269
1858 2798 120
750 24 821
109 1720 871
2813 1077 459
1563 744 114
1482 439 519
2650 390 939
2393 2449 641
688 2118 792
388 1516 951
1694 2036 48
2036 2799 227
402 2481 172
1106 429 373
1419 2603 389
2714 207 470
2371 2519 837
1660 2881 216
1664 1048 891
464 811 814
1770 1439 222
1306 2452 495
1415 999 56
86 709 245
2319 2110 878
2449 648 41
457 940 333
127 639 962
2941 663 723
2601 2805 414
1889 2802 711
787 184 948
1206 1040 232
2937 531 618
495 1894 58
2441 2912 530
2252 1282 254
1803 1013 434
2852 1689 531
1899 2509 153
1654 323 727
2590 2136 246
349 90 619
2548 2850 353
1742 1416 846
2015 1381 450
464 995 993
2497 2918 372
1046 2862 195
2564 3020 498
1275 152 689
1580 2322 108
2351 3053 803
1708 2537 561
2077 2328 729
1033 611 72
1805 484 237
2331 2900 245
2639 1107 737
314 2726 867
3022 1928 896
2237 1523 737
112 147 73
2067 1490 737
2771 2573 480
1384 1240 767
2577 1830 134
552 705 110
1984 1007 431
1812 2046 570
1196 2482 286
2404 340 605
2852 1905 793
1848 1147 981
469 1278 915
1070 2105 507
1319 2966 265
542 564 642
2302 365 620
1414 2118 566
952 3082 703
2886 2401 154
1180 3049 166
805 2791 805
312 1794 436
899 384 29
2698 620 194
2866 2466 421
1445 1269 45
1035 2258 622
1919 410 567
538 831 397
1750 1423 123
550 1064 157
2232 129 520
2987 159 791
2540 2335 748
1716 1669 401
164 558 1000
2682 22 932
1437 2164 50
532 1629 41
833 285 552
1499 2341 74
365 1899 537
201 487 127
823 1196 635
2898 207 733
1141 2946 775
2351 1923 81
2981 1736 273
2395 2124 152
648 1065 230
882 2782 796
1947 3002 367
1898 3011 782
1533 323 283
1340 1939 559
1803 2917 240
2438 152 833
203 725 937
2816 590 608
1768 1489 332
2309 922 382
2321 1133 552
1608 701 566
1008 1097 670
1742 440 779
1190 2562 135
2783 2064 115
551 2132 931
1334 3052 766
2693 787 33
2004 1967 829
1312 2187 414
428 309 940
2230 335 389
633 1934 153
3065 2995 192
348 2333 659
292 641 982
2700 1080 227
2464 1977 620
2763 2390 869
2719 1837 137
1052 1685 493
601 2044 352
1645 150 569
1250 2219 302
2070 202 947
1167 2890 919
2615 664 247
2354 1715 630
2466 3085 176
2997 1680 604
557 1058 345
2363 1801 427
2322 1994 224
599 1204 96
13 2768 112
1052 284 742
2019 1479 290
1054 1797 820
974 651 698
970 127 859
1644 1607 656
2673 362 474
2280 502 758
1810 1372 703
292 214 982
170 1875 933
2320 203 458
1111 2877 145
966 2671 524
1937 2078 385
1792 315 138
2652 1092 127
1176 984 144
1184 1722 660
177 239 692
891 1147 488
678 866 412
1532 2375 331
2441 2987 501
1899 1285 40
2241 1773 769
1821 2978 642
216 1140 978
711 2020 593
2121 2106 854
556 2999 355
391 1275 340
2067 2676 357
2543 300 249
553 2876 118
2905 2770 659
1814 1313 145
631 2502 695
1848 1340 897
2018 1662 557
2798 1458 380
2142 1110 226
2543 1554 903
685 376 908
2944 1714 565
2884 1640 791
2202 393 403
862 2704 882
2927 1175 602
1298 1789 282
2258 1822 48
397 1216 594
244 1473 646
2472 1267 152
1284 2384 457
1111 598 612
89 65 339
1766 2819 320
1701 488 786
2407 3024 45
767 729 294
2736 1210 158
160 360 505
744 1410 481
1950 2990 40
1843 674 876
629 3042 790
2654 730 181
135 864 616
2190 95 398
541 2364 567
1151 1213 141
1365 2072 615
2235 2950 290
10 398 569
2677 774 95
2474 158 533
1244 1193 922
2156 2301 368
2301 3099 922
973 342 896
2075 1074 326
1263 1485 79
1907 1287 871
1737 1784 34
343 680 50
1076 2986 491
497 2722 651
2741 329 194
1843 2551 928
2487 1253 593
74 2466 246
106 1489 700
296 1533 250
99 125 375
2321 1404 947
2486 725 835
1639 2020 72
581 1959 560
2879 2912 468
2363 1352 269
2849 751 337
1203 2794 393
786 1009 113
2336 195 814
2780 1997 633
785 1124 456
3030 3075 38
2221 1168 437
1871 1793 903
1454 330 291
1694 2859 22
170 1293 259
2038 1226 25
333 2058 638
801 2877 968
2282 1429 242
3076 3010 541
8 2276 470
1764 1531 164
122 2179 891
842 61 605
178 870 147
945 2098 681
2300 2447 145
2797 843 40
1688 1025 74
2613 993 631
2375 2083 393
2699 1768 128
2577 2106 703
1626 2401 93
2144 1134 147
1627 1617 988
155 30 545
2827 1200 910
2919 2256 875
2876 2733 964
3 1899 375
2758 2296 605
769 205 377
2277 1062 443
154 1708 360
2633 1480 858
1917 76 823
59 740 13
258 2199 296
2236 434 767
1439 35 938
358 1220 455
1011 1173 454
647 459 708
912 2892 40
1001 2946 924
2450 2939 59
284 2063 107
1653 647 304
2734 2321 178
2609 2168 76
1793 1829 817
524 2602 247
80 1456 480
1274 3080 360
384 2452 546
1148 1322 495
165 2866 467
685 764 788
907 1541 312
1213 413 811
2591 1221 998
1593 1316 451
611 1948 936
1562 2095 582
2409 1932 387
1550 1679 867
1240 2442 65
159 515 626
2706 950 897
2197 2853 602
897 17 298
1352 1439 28
927 2874 594
2542 1335 648
2678 2084 422
361 541 229
1998 2464 856
1892 447 701
279 2386 495
2545 1462 101
689 323 541
308 3 139
2212 2209 261
289 679 401
2508 578 549
2387 2469 38
2877 1903 881
1190 186 108
2235 2962 858
653 2141 279
2265 1456 794
10 1107 865
2253 325 387
1550 1435 335
62 121 571
1328 194 279
1792 1652 209
2691 2035 768
394 798 840
1311 818 598
2699 87 390
307 340 336
3066 1108 443
2246 187 926
2377 3098 243
358 1469 134
814 37 519
2175 2812 744
1445 2789 206
147 2983 662
2253 2371 89
233 183 733
1895 80 285
338 2140 153
3042 2976 686
2403 2738 643
2649 2869 675
2872 2660 709
1537 2100 685
1930 540 302
1092 1728 493
2122 2916 324
1998 1242 825
387 554 891
746 1169 568
22 1059 624
2707 145 387
2275 333 832
1138 2645 474
377 2317 19
3012 907 450
2362 1388 624
1730 2386 410
2003 2751 573
3096 725 304
3087 2458 459
2996 969 934
620 163 142
1959 1950 171
2790 2914 627
1132 2179 9
1231 2187 306
952 554 525
2679 790 114
2767 3053 542
1358 2101 756
156 2762 673
1010 1319 752
2510 97 421
1109 1474 27
2388 2837 666
1119 2556 953
1085 2884 231
1698 3012 209
2869 850 1
884 50 947
1366 1533 184
429 1365 170
2402 433 162
1756 2048 629
646 912 314
1551 1132 8
1888 1298 4
2456 2535 804
1004 1021 857
2981 1535 661
2755 1289 916
2132 1813 720
1122 2310 911
1687 1326 274
1387 2744 790
479 2138 636
1724 1231 117
3057 1686 388
2074 102 223
2216 2560 338
883 1193 636
2454 1637 766
797 2132 33
1325 510 373
2131 1406 511
1799 75 777
2454 2198 164
2299 2309 634
2638 523 582
2887 2135 920
1938 152 69
2972 1383 622
18 441 264
2296 1873 184
2139 1705 438
721 2824 771
561 2649 220
1463 147 780
290 1369 370
659 1681 710
215 3031 582
2109 2307 525
1130 1487 28
2413 1443 544
1360 26 618
618 1448 680
2140 65 283
653 1446 365
2030 1418 679
1415 2765 481
2089 1976 251
748 1153 721
191 2129 827
1788 288 973
1370 2321 747
1325 2007 22
1124 851 133
2257 1902 701
375 2917 623
2461 1615 227
2834 317 820
2969 2220 295
2 545 90
1464 2581 744
732 553 491
826 466 534
1762 1521 594
1823 2024 677
2734 1743 46
427 544 449
2308 2238 576
1422 2120 217
233 2120 237
140 2772 712
1899 1125 530
1719 1757 351
1089 692 939
416 959 314
1686 1652 535
785 1401 266
2389 2854 931
1583 708 860
91 1824 390
2443 1164 578
489 264 38
965 2570 620
2434 1645 35
1145 378 463
2574 1842 932
1267 2148 491
1895 2196 288
2661 839 643
450 1801 174
2890 2744 120
2536 3052 596
2907 895 477
2238 2133 526
727 2357 57
1003 228 498
622 936 440
1934 1159 891
760 35 428
881 361 841
2003 1558 442
1929 816 883
1037 974 475
2441 1433 188
2020 2586 377
1475 1722 758
2750 2714 830
1964 382 861
2410 1299 249
128 2433 939
977 2198 442
65 322 923
2893 2633 169
595 2435 115
785 643 14
2485 672 172
2250 731 332
3051 362 256
850 137 23
1761 2116 153
1475 2992 651
1365 60 24
1008 2029 601
1273 2733 182
1078 1103 976
2327 25 603
799 1102 429
2478 247 451
2530 457 390
913 232 734
906 2218 137
2698 1204 442
990 2784 717
2567 1087 603
1276 2024 2
1259 820 948
1234 450 266
1763 2608 214
2452 2525 166
2314 1097 98
757 2439 868
486 1757 957
2179 2576 886
1847 2690 854
1899 1120 370
1309 1642 356
2536 407 953
1100 195 372
2483 2353 664
2597 523 908
2572 312 603
855 2841 312
334 1859 881
1464 2069 983
577 2649 540
920 1952 397
0 39 542
343 2153 1
2899 500 925
2986 1270 103
1920 90 469
771 2051 197
900 374 508
2133 2949 614
1248 2850 798
1516 1973 641
2465 752 976
2807 2466 216
387 1498 999
2585 1571 985
1485 872 640
2053 2820 18
350 2230 584
2100 1992 541
2283 646 749
922 1983 555
1091 46 289
477 2180 231
1845 1435 320
346 545 476
2421 606 672
703 2129 692
2979 1862 862
611 2843 88
2944 3055 176
1911 1548 749
23 182 367
2765 2738 60
1314 1477 163
807 1541 73
1078 1408 629
2377 2305 732
1470 1728 400
2679 2415 322
2647 1660 106
2574 179 882
1013 2380 225
1746 2930 250
533 1959 882
2359 2022 227
204 1769 939
1944 1742 313
1058 2555 199
2764 635 968
2092 1793 833
963 2201 462
88 411 803
1887 1878 726
1378 283 539
1113 101 14
581 678 391
1168 1018 595
523 2224 240
969 3020 573
171 923 242
2838 418 509
668 2320 516
2026 1523 326
998 1922 45
1373 2390 529
975 699 611
765 689 162
360 538 586
1877 1684 76
709 2458 372
1398 2864 506
2215 3043 221
1220 2166 834
1892 1702 209
2999 626 2
2275 996 43
2508 2606 145
2970 1624 459
1169 2714 604
1800 1383 782
2636 875 193
2876 1350 403
2272 2147 980
1259 2700 107
2397 591 491
3057 2233 635
1457 2730 718
2784 2655 666
2133 642 435
470 1141 444
1763 2548 866
2486 3006 899
1220 2497 331
1710 1895 953
1616 2583 128
1508 2916 473
1103 1172 853
2064 1746 282
3083 1981 69
3014 2493 512
171 2862 997
2266 289 283
559 2188 617
636 1219 922
419 731 561
3078 608 379
3022 1913 107
2087 2101 464
1290 2584 983
595 2938 737
1487 2503 988
2725 2398 243
1636 102 729
657 2866 513
2841 508 540
155 1265 841
175 3054 215
426 2603 110
27 1291 187
1910 833 460
2565 1046 521
101 1647 960
1697 953 103
958 400 206
3069 2365 863
1814 623 756
1726 723 142
1483 485 369
556 908 423
440 2142 827
1995 2897 408
991 730 466
1808 2628 474
763 2463 331
1087 2921 259
2462 2100 206
1175 1353 12
1170 2373 403
2930 2239 260
562 1047 588
581 1413 167
961 331 435
1271 544 174
3065 138 553
2112 2379 275
3035 2573 721
2300 1527 193
972 821 594
1337 2418 932
2766 2542 694
2297 363 129
766 2561 27
1785 1537 632
1953 195 199
1516 95 873
2599 2308 486
1469 1042 651
2796 2489 568
1387 412 228
2684 1115 336
655 2211 553
2400 1103 51
1967 602 110
2843 2585 717
2534 826 592
2714 1191 624
2030 1139 876
2932 10 339
1665 760 135
1952 2863 949
110 1052 182
2639 1573 268
689 1077 471
2375 2548 653
2505 642 438
3002 682 460
2517 95 52
1776 3031 413
344 587 615
886 317 761
370 997 728
2378 304 569
2087 282 724
950 1576 322
1512 211 13
2129 2085 54
2087 3074 35
2767 3060 936
1192 1835 309
2713 1096 834
3084 1049 421
623 507 66
1417 2024 152
2555 1025 430
454 1446 972
2814 1413 804
1638 1452 569
1153 454 76
1543 2815 296
2259 962 646
2557 865 861
2630 2605 212
1615 2128 647
1050 2204 707
2758 607 290
48 2420 889
429 1664 896
942 842 599
6 2448 224
1537 800 185
3061 926 91
1325 301 347
1492 809 614
1032 1361 146
1722 277 464
60 2143 117
507 837 396
1990 1825 57
1021 759 674
2876 2997 312
2594 1726 384
699 3060 828
825 692 886
536 1894 842
2817 979 743
910 288 952
925 434 549
2013 2267 444
1456 337 259
2090 3099 285
1928 1932 523
1159 82 148
1726 1170 67
517 2730 741
2422 1291 146
1263 1416 910
1464 824 635
534 2892 109
838 478 864
2106 2731 704
724 2849 362
1152 728 107
2036 2063 145
2890 1144 284
2473 2566 946
3086 1736 990
2850 3096 921
48 160 352
2725 910 608
1052 1591 275
2892 656 553
2269 2538 97
1859 1645 664
2343 554 660
618 2345 172
1686 1967 654
487 829 563
977 1263 284
1078 922 790
2591 1935 985
2771 466 912
491 335 198
2358 2267 209
1800 1132 103
152 1789 557
152 1247 700
2780 578 492
551 1084 344
2187 2156 73
1195 2975 452
2073 1238 906
1074 2071 154
2646 2110 775
2209 2750 509
1543 1882 139
444 1675 447
1246 1774 864
2899 1205 200
2823 70 338
428 1585 479
1874 46 534
2574 667 978
64 2338 124
286 2577 848
2919 2129 401
1645 365 174
2962 2045 593
2674 2850 73
956 1393 720
531 228 151
1082 955 778
476 2752 645
3053 1199 190
1774 1240 892
3036 2372 725
1514 467 413
2248 2478 710
240 136 429
2803 1319 312
2581 273 574
350 2103 125
1221 2509 754
621 753 561
1321 599 329
668 1455 819
184 2080 724
1092 267 528
1216 1233 193
76 2016 397
3018 1000 764
1208 2180 913
2499 633 454
1523 2830 122
2352 1116 88
2551 2809 688
404 647 312
1493 261 631
2589 2054 932
2246 360 90
2920 979 391
1767 3083 258
553 670 205
1458 1459 989
2705 2535 15
2869 1956 608
2129 457 201
1068 2465 85
1056 1743 625
2621 1927 283
2892 2258 36
1081 1031 827
2573 3027 403
1959 2725 220
1531 955 252
435 1978 355
2521 2336 473
1399 2925 241
1827 816 644
369 886 9
2713 1911 885
1505 335 107
3037 439 78
1398 1729 545
764 2716 905
1200 756 335
2487 2096 298
3010 1070 48
1918 676 782
291 59 399
1915 1680 940
2905 2893 859
1404 862 820
1608 527 804
1714 2468 642
1269 2612 588
2893 2783 89
1854 1341 522
1126 2443 219
2974 2209 827
1591 1212 798
263 1214 56
1577 539 692
1521 222 928
2832 2825 284
2204 1937 459
1185 2644 149
2687 1470 707
2132 69 726
2458 2359 694
1301 180 281
2656 195 44
3003 877 704
878 2092 648
1326 803 899
1589 1006 573
2748 1958 468
1323 338 394
2379 1153 548
2326 2843 729
900 1059 517
423 117 612
156 2419 257
1780 856 752
1934 2872 300
948 1590 715
2442 851 962
467 416 770
1128 1309 159
1586 1481 145
880 1577 590
2080 3058 333
1719 715 458
1223 1582 616
1782 544 794
2395 493 19
776 1916 589
2998 92 677
1006 2669 185
1172 1816 716
23 1454 244
3070 898 333
2212 1066 686
512 2434 685
646 1539 685
1635 2986 95
775 2894 830
2780 2274 690
3007 2392 244
1314 1240 183
2131 553 177
1382 2633 334
230 1316 641
1342 72 337
2766 1208 943
2903 1538 509
2161 2351 723
794 2283 394
90 2688 936
1548 461 500
490 1089 430
2323 2773 855
2290 160 908
1364 281 45
1772 2666 327
377 2064 528
1729 1992 162
936 1430 441
323 3048 145
2142 774 165
1940 2865 789
559 129 923
2654 707 487
750 1092 588
1612 387 689
2278 2079 590
2358 2224 41
2267 1499 764
1607 595 931
1884 870 780
2092 1041 603
753 1088 425
788 3094 319
1505 1153 356
1225 513 280
852 2924 420
918 2922 843
417 2579 646
2634 897 61
2315 1522 982
3034 1957 665
1965 777 532
440 1267 706
1510 1457 138
2522 875 739
2367 373 712
2177 1575 43
2995 2727 116
2694 1485 416
3046 1030 317
2905 924 692
766 3019 449
1154 240 507
1092 520 684
1504 545 19
966 663 901
26 1275 932
548 758 590
564 825 879
76 1137 235
1021 2151 934
856 2626 695
248 1064 694
1023 860 789
1773 1665 960
330 3065 294
1240 2084 756
261 853 496
237 1342 568
2123 1974 639
1701 2273 966
206 728 291
2309 2395 785
128 2230 1
1045 1562 806
428 2733 572
839 878 678
192 1286 890
2611 2229 593
1835 1783 263
2206 1562 503
623 946 620
1132 977 787
959 263 773
2584 2399 154
822 591 244
1830 138 996
2375 1866 924
561 1466 971
2056 811 142
1083 2585 924
461 1749 321
847 2897 396
1877 1825 847
1075 2515 73
876 2783 646
1927 2630 137
2410 2718 816
547 906 329
1529 1518 794
409 3039 394
785 1152 355
2034 1787 218
2056 1916 684
792 1366 412
2691 1458 229
1861 2115 182
423 1388 339
425 2982 274
1416 878 223
1530 1140 789
333 1256 662
221 1718 221
2874 2252 545
2754 1546 850
2069 2597 531
370 961 987
1610 734 125
2576 1380 926
2224 2178 758
1891 2464 548
632 1262 924
172 2670 859
1773 2679 944
1252 2533 344
2171 2479 496
1329 1397 200
1501 2838 930
1141 601 853
294 2837 527
1903 2622 700
1364 1648 796
988 1553 230
1282 544 432
16 603 942
3036 3090 334
918 2474 701
964 1167 348
473 1233 23
1980 2768 890
3059 1278 161
1595 554 931
754 2964 226
396 366 781
2578 23 716
151 1558 288
2563 389 436
2631 1706 825
2584 875 316
2648 2082 740
2150 870 949
254 2414 695
1957 1373 689
1338 1491 611
2117 713 321
210 1791 94
2468 420 918
1610 797 854
2810 2262 304
585 351 883
516 1494 834
1631 552 534
1895 525 344
1890 3 524
2292 805 678
1727 1795 304
204 2222 892
2034 1370 237
2396 750 90
209 583 906
1955 2085 725
2667 15 966
2107 1631 297
236 828 666
851 401 702
212 1626 279
457 1319 745
1098 494 118
2141 628 118
1091 1682 897
1002 472 671
1904 231 684
748 1096 334
1892 430 67
869 241 512
2893 2170 912
916 509 937
2202 304 262
823 1426 267
1821 1894 773
2417 255 459
921 144 149
803 2173 354
703 1137 457
723 2131 730
939 31 28
1783 3075 288
2748 24 832
1246 790 473
2235 1669 900
1689 1508 445
457 388 628
1378 2679 979
1187 789 649
2124 1108 349
4 204 39
2904 1079 340
1162 2547 89
699 1987 447
543 2098 919
2142 1843 235
3028 1652 753
820 2728 867
533 1892 827
1469 198 419
463 1206 189
955 2223 35
2601 1387 431
1341 1484 760
1162 2671 492
1089 3009 506
1417 743 360
2136 158 94
1804 937 37
1603 1882 90
1212 1179 813
2651 2072 958
2842 1304 322
3027 1989 544
1568 668 821
2666 1129 161
270 2214 328
1718 1695 195
1421 2261 54
2023 2207 286
34 2124 713
742 1061 2
1094 698 56
2962 1647 176
1993 2054 54
16 1056 340
3046 2968 733
1441 15 848
1437 2826 308
1506 2952 513
1927 2109 620
2063 2972 497
2033 1107 578
2958 2565 102
2923 1542 258
2094 1939 762
2966 1168 268
2434 939 271
2377 1348 829
1281 1849 246
934 936 727
792 1152 158
1141 2781 670
2952 1527 110
1709 2401 1
318 2909 280
1856 2458 593
1820 582 896
2280 3057 309
2571 650 127
1227 1197 739
2276 1968 377
2067 1242 536
1437 1071 251
2652 1024 31
65 656 230
2986 2030 828
935 2092 178
2932 2434 246
1646 2384 80
2824 730 310
1448 1532 239
55 1895 962
792 2210 660
269 979 741
2499 1493 727
1177 2244 47
2749 1553 18
2394 2363 362
746 104 759
322 1544 862
1425 1163 349
1696 2203 343
1012 1613 929
2906 913 974
2833 764 721
2802 2647 6
2014 2983 662
2168 2763 57
367 1865 363
588 2891 310
383 2430 519
585 2338 799
1843 2950 529
1597 2129 724
749 629 428
296 1513 954
277 2770 906
1756 2755 676
1529 1316 574
2596 19 446
2986 2618 384
2427 1589 667
2454 418 256
1909 990 883
1236 1873 881
288 629 539
2381 529 664
2653 1647 626
2829 39 996
62 104 170
1705 1551 708
2212 2240 385
1887 2448 489
161 2077 800
846 2459 465
1092 65 972
2386 1077 17
794 2178 595
361 1698 413
327 2506 473
2796 1798 164
1146 2183 552
278 864 469
829 559 679
2607 95 25
122 2090 408
298 1228 457
2094 2111 35
1025 1153 176
2975 617 845
1021 2640 243
582 2942 336
1564 1012 475
2387 315 616
1620 2916 216
3041 2033 417
273 356 946
668 426 400
140 2219 638
2398 2620 277
926 1265 493
202 1394 713
1679 936 692
1254 3039 624
1816 256 716
3045 1099 167
292 2092 592
1833 1903 881
816 2688 987
1438 2741 125
790 3046 74
922 8 524
2987 1845 128
79 3093 95
2269 1678 30
1201 2404 542
1789 2277 454
2332 2196 784
2608 799 487
292 2594 759
454 1553 796
192 1580 233
880 271 7
1382 1 776
524 2435 22
1517 127 759
2870 194 644
1190 2429 122
669 91 92
2749 848 528
966 1480 629
2816 448 623
2405 1122 81
498 2226 362
72 1340 235
2989 774 392
2909 2499 180
757 95 559
2222 454 899
2075 410 611
1926 1481 338
2044 2734 377
2956 1796 863
709 1068 464
2020 2071 452
1806 97 878
1384 1677 781
356 149 888
1343 205 268
1624 2798 633
1667 3006 625
1891 2127 362
1532 2923 82
518 2773 573
1197 2863 660
376 339 371
1107 1454 948
2379 3035 414
365 1623 783
1533 1549 912
829 2982 844
2994 1842 910
1705 16 217
3047 2037 569
345 2623 371
2958 688 345
1084 1230 179
1217 2096 661
2444 50 787
1345 2135 85
1470 2386 613
417 894 494
1640 2518 50
937 275 218
1793 567 755
879 591 544
458 2007 970
2820 1324 538
2050 2717 552
207 718 626
2684 502 469
2626 2055 941
1691 234 11
2486 25 568
2919 1357 350
658 183 276
2793 87 119
1564 1512 132
191 1123 770
2322 1753 192
67 1079 781
2834 1886 1000
849 177 28
2195 2392 303
1073 939 693
1343 100 49
2218 2284 976
1285 2376 570
591 2111 706
121 894 651
1241 612 919
2928 827 845
657 2140 156
2158 874 404
658 1425 809
3025 1701 948
1352 719 207
225 1761 407
1399 2708 32
1428 689 935
3083 446 345
1484 587 127
3024 397 216
174 588 938
1896 1431 625
2499 966 997
2251 1885 100
767 567 428
1563 2146 916
367 519 247
2942 119 267
2758 1274 57
2941 1463 346
1292 2903 454
113 1428 226
1937 1739 734
1879 2665 174
2389 370 587
3012 636 283
917 29 633
521 2722 187
575 2759 806
2046 1840 970
1346 2321 163
1381 1956 818
3013 1140 388
197 954 96
2528 124 19
2332 2289 632
1827 1945 955
2385 2440 144
2158 1056 400
1365 536 653
1744 3083 92
2908 2634 191
1564 2649 43
946 599 136
2767 2963 237
1627 1042 512
541 1671 798
1892 1954 967
155 2442 977
2748 1321 892
458 1685 85
1451 2194 515
2144 73 910
1900 996 280
299 1902 688
2078 1190 776
1411 1625 706
3036 2628 337
828 2380 738
2206 355 282
1636 884 746
1129 1608 298
115 1559 522
1542 342 636
227 331 887
996 843 582
133 2583 915
1071 545 891
636 596 742
81 1458 464
1735 1761 586
2153 2483 272
1648 1328 44
839 2324 302
2152 670 228
2730 2548 851
186 978 292
1656 160 390
1141 2469 9
776 2765 915
1990 856 485
2939 187 681
2248 1284 825
1794 477 523
242 1579 500
347 2680 132
674 2673 921
655 2598 847
2191 2079 650
953 2960 533
2859 26 746
382 479 44
1499 2108 106
215 2599 810
24 1572 903
1955 1018 870
2969 95 19
27 3014 572
466 1528 593
2680 1941 683
29 445 686
2578 703 58
658 2065 849
485 2594 262
171 1409 283
2269 2396 746
22 10 185
1454 2682 583
2995 139 469
970 1619 770
1742 2408 359
1250 1920 174
1463 2185 376
829 438 141
2999 2233 7
1584 1927 270
605 2486 227
1210 1987 400
2329 1896 196
582 772 670
2504 918 168
1776 443 252
1635 3092 708
2722 541 796
6 188 188
2324 130 29
2385 1588 949
1681 2028 324
1868 912 860
1819 495 945
414 2137 416
2359 1436 29
1061 88 357
1650 233 532
1448 963 880
433 1747 706
2301 2067 118
235 926 391
1257 3054 662
2059 2348 726
739 1413 630
681 1823 977
3033 2717 917
2674 1623 650
3030 2181 349
3061 585 181
1582 425 381
2522 1680 537
590 377 25
125 1747 194
2864 2832 710
1746 1602 59
122 188 439
2023 510 937
722 1653 604
188 457 966
1781 1375 714
2195 1555 329
1057 1124 705
1467 2247 793
35 2402 716
2622 336 662
2388 119 315
2224 1947 123
2038 1454 288
75 2866 608
2712 472 412
2064 2436 673
2102 1104 313
2235 1145 288
2227 1454 960
1629 1978 974
1301 2989 1
969 2293 229
2069 2983 350
2829 2618 115
100 308 153
2396 1441 828
831 1580 134
213 605 255
2728 1733 497
3088 2404 245
1184 1784 675
1423 1810 472
1289 2051 475
136 2293 185
2249 2967 622
2453 3004 623
2334 2422 530
2926 1060 689
696 2991 423
1282 461 890
917 501 66
1599 1110 954
1781 2010 24
2843 2656 155
1725 1183 107
2238 2108 668
2462 234 688
583 1243 807
1182 2649 406
975 306 98
835 2402 889
693 1001 354
2910 2830 652
617 2919 571
1438 782 591
615 273 671
1615 298 879
1140 1918 694
888 2005 382
767 2401 772
2748 1298 750
1218 844 972
3004 1636 758
2154 997 842
209 25 665
2766 2691 631
8 1935 806
277 482 34
507 1077 222
2439 1307 641
911 353 586
2693 1704 699
2944 2405 583
399 504 135
1514 1977 474
172 218 977
1705 1266 442
1783 97 763
2459 1691 545
2825 482 640
1310 1654 547
1587 2329 880
172 769 487
1317 176 719
450 725 457
2850 2103 183
485 34 244
2315 2752 496
1645 947 443
2271 528 824
486 1686 305
2110 2460 172
902 2947 453
1140 2276 709
2076 2553 164
315 360 404
259 1909 29
1406 2729 776
2923 369 728
2081 770 987
2268 1575 979
1963 110 133
609 615 527
133 1505 752
764 2402 321
1868 1876 385
2769 245 398
1595 278 199
1844 1608 897
2841 2580 120
159 1522 555
1075 3038 184
1544 299 660
2181 1225 78
1835 833 653
2382 2455 96
805 401 741
648 1636 718
2833 2812 600
565 887 587
1609 2091 946
757 2554 878
801 1737 699
3060 791 996
930 1148 443
2506 281 611
97 2805 329
1857 2509 940
2058 2178 193
862 2831 328
945 769 585
1967 1684 894
138 1860 613
1890 1980 1000
2242 531 218
3085 1085 188
1299 1212 204
128 83 285
1179 2878 782
2028 547 443
1219 1268 555
69 1498 833
2224 2956 2
385 419 18
574 2464 308
715 1367 890
0 1580 191
1961 2871 377
2374 2607 228
358 1030 722
879 1459 624
2222 1602 596
2526 3038 735
2464 2036 811
2785 2195 769
3027 1778 903
279 878 498
1188 2902 137
283 1903 16
3076 77 76
273 1466 99
412 1604 482
620 539 667
2009 1456 248
2909 601 336
211 1065 64
2031 259 751
378 2890 349
70 1715 851
958 1661 191
1488 904 304
715 2782 656
1349 1335 910
2607 873 385
2064 2900 49
1222 2893 995
243 3017 655
1848 618 285
2420 435 961
2132 807 38
285 1750 722
874 690 736
1326 1883 192
262 1632 303
1079 512 350
926 428 596
1986 1608 149
1577 1744 497
3002 2113 671
505 179 53
381 280 750
654 2564 1
926 1520 943
2000 3029 298
3075 782 852
2185 1912 620
2809 2654 832
1864 2310 592
1011 511 417
3064 553 789
2222 1687 74
383 2505 666
520 1327 558
2888 1530 291
1596 1149 148
1347 2290 12
2511 1090 741
470 2012 863
1111 1839 122
2453 1840 886
2353 1973 599
2421 1132 955
3052 1123 339
862 1666 125
2946 548 427
556 1991 431
2465 697 356
174 1996 916
1532 2219 301
1960 497 390
438 136 782
2619 416 402
703 1126 279
3036 2482 183
2033 696 200
8 1358 789
1029 2311 39
301 325 86
2145 1638 841
755 1597 220
2947 449 420
2610 998 968
2762 1176 53
709 2792 922
2135 278 438
175 667 790
2957 2073 979
773 578 606
2636 2554 249
1454 2948 562
1142 976 376
976 2811 614
1391 2652 350
1698 1565 565
1797 741 171
867 976 635
824 2051 518
985 1033 746
1813 3061 757
805 2669 776
19 1457 948
2215 1729 75
92 80 171
872 1633 764
1129 1908 614
1677 390 201
2884 1077 482
298 270 159
1987 1618 920
795 885 883
1198 546 503
656 80 464
1014 451 358
1312 669 236
2322 2790 538
491 2481 500
320 1634 955
1028 2666 103
935 1799 925
1472 192 339
1811 2900 714
3065 2724 903
1813 2957 190
3003 1187 964
2816 234 649
225 1127 399
2465 1833 501
1301 2042 936
784 523 629
1788 1368 714
2980 329 819
1997 3066 268
439 2466 182
529 2413 147
2756 2716 562
1789 2858 671
2892 2146 992
462 1058 885
640 2621 178
1049 1550 219
2134 2014 219
1425 219 965
144 933 582
477 1182 464
1944 400 977
479 109 668
618 2710 18
2117 2838 716
2633 2795 393
427 738 633
2404 1180 287
386 344 942
897 1077 868
1016 1118 347
2126 2587 167
2010 2453 690
983 820 284
800 2901 726
1299 1379 695
675 1990 638
1400 1789 715
1134 570 931
1912 2763 613
2912 468 714
2483 1530 264
2524 2937 411
2030 2489 182
1465 1256 415
496 2052 169
3066 1644 965
998 2839 459
2814 3049 678
1028 989 725
2401 1936 42
534 1360 377
849 2483 488
2962 1797 593
939 508 851
574 630 635
1756 876 589
1125 21 21
825 676 737
385 1591 982
3065 2934 357
2129 2040 547
303 1849 978
879 1484 631
935 781 524
256 2138 307
2801 2727 525
1660 2246 859
1903 2479 243
1586 103 69
1446 1940 3
99 1268 652
1554 3091 865
1441 2901 788
2759 976 317
2393 1250 109
2133 86 960
2992 2027 340
1522 442 686
2605 1055 706
2299 1381 235
994 1917 512
1649 27 86
2097 1670 110
2939 2387 852
1916 253 140
2559 453 750
2827 431 704
1831 1458 244
1167 1119 833
1316 1999 954
1945 545 156
857 2678 683
987 2442 858
377 1876 336
283 2825 499
536 971 151
906 175 706
475 1330 848
3008 3082 663
347 489 922
726 515 895
1833 2810 460
2232 1300 262
1201 1374 459
2183 2270 144
2102 2234 119
2821 1132 641
2662 564 246
2048 1102 342
2445 2786 115
2973 2997 18
1686 907 734
1860 2271 130
7 2688 739
144 1848 583
2784 674 416
2492 1508 388
1699 1499 528
1255 1598 566
1994 382 900
2912 67 99
629 720 560
2481 306 166
2284 2145 500
512 1658 309
887 108 873
2394 1811 14
1648 3002 14
1331 973 53
2021 2205 515
2326 1868 869
703 2537 574
2571 352 372
1275 1840 731
499 2680 159
1967 938 12
1942 2794 798
148 1356 653
1832 1718 536
1214 290 597
2532 450 475
489 1138 986
1830 2117 847
791 1446 69
2146 643 326
1965 1200 727
2105 2785 81
651 1269 144
1152 2866 525
1073 332 975
64 1293 280
169 629 818
2397 1159 342
2664 2949 839
1729 2577 735
1660 1621 436
3040 704 818
940 2462 840
644 2832 596
1304 2867 742
2161 2170 448
1397 949 378
2755 2804 954
2013 2341 965
1281 1547 401
1531 2634 572
1053 2830 337
2907 1202 697
355 2749 652
203 241 649
1564 1321 340
1905 1484 521
2933 745 606
2078 1820 69
116 2431 294
608 680 249
1748 2188 624
1538 1918 453
2202 406 840
610 1862 721
3076 1420 20
3086 1474 293
945 2633 66
2925 1818 593
84 944 718
2746 1281 268
2580 1579 941
2910 1604 623
2853 696 211
1109 2764 930
2485 1594 74
1538 2569 235
2005 1303 384
1790 2805 738
2779 709 219
2256 2687 297
401 2790 130
3037 27 827
2892 2716 75
717 2572 366
1928 1459 501
322 909 809
2954 228 290
1737 3094 78
1095 333 900
1533 1241 137
1679 1759 482
3047 1026 289
1769 2643 556
1818 1391 82
1335 1522 752
383 2083 101
1339 2732 5
2144 2806 567
1270 455 593
637 2054 462
214 1253 535
2165 1257 842
1751 2555 155
166 2869 529
1594 1654 317
2281 1531 811
2686 903 676
1700 1198 536
2223 1755 664
1007 485 214
1809 3027 682
87 1674 56
1354 2103 626
578 893 948
494 996 398
2142 690 854
2658 1544 453
1069 2553 272
57 2024 886
1944 2489 360
1437 2857 529
1030 357 106
2144 1925 528
2555 1263 375
647 1537 39
2176 1666 385
329 882 589
2523 791 417
2597 2561 780
1727 2740 521
2891 181 289
1526 2937 196
2863 496 869
395 1319 949
622 361 980
2208 452 327
944 963 251
941 1527 415
1021 1825 885
2677 2359 906
2447 2060 4
2966 1026 475
1770 1220 180
2763 2402 45
132 654 110
3001 2927 378
2734 2339 912
1797 1952 133
3057 487 289
612 2088 738
2830 2488 396
679 3055 763
3039 838 360
1900 780 764
354 3049 883
673 3025 615
44 395 643
1590 1996 14
184 2757 627
202 1454 465
1607 144 372
1642 76 135
2849 1845 572
2582 2215 656
2531 1711 916
90 2191 977
2612 2143 742
2455 2173 563
1301 2358 530
892 2004 361
1844 1711 41
490 755 844
2921 2616 112
222 459 179
502 1569 948
976 2827 228
1168 549 498
3056 756 50
1212 502 853
1774 240 153
69 281 291
51 999 692
2981 149 800
2142 1214 371
2774 711 462
1231 2926 794
1028 2215 919
2183 885 542
1558 36 830
563 2663 429
2824 2616 326
984 1448 786
1144 1971 850
1642 790 612
942 597 465
659 895 45
2250 2983 905
115 2732 595
1947 2890 611
2985 713 498
1748 1708 494
3035 1609 951
1194 640 876
274 556 146
1793 2788 912
95 1265 556
1644 1397 352
2857 1629 641
922 782 857
2324 517 264
2536 2411 679
1642 756 651
2409 1242 729
1402 1121 569
2545 1723 126
2497 3029 964
1885 120 102
1328 254 105
2685 1971 425
1199 878 663
1955 2498 371
571 1818 715
2016 3039 946
304 1010 790
1409 1425 522
11 1006 910
672 1975 873
2672 2261 472
2827 1459 223
2355 1654 750
2352 773 49
1644 2338 392
1862 1316 90
1893 2136 11
3003 1234 907
973 467 266
1387 2136 9
1413 1555 770
785 1597 747
1791 693 935
2272 2756 416
2723 2851 103
2586 2164 661
1496 1048 241
991 393 694
313 686 973
1035 657 650
1763 2908 307
1820 1525 917
2715 2454 437
626 1506 916
1432 1846 831
2088 1879 974
2106 1326 587
1748 2229 906
1292 3082 74
3001 498 887
1375 2808 743
1078 13 554
1398 1435 693
1804 2593 866
1397 922 119
2126 2769 122
2360 826 513
1442 570 139
887 400 57
539 2368 2
367 2343 221
843 2264 477
232 21 511
1765 2068 544
2175 2121 996
2781 404 778
509 788 405
2098 1340 752
152 481 55
3069 1980 886
276 1891 412
1855 219 768
2901 2087 2
468 1699 999
2747 908 754
2216 2746 341
2651 2122 770
722 1285 803
1404 2538 753
2138 991 804
1842 934 539
800 135 830
837 2083 491
604 2057 807
3083 991 439
2639 2519 510
2452 2895 976
167 1821 547
2999 1944 858
2409 890 789
1140 2436 975
2219 989 972
3085 2049 834
1228 2507 250
1864 516 865
1823 1403 357
851 2695 707
2234 476 509
1481 1581 500
2537 2810 894
1074 2923 840
1825 1489 221
1035 1232 507
1092 2327 507
2547 1547 926
1336 101 80
521 1418 619
148 2516 303
1839 1209 899
1091 256 662
53 711 761
224 2232 818
1074 125 931
2879 698 914
2175 905 656
1218 973 29
1169 630 114
1282 570 791
506 1737 39
151 2019 792
1975 1208 69
154 416 267
1613 89 415
957 1011 229
2058 2877 490
892 502 235
1157 2615 379
2808 1017 396
1695 1686 568
673 1798 219
2664 1646 217
1710 1436 123
2207 502 441
1473 517 623
2234 2655 773
2775 1666 121
109 722 931
1549 1743 523
1132 198 117
392 1440 790
616 768 78
1272 2054 259
885 1351 440
1923 2968 706
1114 2223 440
1181 3070 273
857 1296 616
584 2255 463
2651 1555 667
1847 2474 561
41 2725 687
1687 975 829
306 26 535
917 2885 10
1062 1968 887
291 2401 706
442 1734 420
2345 2865 28
967 891 889
2576 300 602
213 2790 167
201 486 856
1381 2883 64
3001 2945 802
793 1285 77
2499 1232 401
745 1138 582
2112 478 724
1559 598 774
866 2561 413
549 1338 533
1066 839 255
2674 2823 760
493 1649 783
2524 1221 641
2142 2548 198
2284 2336 692
1222 156 836
244 1838 296
327 1682 810
2770 291 998
1375 987 409
1147 2770 141
1951 2630 22
2817 1850 37
2823 2076 494
1686 1935 929
644 619 766
1834 58 33
145 1616 897
1982 2275 496
1158 188 972
395 1631 668
487 514 721
2637 1708 388
1538 1392 151
2807 605 953
2229 2725 341
2520 2585 291
1282 1671 145
1340 138 17
40 2660 97
2715 1280 444
13 2315 957
3082 2009 133
1653 1006 21
2690 506 112
910 1440 267
882 2200 469
2507 90 922
1948 2393 724
1069 2426 569
937 366 782
2590 3012 505
1511 893 371
2963 1739 775
11 217 49
1663 706 906
2261 1087 313
1012 297 101
1420 998 112
1778 74 878
1898 1591 403
1571 874 76
1538 1482 43
1978 1820 218
2467 1084 170
2465 2579 303
638 2561 961
1920 2986 449
995 1639 119
2570 1832 805
157 1306 162
486 843 236
1879 205 289
909 2309 309
2587 1895 600
614 2905 89
2319 245 82
235 739 925
1065 2760 637
2868 1699 805
1208 1490 72
2108 154 408
2132 1087 479
1936 1051 199
772 2017 983
446 1791 427
3059 2650 528
978 961 539
1432 2192 109
1039 899 492
570 1277 427
2981 2341 272
2979 920 318
2526 1886 319
714 1101 856
1811 1995 335
2644 2185 751
2810 1669 821
1016 2998 768
2392 2477 512
2071 968 158
1112 1882 170
3094 118 987
1540 1462 250
1360 1309 406
478 578 186
393 709 86
3027 3046 239
2939 3071 618
2652 2426 944
376 1066 210
1016 2547 298
2152 1825 200
595 2484 916
1747 2083 167
1521 2538 454
1340 1887 109
2961 1614 632
2600 948 887
1211 699 653
1611 1870 359
962 1996 438
1316 2413 558
2094 2591 825
297 1577 142
457 299 33
1514 1494 367
2805 2307 323
75 1726 300
1362 1730 525
2752 1620 2
29 2271 86
2358 1913 709
151 2344 61
859 787 529
2131 1670 918
419 608 425
1189 2976 536
700 2023 730
1971 112 443
1818 2487 52
1966 1152 576
774 884 806
379 1654 612
2922 1054 311
2326 2039 152
1347 378 847
1541 2461 386
2150 850 567
1788 963 256
1271 1145 984
414 307 651
453 1961 612
891 2058 8
2796 2062 78
1893 2117 95
772 1731 85
1873 561 181
1084 284 724
480 1577 938
2633 982 936
1035 3085 484
1682 547 468
2106 1459 183
1549 625 94
340 1531 826
2715 2499 681
2138 2278 438
71 2949 540
796 2685 252
1701 3036 817
2563 849 705
3008 909 124
533 1690 913
2490 485 239
1793 1737 632
1559 1173 114
1097 1239 865
2727 187 830
2052 1526 536
2286 1526 283
2026 2534 305
3076 2776 593
988 894 210
1431 637 544
184 356 613
2400 1802 703
2966 1326 605
1416 1785 673
701 2965 681
2190 1963 124
765 1516 234
1077 550 926
1939 316 773
1351 2174 457
2521 635 320
2041 797 639
142 2094 660
1831 3036 606
3021 1070 571
1033 1870 499
229 411 41
2491 844 574
1560 2963 982
2413 1030 247
1076 2832 934
1817 573 672
2571 2087 474
1829 30 813
1717 108 746
2775 2907 805
1830 2631 234
2860 304 76
1348 2180 13
210 2010 4
3000 631 997
2792 2097 911
2124 746 241
1851 2155 52
1173 1996 831
2529 951 526
1095 1683 88
2421 1087 409
1275 2140 77
2392 2971 481
549 1886 589
1342 2494 742
1309 2601 803
2432 880 291
2166 2114 673
2555 817 779
773 2582 372
625 710 764
831 2924 676
798 1881 374
2248 2935 349
1210 1197 784
1300 916 213
1711 2796 788
37 2153 46
496 2476 291
2340 1765 295
3060 354 771
2426 257 766
1975 2135 895
3061 1177 313
207 1601 815
2659 2130 586
1465 2687 284
2251 908 25
1554 1613 657
1337 1973 634
1576 482 374
972 1526 549
173 280 752
2291 2222 408
2722 2091 886
1225 1675 239
655 2598 71
1285 2434 550
151 1218 943
764 1695 404
2087 502 774
1058 2971 123
570 2116 609
2062 1550 664
1263 3005 100
1000 2188 74
1537 1095 155
1341 225 472
2359 263 185
2434 1073 247
1543 1197 258
1752 536 373
1393 2115 409
1010 2968 271
1685 980 534
631 2712 881
985 2471 909
2220 2643 82
3081 685 948
717 1062 265
2928 2666 763
924 2238 920
1587 138 991
2535 1095 534
2673 1959 253
2948 2381 166
130 1771 840
624 2863 136
1426 1967 287
983 1902 436
2123 8 510
1356 184 368
807 1355 977
710 704 20
2352 1610 351
2290 1695 170
2301 2560 861
1860 1303 473
2587 2195 661
2554 1421 509
1691 1384 714
2950 609 986
1283 2032 580
68 1024 823
2330 887 22
2904 160 496
609 2374 151
1712 2470 497
2185 1166 913
2072 107 884
1777 405 763
2270 1189 27
1105 4 318
2512 159 999
2183 2477 148
1062 2841 357
2082 2867 732
335 1925 476
600 2895 157
2220 198 851
1728 1861 195
741 2768 769
2434 2801 652
2477 1705 651
1098 2668 578
728 997 781
72 2838 570
3028 2977 949
2596 1627 924
2736 505 246
1717 21 256
2648 128 742
477 1049 275
418 1976 202
1567 432 46
860 377 82
1511 45 452
1213 180 592
1535 1293 502
1832 2626 285
1551 2880 505
2317 2881 794
984 1317 173
3066 231 725
1117 2643 573
131 307 513
3073 1033 986
1734 869 247
1292 1691 146
1590 42 94
809 1179 135
575 996 44
2388 1787 974
2052 598 409
46 1521 901
1248 2183 111
785 1306 836
2277 571 112
2210 1193 806
758 666 829
2897 2414 998
2600 2748 21
1213 2130 978
751 1699 760
1050 621 687
621 927 636
1196 2246 795
2160 1463 689
2053 679 135
945 406 872
1975 2030 437
1908 1565 265
2794 1216 536
2150 2689 745
3059 422 310
2422 357 43
1637 1081 61
811 2283 68
2567 3098 988
2282 854 505
383 2185 673
2764 489 647
397 2830 996
744 373 104
2834 2919 61
408 954 192
2925 957 430
644 66 161
1968 3095 562
927 137 634
69 411 902
754 2833 615
1642 605 327
1656 1664 139
2428 1753 207
1978 1774 623
38 124 364
2391 485 900
1866 951 937
2672 471 360
2015 2251 868
2969 676 725
2409 616 962
2028 1578 193
1204 2351 713
2408 2847 701
709 1236 537
2333 2739 600
1267 299 233
1289 1780 195
386 1295 70
1616 1037 549
1007 468 654
1486 753 956
255 1238 581
2450 2685 82
1435 2590 339
2457 2057 467
153 2309 282
1279 2877 582
907 601 538
213 531 254
1669 1292 767
1047 1485 238
2113 3083 945
1095 2659 754
1415 2843 169
2874 1576 807
1672 1058 877
1401 1278 829
1611 1257 2
1901 495 444
2405 261 159
1523 335 804
2745 2119 304
3092 2694 64
495 555 50
1722 1388 457
199 755 259
2043 2245 136
290 3020 534
3029 2807 195
571 1524 516
1177 1461 768
2259 1937 846
1094 2150 201
256 1738 585
696 1128 31
2746 2007 317
2563 775 636
3044 224 541
1014 784 368
2717 835 839
2832 1609 993
2572 1156 189
2429 2936 814
2454 1193 883
915 1239 256
1928 3051 102
2259 2341 484
2533 940 102
2602 114 548
802 2157 955
1978 2428 400
651 358 3
1348 1542 759
139 1540 603
1215 1204 388
156 1101 214
2145 2567 978
1845 1807 352
3020 2772 448
1151 950 727
51 1871 782
3068 742 378
172 1963 437
3020 598 595
3008 2684 594
767 2093 763
2771 334 705
1131 764 926
1166 1219 241
2484 1934 668
2672 156 972
619 2853 157
187 1340 319
1779 291 716
1008 1849 60
35 431 335
306 1753 280
45 1205 890
1308 1659 514
738 1684 131
1703 2638 517
829 1711 448
2466 190 257
682 494 188
2035 2279 84
603 1459 504
230 1001 47
470 2834 649
135 3088 627
1161 2328 564
1784 1202 363
1256 2026 713
2867 963 850
1911 2344 669
2234 2610 666
214 413 915
2071 264 418
341 1461 654
1928 1560 23
242 1477 587
2142 1230 973
2584 2031 10
951 105 926
533 2595 216
903 1867 115
2129 2585 240
648 3064 372
2558 1576 842
1482 1441 574
2528 750 655
1970 1819 125
2636 304 296
203 2429 347
1784 406 853
23 925 442
3045 53 431
1998 2928 622
90 1699 770
2612 2877 710
899 1273 599
1411 1452 825
1886 1722 2
1503 480 526
1108 1664 599
181 1522 33
1846 2203 888
2463 199 834
2557 1276 584
1095 325 629
1397 272 887
2384 752 107
2896 2396 135
483 2224 468
499 2096 539
2076 290 689
927 2302 291
1667 2206 34
2775 1617 996
658 497 504
2894 2993 215
349 2715 758
1479 1869 651
2033 2479 529
2090 1751 369
1754 1423 675
2192 2516 965
2565 1877 240
2560 602 872
1544 450 706
2058 2992 101
2950 1371 590
1633 3090 900
2610 1502 824
2038 1636 15
1974 2659 107
655 1179 446
2257 1705 505
151 2009 768
2382 598 281
2085 1045 408
2569 987 601
676 1475 58
1085 2907 809
1376 1055 719
1564 3017 330
1279 1409 819
902 1256 107
2681 2776 828
2187 2233 367
1304 17 917
1424 940 511
2904 2090 338
440 826 637
1108 2691 577
2920 295 649
762 733 170
2889 760 377
881 636 893
2954 423 326
56 682 866
824 1336 442
2416 1259 974
2188 2983 449
1609 1 83
2859 74 979
2490 244 679
1284 1 329
2630 336 433
1178 244 517
2621 301 168
137 2346 378
1581 399 485
912 1051 944
1137 1978 530
2329 757 637
2294 478 150
1727 2565 988
1563 2565 791
1322 2866 271
1990 2331 806
3004 2437 896
109 991 103
520 1556 738
166 2278 609
2231 43 757
1021 635 661
2680 766 603
1046 1010 351
2272 3005 840
2902 2449 321
1299 1305 872
1872 816 194
2208 400 91
2808 3083 736
2653 1450 908
2795 2802 378
2131 729 368
2745 364 30
549 867 610
3091 1966 813
2482 2618 1
423 2765 724
2565 143 794
1610 1051 693
2548 968 422
437 2941 53
2255 747 156
2447 2451 577
610 187 372
2114 2736 138
1048 2749 344
775 1218 501
1685 2673 775
761 1017 886
3049 47 31
1762 1658 5
1210 2998 932
1561 3009 876
2976 1793 177
2640 1670 532
2157 1401 117
744 545 549
2101 1116 843
1620 345 747
1098 44 650
2399 2852 967
1334 3056 699
2630 554 596
1280 177 488
1787 853 384
793 1894 234
1424 3007 894
2855 2932 498
1947 2865 464
1945 118 606
272 703 843
2074 1026 241
627 1800 829
1323 2159 34
1106 1396 668
430 500 896
554 662 472
208 2856 556
408 397 349
943 2774 584
2690 93 125
2419 1908 641
2188 541 340
1749 1527 133
2863 1266 985
3098 3003 176
2928 349 485
1642 1976 836
3046 10 965
1387 869 746
2245 497 690
943 629 594
1731 915 855
1911 2036 810
51 611 101
1321 3068 498
1697 1948 160
2844 1376 533
525 1756 847
1675 3031 786
2588 237 528
515 2059 840
1111 1949 90
2793 589 178
912 207 167
1118 446 378
2555 2697 114
3080 276 731
578 917 453
341 2804 981
2369 1752 906
685 1218 768
156 1976 450
382 295 749
2654 0 898
1416 1025 164
1177 2337 416
1823 2237 356
900 1460 447
1659 2959 752
244 1202 644
124 1182 873
2845 332 210
1247 2311 463
1469 667 781
459 758 45
959 2223 665
2556 3098 808
2715 1951 963
2418 79 752
645 2960 732
2232 2393 679
2449 2138 281
2939 2837 925
474 199 392
2762 806 992
112 2062 934
2002 2833 256
2530 3096 591
1474 1879 609
1378 1622 22
1019 332 424
526 1368 208
880 1859 643
40 922 911
2647 2808 230
2830 711 658
2495 458 709
1526 2871 798
2974 2247 225
2814 1118 828
2867 2889 598
1636 271 327
539 2700 221
1002 2909 872
246 1722 493
814 2373 212
1148 1583 599
2227 97 221
1617 725 991
2292 683 941
843 897 559
2140 1909 234
2347 2294 219
180 2432 46
419 896 161
2846 227 728
176 180 13
2774 2492 296
2933 3074 504
3044 2831 984
1437 1321 54
338 1259 918
2536 2125 401
1102 2079 636
754 52 797
706 2635 288
2992 2699 553
3019 130 689
89 2836 453
1074 727 797
2909 2616 139
527 3043 577
734 2022 626
67 1606 578
689 1524 969
2212 3037 671
760 2229 920
264 2932 624
1451 1263 334
2898 197 275
2924 671 754
2089 2632 50
2388 156 405
1706 2516 597
300 1620 212
620 1477 644
1621 1174 560
187 2440 725
1580 1804 830
1118 971 87
18 1431 887
2752 2838 937
969 733 894
1894 439 18
2230 2615 852
1166 2423 656
2778 646 537
109 2003 979
35 1376 697
425 1088 291
1588 176 278
840 306 19
1193 788 614
1991 2687 66
473 1542 559
1628 2415 913
963 1272 402
425 2903 804
2809 1433 21
624 404 861
1275 1417 836
1383 1519 40
2306 735 742
2349 3062 877
1600 2559 182
2835 1012 640
779 625 341
1685 1792 677
2397 2648 542
2769 2098 773
925 2048 943
2809 1505 992
2621 2394 673
374 2358 149
3094 1716 262
366 1727 604
757 1045 901
1006 1703 297
2397 2920 956
901 2234 66
2215 2124 370
2113 290 11
1066 49 78
1794 219 628
2733 2064 878
2526 454 740
1151 330 666
733 1958 111
1582 2618 851
1795 1924 914
2393 602 782
491 2490 744
134 1954 535
3073 2328 224
1539 2521 423
1121 1668 684
2811 2917 854
3096 1459 32
2932 1502 619
154 926 439
1157 1661 759
1140 726 275
643 274 963
1455 596 599
1770 2881 265
450 2467 57
2475 2566 409
3054 614 698
63 3015 472
1817 1219 35
2269 1994 690
551 3068 867
500 2249 601
1934 2787 949
2601 1925 864
2503 534 618
2675 2555 879
19 2688 585
2929 2709 758
670 191 369
664 1200 209
2029 28 462
784 588 889
1215 1625 540
2744 2205 417
2733 326 479
2185 1142 24
621 2348 929
1417 892 426
1888 1086 48
723 511 536
1665 2581 862
2899 666 182
2391 2674 411
1467 405 199
2515 518 552
2609 1690 715
97 1661 256
2626 1010 474
1398 336 783
2046 1330 937
1189 1963 410
70 476 478
1099 2601 583
2718 1236 401
2220 1684 582
1507 2646 968
2527 2884 635
2068 2811 516
388 50 366
2953 1223 313
1960 409 299
859 2148 575
2800 1062 92
2545 2022 689
998 1418 853
163 619 335
1151 3011 217
467 1089 614
1775 157 904
1698 3043 902
2628 1252 645
1820 435 674
889 1189 676
595 762 153
319 2956 505
2264 306 503
1954 1128 398
1018 371 236
850 1571 15
1790 1878 903
62 2178 184
2862 1446 396
800 2515 522
403 2591 125
772 2228 917
285 1785 735
440 2477 745
209 1357 898
454 140 842
2147 653 995
2971 1915 736
1982 2333 756
1298 2582 345
1974 2736 473
306 2735 487
2366 2458 194
662 568 784
905 2055 621
390 1674 675
674 1562 245
710 3098 207
2727 1265 933
254 2727 554
1710 328 587
2066 2220 735
866 586 506
628 806 249
1727 979 486
2863 442 14
250 2486 127
1454 2686 825
946 2484 740
2330 2236 247
601 2250 340
459 659 680
2620 2878 426
2363 1398 432
2986 2280 502
3013 2381 323
2571 574 98
1716 2186 468
2470 131 214
1984 2770 641
1874 2338 526
1661 1453 47
1341 2174 852
1601 19 747
1745 1882 696
2713 60 168
1302 1994 879
1588 1203 455
1772 3098 928
536 2629 312
1878 2532 387
312 636 988
2315 484 393
2696 1633 186
320 809 551
506 198 718
2767 2574 241
2490 1692 836
2844 1469 168
1455 1730 987
255 1385 291
2830 756 771
1521 2898 359
314 516 798
2442 2989 330
1079 744 691
1827 746 954
1987 1841 688
2557 1272 548
1341 775 755
2530 733 635
17 373 374
249 134 457
2877 2293 200
1773 945 299
1721 2157 253
2376 2079 7
262 2049 481
2684 160 609
943 2298 914
2488 1972 508
1001 856 641
757 747 28
657 1042 886
329 924 167
863 977 697
45 1425 826
1544 3035 526
276 2662 907
465 38 724
2484 1803 780
2019 3074 400
130 2621 489
1502 336 821
1362 248 871
636 417 953
320 360 65
729 1220 747
1114 1409 1000
1682 3021 11
2063 549 269
401 1535 517
3078 1770 420
268 2696 676
1815 1325 482
2584 2235 681
1284 540 43
808 970 937
1253 1908 556
1696 2075 599
2997 76 487
432 1063 377
2287 812 717
1510 2012 484
879 130 118
642 2030 605
245 2984 857
1811 2186 353
2592 1650 768
2883 2918 428
435 864 913
453 2828 113
342 1943 238
165 699 165
2921 2855 971
1314 1416 730
1534 825 961
1647 970 574
1958 1600 314
2240 2215 692
1234 1978 996
1055 1285 865
1321 1895 424
2376 2144 110
1667 1367 870
1591 1109 253
2225 1488 253
1245 2592 222
3092 1057 927
1924 1254 210
2837 1047 810
825 703 575
217 2114 941
330 3015 598
1293 3002 70
1707 2549 901
1544 1309 994
2818 2580 964
2420 203 364
2984 2044 893
1722 2925 453
2955 205 644
575 599 879
1853 562 913
2986 1439 363
1926 1032 909
2965 2961 92
1370 855 207
2471 1699 17
853 11 783
833 1944 139
2629 2917 857
2115 1018 552
892 2796 861
3030 35 625
922 520 416
1197 2423 613
2331 337 175
2939 2030 349
982 2198 331
952 1171 3
1124 2812 76
64 1470 964
196 404 324
977 79 566
1423 937 895
2180 375 356
2919 2527 706
1032 1683 302
933 847 272
1368 2274 666
790 1370 809
2359 1058 189
1048 326 283
2864 743 153
299 1183 150
1488 1502 558
804 1834 221
2870 561 424
503 2313 79
2757 446 44
2831 2484 146
1361 496 109
627 1822 248
3014 1423 242
2220 1230 355
1352 1184 484
423 1923 481
2491 783 901
2603 197 381
2712 2103 727
2444 214 275
2375 1238 916
2732 849 477
3070 1070 256
708 1166 330
901 2999 304
201 972 926
2886 606 666
1022 2062 189
1151 3006 69
1519 1472 4
2510 2837 289
1794 1548 362
3022 2184 948
2210 2383 603
2939 908 938
1183 1849 437
2065 168 27
1342 725 697
668 1704 427
2567 1923 863
2321 1857 76
2828 825 857
372 2297 247
1467 274 155
989 11 78
1520 3081 9
237 1264 661
1871 2208 868
2574 1026 906
2182 2164 898
2712 472 974
478 2644 916
456 302 845
37 2153 646
843 571 482
1831 1938 854
1049 1889 510
1941 390 256
2631 2339 614
2862 2626 515
2430 2233 132
3045 1167 37
370 1924 236
770 2259 578
392 2955 238
1492 1786 313
2888 2715 111
586 2266 297
2931 1333 695
2497 1053 203
1163 2145 361
115 212 850
1319 1049 453
2238 1107 690
1988 2534 243
1196 1101 7
1438 2212 479
1858 1943 56
71 1693 864
2986 1171 782
1830 17 880
1923 778 996
435 168 863
1740 1940 136
944 658 890
2766 2955 358
2639 1188 140
2488 796 563
108 2909 211
2251 18 514
637 2875 738
44 603 984
1776 828 486
2458 599 255
2296 1427 191
1443 3050 639
856 968 167
1315 2054 241
1454 1051 995
2791 848 424
1160 884 246
2558 737 706
2238 274 318
2343 1609 484
2759 566 365
163 1253 975
2089 2863 710
1375 2151 808
1403 3064 257
1333 288 31
140 2792 162
1973 2277 969
254 1119 554
587 871 333
2622 1459 782
708 906 347
1208 1952 368
207 1956 46
1805 1535 603
1975 6 373
2327 288 428
1827 461 455
1143 84 154
338 200 312
2592 2711 207
2638 2033 877
295 1293 782
101 193 189
1267 1247 2
2139 1231 687
1341 2268 755
351 2709 684
1271 2267 570
18 378 64
1379 1289 495
1776 2000 737
572 2774 487
1356 2558 398
1090 1736 715
2196 255 49
1442 609 961
1473 2862 7
2577 2601 262
1066 1125 275
1595 1429 110
1770 2027 699
2005 761 334
1423 2265 963
529 1887 195
2993 2096 301
883 1594 684
1604 2566 192
858 2410 789
3020 2981 906
746 928 395
4 1955 654
1288 542 948
2733 105 811
457 744 885
1316 2489 30
653 267 165
292 1870 207
1873 1423 395
2910 2010 650
184 2829 633
2352 1479 282
1612 2259 934
2056 2296 349
2595 56 247
2129 2068 473
2815 342 175
2122 1443 328
1782 2557 770
2319 2979 431
1074 151 680
210 1656 32
1437 262 439
1515 731 393
1011 1499 172
1916 295 458
634 975 238
1983 990 588
1515 2786 98
2447 2172 393
756 434 282
591 1364 913
540 563 433
1101 406 71
911 2297 944
2968 702 615
765 1378 385
2969 1225 104
622 361 178
2505 3093 430
620 842 910
1783 2051 342
2972 2462 151
105 133 27
747 1704 865
1029 2451 549
1572 2394 888
53 987 246
2481 3088 350
977 1445 263
2011 138 104
834 1287 41
2123 2392 228
821 2493 450
2767 423 160
1480 1925 603
1460 1072 180
2312 6 814
1370 2440 757
1605 2995 50
835 2926 217
2420 1919 131
3002 657 415
548 308 182
693 2203 656
1014 767 791
2062 3004 896
2630 2037 642
2694 2903 988
2910 1546 790
2733 2488 183
1276 2558 838
907 1192 457
3006 408 547
1349 518 631
2292 1876 527
2838 1347 747
545 2181 284
2934 1868 752
182 861 560
3067 1702 843
30 2290 995
1726 2370 432
3026 2984 801
1968 2178 814
788 2832 911
1098 668 454
2003 1987 316
2852 2172 354
818 144 672
3003 1766 645
411 1559 529
153 448 309
2091 1695 802
163 510 624
1231 775 15
2148 1158 971
2038 2244 730
1391 2692 415
1127 610 346
3090 2749 260
2776 499 309
2811 1377 278
807 2304 404
2620 1866 24
1064 477 487
629 2673 877
2181 1999 403
2262 234 729
2842 686 215
1546 67 465
546 2631 898
2146 489 651
1485 243 519
1661 2531 789
3023 2040 44
2449 2322 490
1661 2106 970
1054 2592 829
1909 1588 338
2852 2087 921
1815 1851 639
825 297 977
530 581 77
474 1930 698
584 793 771
1280 1118 977
1543 1680 127
1189 2531 399
270 526 940
484 1603 106
1524 2988 171
1387 1690 172
1612 865 872
2759 2823 372
847 1751 132
1986 2782 415
773 2506 812
1163 2671 206
2176 599 691
651 2935 701
2530 2835 824
2767 2627 184
2190 2582 914
1065 2336 714
1869 2574 897
2518 783 612
2874 1791 725
50 579 701
2878 1754 7
2678 2739 114
26 2428 432
1216 2426 269
2478 2628 350
1666 2281 309
2529 1026 827
130 697 668
39 1208 105
249 2024 70
2206 704 786
2469 3095 775
1094 209 776
2560 2546 340
2752 2248 240
2506 23 944
1972 558 507
1938 1727 397
3095 843 803
1270 3094 441
268 1326 415
2394 808 181
189 348 970
2578 1411 764
2303 1888 221
3058 243 209
473 2505 411
3076 1779 571
1382 2288 523
2388 1349 760
298 2830 321
331 819 369
2965 605 19
2603 958 735
277 867 274
1819 3028 412
3017 627 272
2835 1922 118
280 1741 855
1821 961 272
2272 2581 344
1326 313 978
222 1869 67
1095 1741 665
1177 937 347
1014 1633 129
447 2858 534
2099 2908 628
694 2149 226
2888 1884 901
2409 1572 867
1883 317 370
394 2991 995
1649 2388 359
3065 2082 997
588 853 51
1667 619 706
2223 343 112
3013 496 961
1768 1982 171
2990 2437 290
11 2953 374
1663 1405 412
1579 852 764
1399 1830 585
2081 289 408
2995 409 884
469 2677 200
2636 1728 690
2253 320 559
595 2564 708
135 742 769
2699 1751 348
1526 1848 107
1168 2752 720
787 2773 438
2495 2842 161
2341 1764 342
1149 1805 784
1566 2637 276
2604 2324 994
1649 2995 192
1739 1162 306
1145 1864 288
1326 499 958
2129 2492 87
439 1712 423
2156 1691 141
2032 2731 505
106 893 497
2044 775 847
2892 466 838
1618 1265 682
787 1850 105
2914 740 737
636 1019 217
969 1109 373
2087 1399 747
2961 1659 106
1931 2770 133
2520 2743 600
1015 2012 261
347 2257 518
1168 2675 267
264 1502 938
2246 1866 331
891 3022 628
42 2555 733
1169 200 630
1578 1108 70
1011 1674 283
111 77 445
1128 1303 725
1896 1191 266
242 2234 42
1305 741 413
461 428 418
211 1198 593
748 1226 149
1469 2935 358
376 2465 856
182 406 256
159 1262 531
2509 1682 519
305 2311 406
772 1734 237
1866 2746 588
2092 1064 844
657 1647 132
1082 1949 939
452 551 680
864 178 217
1773 432 254
897 268 323
2863 560 538
3028 1201 402
2359 2559 373
2577 326 744
1529 2678 403
3071 2104 792
2842 2411 309
1390 1111 525
228 668 762
1346 1217 930
2592 2610 570
1217 1457 878
2190 1119 97
1670 967 277
458 2448 612
492 2079 554
823 2694 875
1439 1878 842
269 1255 490
1699 2744 921
986 121 976
462 722 715
1940 2837 260
1275 28 591
267 2360 250
1004 2151 65
441 323 329
490 1962 516
1539 2479 602
448 561 166
450 171 375
2591 2833 925
1219 390 556
2294 2956 514
468 225 329
1252 1121 636
3076 204 929
1683 594 412
2916 1126 347
1334 2022 496
2852 1077 58
2855 957 599
3094 794 754
154 169 514
1154 1461 521
2833 1938 454
2054 1960 752
1878 1843 5
2248 2790 635
2197 1624 853
1174 877 707
2755 267 360
485 709 370
63 3007 38
2338 2170 582
2486 1536 794
1961 578 495
1200 2207 717
2636 2690 96
546 507 953
376 1234 836
2064 2388 904
747 776 40
1097 1911 920
1692 639 31
1552 2560 511
2747 1645 83
2923 1647 196
2709 3004 514
1701 1868 364
2452 1735 612
1740 1334 499
1788 1991 327
1469 1953 808
2640 1686 291
925 3050 33
1435 1816 200
2421 2527 714
2708 1305 761
2027 2550 199
1379 278 428
617 689 907
3055 2042 968
332 2474 368
923 2497 949
3089 543 339
2016 549 481
923 1510 914
3033 351 886
677 1837 834
1409 743 893
711 1707 432
177 1744 258
547 2397 709
2769 2010 213
168 1255 848
709 1583 112
2576 1132 934
1125 1262 469
1017 2323 444
2372 1602 866
2834 2619 477
176 3096 140
602 1433 153
535 1110 988
1214 1169 801
972 887 488
2131 2124 326
1310 2448 8
2943 2421 813
2941 741 757
946 1529 579
2600 972 520
713 620 849
1615 2086 68
1223 2598 87
781 1637 269
2107 888 879
2925 515 408
1881 1162 884
2742 1700 252
1409 2341 694
1010 2347 645
1628 547 651
968 1374 600
2262 2718 751
2548 2419 778
2374 1951 879
2074 889 130
708 966 705
1704 648 53
2299 277 656
476 523 565
2153 2833 27
2876 2386 559
863 641 830
2793 1563 445
2636 2236 46
1541 1872 909
631 428 6
236 2509 615
694 1392 525
1896 0 574
2127 1758 869
2032 546 259
2027 3050 290
2988 1249 371
1899 1082 495
1191 309 118
2218 166 358
135 1837 561
1768 676 156
1292 164 796
644 3011 212
2505 680 242
2686 758 103
997 622 274
1196 1231 234
2415 357 282
737 1856 131
3080 2122 978
1026 2288 678
701 1976 255
933 2095 12
2335 645 303
1898 117 546
2315 838 128
1411 592 878
2610 1790 719
237 2551 315
434 574 311
1798 866 878
1764 916 752
266 2172 884
538 1364 577
1443 1118 986
2610 2920 514
2925 1903 42
2209 3016 498
1189 1115 774
649 2017 340
49 2587 227
1758 3021 222
952 1140 389
1840 2244 139
2348 1827 24
2520 1597 115
3005 1209 992
82 1342 716
2730 2238 284
707 849 531
612 283 664
241 561 443
2495 1262 680
273 2346 37
1559 906 508
2079 3034 788
538 79 165
670 2646 404
639 108 246
1179 2015 854
1415 2194 349
2061 1504 96
1908 1417 16
2364 1227 830
876 2842 390
2435 668 218
584 2934 541
895 1164 609
1648 1239 269
1790 71 956
1333 1153 54
946 1053 651
1240 2745 147
1603 2848 228
766 474 963
2545 1664 644
108 2792 686
2058 2291 329
1069 1863 315
2373 1136 35
1107 1973 71
1183 2836 423
2727 774 793
15 63 538
923 2482 835
1870 2392 373
232 1556 499
1029 333 656
1492 88 984
480 215 575
1193 259 906
1647 2969 645
1867 1093 391
2005 2174 30
1544 1101 633
1706 1400 159
1039 21 536
474 2364 468
1900 400 227
2037 1099 539
2976 465 687
1331 3029 469
1598 2895 908
604 1422 495
1384 1836 497
2690 1838 783
1356 2206 986
3047 2684 380
564 2755 611
307 3084 538
997 2157 938
1083 2406 585
651 2879 287
1612 1600 515
1370 2698 202
2862 3028 306
2350 2523 555
1953 1024 803
1864 1805 567
1644 154 991
1072 643 201
2546 2225 829
395 2179 508
2398 557 680
105 1179 997
1017 2973 61
1495 1944 29
904 2102 486
751 1505 654
1355 3027 524
42 2958 663
2270 188 388
769 1863 76
1432 1090 65
41 697 412
405 922 820
472 162 570
814 35 338
1020 1916 775
46 1079 958
2855 1476 897
2682 576 921
910 2227 81
3096 1795 259
3031 1565 785
189 1538 10
2234 1112 792
368 1571 288
336 2608 749
2823 286 713
2781 72 491
2830 2873 261
1283 1480 906
2663 484 465
2604 510 307
2673 1722 516
2525 2330 787
1571 2996 120
2813 3035 87
2670 1065 215
485 2759 668
2027 2019 510
2394 1226 845
1769 917 378
1507 1199 81
1173 1503 509
58 884 706
585 599 726
285 2981 618
1311 2807 587
1529 1032 70
1459 2814 655
1211 1586 590
1509 1398 26
331 2864 22
1548 596 645
1010 273 521
663 2866 530
2821 1346 198
1467 649 335
1873 1638 883
950 1665 941
1525 2398 474
657 3003 270
2889 319 296
456 251 673
2748 1542 544
2502 1049 165
2499 912 173
1446 1516 538
1765 1009 269
270 1570 709
845 90 221
798 2178 622
920 958 226
2531 2163 702
1721 1654 192
1926 63 787
280 1903 242
1822 1160 90
1242 1516 77
2126 153 460
1767 2222 130
1665 2652 579
2286 1683 493
831 2894 90
3025 132 268
2630 871 956
248 609 947
1137 2539 605
3033 2734 400
690 3026 788
868 776 899
448 17 922
580 1194 961
1902 2046 654
645 2365 958
736 1804 935
2099 62 761
2476 490 142
1663 1994 440
1930 2068 698
2348 1095 738
2806 987 622
2853 2722 134
2627 585 456
1688 644 689
2411 1314 414
1505 2363 263
471 1306 186
1832 1339 304
31 1729 410
1736 1359 222
2883 2747 778
238 198 975
2292 1234 301
489 1121 930
2624 1705 420
2836 2348 719
1304 2606 658
94 1789 354
2396 451 304
1781 1038 187
3082 510 131
1139 636 752
1215 1099 756
2356 3093 108
2813 424 802
3083 2333 993
1164 962 287
1465 2313 738
3020 836 460
24 2991 390
2647 1472 697
2046 1604 689
436 1762 957
991 1779 995
1414 301 535
778 1994 47
2301 157 982
806 144 497
2780 1957 283
2914 1796 623
2515 1350 227
1189 1355 818
1905 1768 777
2435 2833 873
2341 1912 537
1272 2981 657
768 2326 908
2104 1364 818
1104 247 396
2480 23 739
2895 1013 287
2305 1264 763
673 324 175
2416 944 454
989 2390 696
2167 2342 88
2221 2816 892
875 2199 845
335 1916 79
778 1477 830
1468 397 122
2528 332 165
869 2121 541
298 2545 648
121 2282 454
2603 1498 951
753 2924 376
95 2259 711
1109 2877 57
2679 3091 618
2529 1259 780
1445 1457 621
2663 2768 521
2500 2263 748
641 1139 580
1980 905 69
1790 1597 348
2407 7 126
635 761 198
1736 539 650
1402 1976 967
1453 2729 658
2923 420 637
1361 2895 914
413 2004 780
1989 1997 265
1624 1902 489
1337 1530 511
2584 694 321
2098 311 149
2522 2412 577
843 581 297
154 2670 285
2630 2770 344
2032 2002 601
1861 1849 945
1372 943 117
524 982 655
2429 323 639
1726 2878 549
608 1485 220
605 2333 335
2862 2353 432
1702 3059 204
3006 2349 625
1482 1003 442
2178 2233 440
2895 2487 479
401 2555 738
310 950 845
3037 315 279
2044 1001 12
2800 536 357
701 242 378
1740 362 424
1613 1654 31
2550 20 879
484 291 566
610 1168 923
2852 1604 334
2132 1210 414
2568 1718 590
437 1632 563
1239 1053 487
617 2110 368
985 391 795
636 740 113
2686 1442 946
116 1861 710
1426 2039 574
404 1046 280
2959 1141 494
1465 2795 706
2541 1330 162
2883 2562 387
945 2445 674
982 1883 117
2774 1283 349
2941 2243 977
2014 2451 570
1806 1875 662
2125 532 331
338 2420 602
1258 143 666
784 287 308
1528 2351 672
729 1149 34
1642 1783 563
518 962 204
534 2546 231
1374 947 266
218 2793 416
2798 2328 981
2539 27 588
1203 2197 583
1382 1617 661
742 2683 792
1094 343 810
2633 2966 474
1583 1032 397
2804 2776 285
902 2658 161
1270 2148 31
622 1091 573
2832 421 688
949 225 897
720 2403 226
1849 2676 129
133 1537 882
981 2556 276
1945 1927 243
243 2110 138
2215 736 252
2792 379 83
2966 1758 755
588 2157 465
1563 1742 750
1331 1994 15
414 1810 648
906 2653 748
2699 1698 966
507 2853 394
291 2800 331
1695 3057 379
1942 2965 243
662 23 178
1400 2591 193
1836 2188 743
2931 2233 480
2858 600 113
2251 1672 935
2698 428 455
1453 1044 846
1919 178 924
2799 2735 287
1675 2415 287
2305 895 946
2154 1432 502
1337 1455 232
1831 523 910
736 75 261
1685 1261 521
247 954 434
2970 1234 44
1198 2684 985
1919 264 225
2749 2816 719
663 1670 229
425 3015 193
498 2897 372
1776 970 373
3087 1932 70
1164 2298 185
2708 86 410
2955 2102 377
73 1071 354
1015 1664 821
2350 408 77
1109 586 751
2637 1396 400
131 1286 397
47 2644 325
2690 23 508
439 1182 556
2423 478 989
2826 1691 819
1961 2498 213
386 223 335
2597 1894 755
1784 1433 703
787 666 241
811 1674 725
2359 3085 896
1489 2338 297
2562 2896 961
541 1957 603
1223 2923 825
197 2066 577
1859 2523 81
1582 2007 506
1866 2444 743
323 2380 683
2091 871 631
2216 103 331
2538 840 675
2966 1839 43
2749 1374 512
613 1891 440
1958 332 917
1433 2804 48
1182 2318 707
817 2368 532
10 2500 627
378 284 352
442 1911 734
1663 2157 480
2625 181 214
1766 625 81
399 504 717
2060 2102 2
1199 882 391
935 1661 119
2112 2813 73
1592 1019 754
2338 380 385
670 2896 591
1659 1393 342
2121 2597 995
2140 1615 311
1580 2859 855
2160 2749 429
2474 2339 372
30 1340 486
165 1729 400
442 786 200
2393 888 826
867 304 725
1296 1824 377
3021 715 525
1750 302 3
1103 1831 745
1791 2795 697
1374 1119 586
1437 1736 792
45 1412 117
951 304 16
1083 2830 896
2398 1729 855
1869 2720 85
2751 85 195
1163 519 939
1283 1320 763
3087 2371 555
1419 387 571
273 2839 613
615 3040 201
2204 782 674
2943 426 136
1181 828 90
1059 1379 105
163 3022 104
34 437 839
1377 2113 351
1687 2195 351
144 659 33
1933 818 262
2906 1703 349
1638 338 52
41 1276 638
1017 2531 592
2614 305 803
842 2052 317
758 992 619
2023 1855 210
194 253 928
3015 304 807
2623 1981 743
2897 1580 416
2842 2974 102
2832 2159 204
1989 145 302
1886 2206 188
2685 2345 498
193 2461 14
1914 1844 707
1487 757 37
1050 2316 104
2268 41 766
2555 221 153
1049 1132 120
1705 739 620
718 2308 8
2427 1588 455
3060 485 206
2364 1148 668
576 375 262
1153 2129 835
1485 2730 770
1146 397 442
1136 1065 351
2131 746 63
877 3082 301
1418 493 686
1398 2012 171
527 2764 113
2733 2330 287
2749 259 857
737 88 493
2104 1836 38
994 1883 292
233 2267 756
752 3047 85
2814 152 213
1266 1920 713
798 2691 719
3069 2092 984
959 1289 154
1529 2765 915
1436 165 926
46 2939 621
945 1724 600
331 1270 522
2307 117 311
941 1150 373
488 2299 913
2755 1259 71
2354 2453 975
566 2145 711
689 1130 322
917 1413 7
2499 2150 979
1309 697 807
1658 2418 247
2775 2474 618
1984 2766 722
1850 1335 298
2437 1733 877
1305 759 261
644 1195 672
90 324 71
269 2157 702
1021 1458 553
37 2060 710
2379 1000 708
1411 2083 55
704 2535 270
2369 713 670
1403 171 396
2458 1564 924
1219 1028 983
189 298 940
702 2865 601
1806 1991 829
2169 2533 619
1566 597 878
1471 431 155
1867 2169 601
957 2207 454
