3900 3952
2864 2162 242
603 176 269
2232 522 164
2592 1806 653
1279 3430 33
1961 444 533
2661 3131 689
3480 575 459
558 1950 245
1465 3519 816
3300 3181 239
3748 2720 29
3002 695 576
2439 3311 262
3487 2140 534
716 2601 153
2097 2004 917
2497 2099 510
1246 2532 267
3875 37 675
2683 1363 519
2336 2644 691
2789 3861 512
721 2356 464
264 839 79
243 1233 580
2236 2867 458
285 3355 283
1108 76 911
3003 3488 349
282 1430 528
185 2107 34
1981 1592 244
2934 401 414
3171 1082 462
743 170 107
541 2965 262
1906 510 703
2937 3685 369
3351 481 24
1025 2696 612
810 2950 773
2382 1467 244
1591 2474 821
2535 1636 988
2617 3647 309
3081 1139 80
818 565 706
621 1828 279
1606 1921 747
3159 541 386
1562 2513 698
384 1041 898
628 68 791
870 686 375
1965 2357 327
2126 626 663
1077 3863 348
2768 720 858
1976 1094 415
1438 2283 938
2099 1060 101
1234 3827 950
4 676 335
1553 1165 704
3828 317 214
492 3318 86
2929 1321 522
607 2104 490
959 3476 52
2765 2480 153
3544 838 86
2938 2791 894
550 1220 493
1078 334 809
2189 1419 317
2276 1752 937
3634 673 395
3006 305 602
965 1642 205
1919 1835 377
3265 2517 668
3789 3134 635
1669 1074 755
3742 400 81
2411 3603 653
3090 747 758
3103 390 16
3691 2257 850
968 1013 292
188 126 263
1148 1971 41
2879 2608 391
537 241 423
2527 3057 158
2577 1728 312
687 1392 631
3155 78 403
2919 3337 650
1026 3133 365
1005 2172 864
3278 2539 953
3453 1761 595
3860 3372 788
1172 904 636
1779 3882 468
658 199 347
361 1710 112
1840 452 155
3072 3101 590
910 2794 889
1063 493 516
882 2475 102
1533 738 136
1622 384 163
2305 1355 650
1725 577 563
2651 2586 16
2423 2983 135
1002 1713 924
1054 3490 642
2017 2864 438
3412 2815 901
710 2567 39
1766 1554 34
1091 2543 384
830 2822 619
579 2772 544
1106 3191 361
2680 1754 420
3826 3659 557
1097 2853 334
246 1773 719
1752 1111 892
2928 11 512
1221 1718 46
2167 2316 773
2122 2776 579
140 858 883
2119 2993 501
500 61 368
925 2711 999
2046 3698 106
1052 1748 240
3557 1375 636
3089 373 24
2555 1274 223
1126 1526 999
308 1166 286
3394 2406 933
799 3309 855
2176 2554 759
2071 505 906
1153 2907 830
1938 3563 509
2642 232 647
343 821 654
874 3277 444
3211 1721 566
1198 193 994
390 3242 786
2419 2766 902
2408 2841 898
1690 1366 226
1173 673 477
3218 1026 734
3188 3105 715
1166 752 485
534 3525 781
3859 1084 256
1614 1832 876
3254 711 497
3580 2823 82
2308 676 850
3031 407 423
2068 2154 547
2074 3382 671
2518 2229 207
2700 3290 796
2283 2244 557
325 232 838
3426 3247 111
2162 2778 691
2903 837 430
707 1978 696
2705 2752 978
1316 1372 854
1594 3559 547
1625 955 838
3742 1567 698
3115 1865 149
1718 1303 90
3564 2431 911
956 2086 710
2116 2806 965
3610 1723 54
1280 2792 790
2692 1761 187
138 3487 143
3175 2431 934
118 2 63
145 2596 637
3286 2315 98
418 3085 80
920 1472 30
2799 2794 524
3337 918 294
2390 2687 707
132 3480 780
3819 1444 259
3378 1034 805
504 284 618
2798 675 480
3117 2314 410
1338 2362 967
681 718 11
174 858 190
3397 2657 444
2164 3813 129
2597 3551 735
2906 9 214
1871 3426 163
1458 2483 690
2906 3634 188
1000 2453 603
825 1362 560
3105 1485 275
796 3361 269
1261 1674 15
1890 219 255
3229 1730 857
2415 1438 787
1262 1128 936
2101 2906 919
3667 2348 498
3775 703 237
1024 3638 697
3701 208 312
1164 1589 449
3208 2771 394
176 973 431
665 2592 830
2867 3116 623
1058 775 967
2341 735 206
3646 1151 218
613 375 807
2407 3801 355
2079 3528 720
2484 3227 745
3732 3374 884
2336 1073 992
136 1934 866
2781 2445 669
3531 2707 970
576 914 132
3112 77 507
2967 2034 255
914 3676 991
2956 1124 388
1902 3359 666
1340 785 734
2155 1674 430
2879 297 465
3755 3306 363
690 3143 522
809 1068 607
3662 3321 69
1380 90 166
2015 3640 658
707 3836 597
2808 1358 534
3276 1006 876
1884 366 989
2901 3763 13
1444 3253 490
3407 383 438
3604 1748 84
2847 180 158
760 2915 283
658 3329 284
2390 1510 157
323 1415 459
3542 2529 969
1760 2440 271
388 2172 467
3707 247 529
2490 1611 390
427 3642 635
89 2313 145
352 2090 526
2898 2168 879
1584 3222 885
111 1613 997
1558 2002 552
2431 248 77
1051 212 197
865 3643 906
3108 1429 854
3430 1182 931
3796 1284 153
3575 2142 167
3806 2514 230
2943 1313 249
1799 3738 862
3663 2190 404
2926 1799 283
3414 3505 599
3176 3132 915
1133 2787 779
2242 1827 994
1015 1502 861
1283 803 236
1528 2654 203
2165 2696 177
2467 1010 295
974 741 799
2188 2480 297
3141 3198 579
2637 3134 782
2126 36 799
440 3441 864
1440 2987 843
1307 1260 97
1199 2276 11
1553 3682 887
1894 2179 260
207 1339 665
2517 3218 874
2189 1322 210
2604 1608 290
3027 1322 275
2963 836 710
510 714 330
1943 2840 128
2304 1142 937
362 3617 754
1767 2116 942
3280 2967 286
376 428 321
1188 2554 273
3844 264 396
999 72 934
1759 1164 511
3775 2764 236
3614 3223 112
3655 321 986
3627 2373 757
1614 2430 632
1097 2876 147
2951 1314 236
2956 2662 24
3235 3727 370
3043 1508 936
1211 3782 291
2854 1913 358
1843 2817 704
2635 3862 609
3421 3516 854
619 2962 19
2099 1448 149
2343 132 783
1473 2642 575
1961 759 547
1843 3397 593
436 2577 559
3324 557 623
241 2399 744
2952 1012 643
1835 3820 360
1322 2001 217
331 3722 93
959 3857 124
1356 590 689
265 3392 525
1341 2448 123
2842 480 433
3555 1745 304
3327 2093 738
3723 1018 448
3148 135 477
1491 1021 742
3702 1752 472
2828 39 160
1042 1660 529
724 2868 255
3275 1617 25
2815 3722 59
3448 609 824
3549 357 726
1836 1842 842
2002 626 173
2321 3527 459
1707 2453 941
2972 797 562
465 3471 532
926 269 174
3741 1411 218
3754 1682 967
1880 1831 340
1674 3774 870
135 2014 758
393 40 969
2094 1114 798
0 2873 520
3483 373 104
3310 2167 524
465 1730 79
1415 1417 23
256 444 31
3071 1794 919
2842 1912 44
936 3132 754
2883 3658 965
3153 3519 923
918 1533 34
2537 1674 543
3511 3651 544
2986 687 17
915 1068 115
737 631 80
1584 1679 746
1238 669 396
2698 1365 13
963 2694 208
2208 3197 728
960 2659 543
1822 2850 292
666 3546 906
2701 2766 384
3652 2246 995
2922 3730 920
551 2827 607
1413 3214 124
2603 1808 281
1185 2445 217
3677 101 274
1372 2106 284
1435 2700 184
1266 3315 37
822 3081 922
1580 3655 809
1206 331 714
416 772 932
2790 568 643
2719 2819 844
950 3211 472
3148 2024 610
1799 2109 777
2741 1966 630
1151 3072 768
493 3287 971
3512 3356 154
3326 2465 465
493 1651 495
1481 3541 269
2510 2810 736
2710 3183 980
1481 2858 152
568 798 319
3125 1369 680
2797 2780 420
3303 1786 657
3827 152 911
1311 3335 889
1330 2968 998
830 2609 501
2964 1055 369
141 770 252
1459 1048 434
724 676 203
1246 3557 331
3844 3487 461
3588 3504 761
1860 3652 129
289 718 532
2302 940 596
348 3457 512
3514 1865 509
2042 540 260
3005 3862 251
1666 1518 646
1794 2904 81
429 1207 463
959 2236 68
304 1843 63
1478 591 865
1807 2421 971
726 2838 102
2322 513 204
675 132 179
2392 745 921
812 1601 443
3435 597 522
1355 2790 243
3647 3826 919
843 3235 786
1448 1147 223
1328 1915 386
448 2275 155
83 2500 532
1216 2816 292
1604 2894 26
3179 3214 19
3708 531 677
2223 1925 293
1309 1614 255
1166 1393 521
2919 3864 953
3866 2064 388
2752 205 324
3178 2686 605
3621 2111 408
2377 1753 276
2068 3659 248
3591 2595 954
3604 3735 721
39 2935 793
1809 387 245
1318 3701 698
2249 1914 662
2827 1233 229
590 703 732
661 2867 764
3071 511 953
3496 3880 79
3399 2981 967
1145 2782 307
3251 2002 771
1823 2305 764
2639 918 155
3540 414 170
3109 171 341
11 1153 128
3036 795 689
2318 2860 419
3538 1362 198
2674 3712 967
1009 339 9
3330 3130 895
1411 3256 375
1086 3690 452
3698 838 763
902 3772 799
491 1655 438
2022 3464 987
655 441 170
508 1632 33
1329 701 317
2309 1623 826
969 2235 582
1368 3662 413
1833 1894 926
1507 204 387
1490 2145 70
891 1178 15
270 2188 950
2036 1701 165
648 2795 647
2886 3430 839
705 3584 891
119 1424 721
3194 1294 53
1117 2063 187
305 3774 987
1172 2623 289
2379 3310 956
643 553 422
915 3087 259
3348 2991 883
2157 3684 602
1397 1749 825
2552 820 193
2270 377 796
621 2761 900
1143 416 135
1578 2151 726
2558 298 312
297 3610 899
1403 377 71
971 3393 564
1592 2587 47
3275 2068 489
3139 1310 274
542 578 456
623 2691 634
2796 1633 221
1202 2944 500
1929 3886 244
2344 2033 227
3546 3085 152
3498 3789 734
751 825 124
2138 246 946
1581 1611 403
2477 3732 330
308 638 690
1047 1091 68
402 2644 527
2301 2432 639
3550 1030 265
910 2475 503
2875 705 423
2432 2313 820
2959 231 59
1507 2277 857
1432 2809 324
657 1069 146
1470 2437 183
525 3245 760
2132 3338 637
556 679 401
162 2396 754
2966 3802 186
1102 2290 747
392 3171 12
3531 1275 448
2085 1852 205
670 3514 542
1867 3213 63
3551 2241 104
118 3459 170
3880 2427 302
2149 3827 598
937 2798 946
547 3153 562
181 2749 169
3186 1503 153
3810 848 159
3740 1740 180
1317 3304 253
1630 3085 860
2928 3423 291
1783 148 557
1637 2374 482
198 135 675
2897 570 217
3342 2873 334
2493 467 207
348 2603 906
3495 2051 211
3362 340 828
22 3449 574
1368 2570 354
1079 2202 492
3737 2476 129
3043 3412 830
1678 3492 182
348 1992 948
3197 876 505
2718 3158 892
89 3099 189
2706 2447 143
2944 2900 184
2867 3504 654
2258 2516 466
806 2670 523
2680 58 903
152 1196 68
1687 2484 775
3503 3645 436
723 2659 853
400 1595 244
3072 1605 104
1156 2807 78
1408 2226 874
74 2387 146
131 211 563
884 3629 183
545 1473 976
1969 1170 161
1687 266 900
3634 1016 606
1710 2654 251
1798 2695 298
3666 2357 623
2035 311 316
2167 3886 152
78 1882 191
1740 3256 454
2826 2262 158
1622 1407 938
291 3304 755
1524 55 682
1005 3434 684
2708 1247 616
890 1552 857
1915 2069 262
2174 194 129
549 2309 475
448 1764 71
753 3264 662
711 864 183
2132 2575 531
458 3656 382
548 1046 511
2290 1305 206
1188 2253 290
2242 3449 313
1739 2624 431
681 2900 289
3482 718 217
1311 219 238
2107 759 437
2847 3341 646
1380 141 744
3029 484 860
354 3701 611
3657 1250 200
3142 2895 161
1367 957 802
3185 2022 999
3732 3235 26
2733 209 452
177 3412 144
2737 2448 449
719 1647 619
3332 2113 982
3179 52 774
2638 208 782
617 468 281
2315 598 995
1168 637 575
3175 715 955
30 803 299
2391 2560 891
900 3732 681
2341 1986 253
2899 2366 871
968 113 601
3545 3422 643
2467 2319 892
2352 1374 932
1799 927 687
2348 2230 530
1432 3032 271
3305 3832 797
928 519 870
3313 68 16
1312 2378 739
1972 3437 939
893 240 98
921 3725 155
998 1907 277
151 2037 518
3037 1521 843
3493 2665 167
3399 3744 454
965 1998 816
2758 700 630
3364 1368 824
1036 3267 86
1625 3634 38
70 1889 82
3152 2787 719
3313 1657 673
1144 75 740
768 2023 120
85 322 935
501 924 909
2375 1776 844
3204 194 530
2132 2755 772
1910 2304 549
1176 2596 795
2382 1316 693
980 3010 744
2102 395 432
3132 1368 623
2892 770 530
3056 444 467
977 291 570
1284 126 601
223 3184 574
3489 2909 878
1067 640 276
698 3416 284
19 3857 530
3009 2645 899
1766 3744 606
864 1275 71
1664 2171 237
1185 3819 907
1404 1321 714
2627 735 293
2349 1350 390
1508 1911 980
2807 2469 876
3084 3200 846
1103 1683 510
1454 515 677
718 3600 53
772 1037 273
1127 699 979
1857 2309 977
3420 3514 279
539 1922 369
1573 1290 448
1178 1107 494
260 2995 602
3001 1333 778
3778 1364 560
3104 2614 976
3080 321 837
3588 3265 630
1846 1787 969
2762 2246 158
1555 1986 496
3201 2250 304
3426 2500 870
1135 2827 328
2354 2444 37
3558 177 669
2820 1547 718
47 2282 322
196 2498 718
3597 3412 10
2956 2092 97
720 3195 8
38 2000 937
1792 2530 765
1485 2129 554
3695 1759 376
1901 3482 128
148 3116 724
690 3722 526
50 1662 886
3070 2254 710
2756 1080 156
3150 161 274
879 1690 855
3152 2968 411
187 1628 256
2110 2498 491
467 1959 492
1421 3760 455
2794 856 359
2777 3658 528
3861 2123 81
2424 2860 685
3669 1581 464
2119 2825 699
2114 3575 434
396 2583 502
2544 3405 836
1424 3502 397
3582 3708 443
498 2666 54
1066 1763 744
1524 3085 656
969 1460 634
2445 45 300
758 3305 486
128 252 870
1195 2105 690
1138 2490 578
1875 666 111
3764 1525 31
638 1483 173
2663 59 132
1538 1482 752
436 191 329
2743 1354 174
336 2854 813
1630 2912 613
1493 828 593
564 823 386
1537 2891 621
3600 3485 878
3755 3361 502
1378 3801 361
2520 3673 615
2369 1468 38
1249 1885 117
209 1297 286
3187 1722 822
1314 283 994
3774 3696 815
2498 3250 88
2947 1965 958
1607 1538 396
3273 3007 847
2745 3411 531
908 2453 352
664 3844 500
1613 1416 881
3624 2201 104
996 2737 639
304 1209 119
2349 457 676
3625 1173 68
2295 3570 968
1783 1335 671
2862 1575 289
694 2297 432
189 986 902
1707 3109 95
3774 3294 660
1479 3307 806
2323 1503 715
328 986 449
3786 1202 943
1056 1283 164
1408 2539 426
2198 1287 286
2021 2269 503
1239 197 904
1567 2116 608
3632 2319 66
3788 236 791
3322 647 358
1959 247 922
3147 2509 314
2262 232 913
3498 78 394
771 112 898
152 732 258
2280 2218 900
2751 2600 486
632 2141 491
2971 2543 567
1666 947 855
1723 3162 191
70 2403 884
1365 2720 878
38 2022 324
443 2232 330
2050 1782 49
2394 507 608
3714 3752 681
617 2977 37
2279 8 412
1848 3061 547
1677 3479 304
1584 2190 556
456 3574 786
2215 3407 437
1723 707 718
433 3187 210
2345 3603 513
2690 216 528
1493 490 201
2575 3240 577
1281 1677 247
1591 1546 277
2344 1610 940
231 2878 896
1947 1362 925
3563 1769 726
2618 665 741
1295 614 671
3507 2672 722
1617 1220 204
2891 2785 925
3392 140 737
609 2654 596
249 1661 10
155 642 400
2138 677 870
1793 1880 305
2065 2599 724
424 746 659
656 227 786
821 3277 420
1529 3690 224
336 1912 980
3758 3766 342
3479 632 195
1664 1683 183
3289 1824 886
160 3155 459
456 2592 820
1967 3168 112
161 3431 346
1544 989 766
1071 3430 359
1013 1255 58
150 3310 138
1012 1896 219
3147 582 734
2085 222 779
3373 1642 382
2014 694 401
1782 1005 448
329 1930 506
1771 2864 282
3245 793 814
3411 2662 270
3443 502 934
1352 1239 320
81 1756 785
1280 515 532
2626 2560 473
2501 2779 72
194 2163 722
826 235 480
2375 1555 868
3723 1476 607
2517 1785 943
1034 3086 585
3714 615 680
3534 776 771
881 2789 204
356 1378 966
1829 2149 710
3827 718 212
2895 901 855
1691 3298 247
432 403 100
2545 2580 80
2157 3378 366
1995 2813 656
210 1717 998
1347 3016 854
968 1601 671
1376 2880 858
2944 183 252
835 1332 698
2232 2063 771
664 2312 115
3840 30 62
1683 1035 280
478 3496 863
3156 3283 797
2165 2402 209
1825 3889 666
1262 3390 528
2317 1942 468
3418 3374 36
994 2071 5
3106 122 297
3661 629 120
1717 3700 891
1324 135 569
746 1589 235
1213 2091 642
2887 2480 471
2553 127 869
1717 2292 264
3078 3757 715
386 2239 257
1548 3016 193
2902 3130 742
3028 3398 488
3282 684 81
3366 2363 70
2131 342 452
1580 1645 650
2305 966 55
1098 1481 105
567 3825 507
1069 1391 537
3734 3522 366
507 2877 229
1029 3142 595
433 3368 856
1397 542 816
215 10 542
2811 13 24
1950 2001 227
1026 1380 754
1789 645 875
1897 527 761
940 36 700
963 3836 85
1960 1509 811
3549 3019 572
772 1880 589
444 1868 614
958 3351 33
665 3491 223
3283 2435 400
2347 90 571
628 1978 147
1364 2058 414
117 2858 570
2233 1024 346
2235 2532 292
1717 1518 237
2993 3257 901
1600 2916 959
1497 2454 466
2717 618 355
2636 928 364
641 3770 370
2760 3106 842
3476 1293 435
790 326 721
3438 671 803
2800 2296 448
2628 1442 399
545 1981 802
206 1309 532
3448 464 195
3701 2840 786
3295 3531 553
1494 2761 601
2501 1509 222
853 3771 601
3320 1332 507
901 3247 454
702 309 538
1993 1365 263
2340 3736 312
643 3571 6
1060 1442 960
1990 3104 99
1882 837 465
1310 1941 324
2731 1443 243
359 1176 415
1884 3790 823
2446 2871 456
3815 661 210
2294 2176 774
1264 3343 439
2039 226 142
3606 1620 435
989 630 538
3429 3510 603
1369 645 22
523 3481 780
174 1331 208
2747 2045 748
3108 1753 317
3551 1153 620
475 2322 186
2449 1926 588
802 659 141
1255 2109 798
2127 1878 345
2777 472 415
647 391 837
3505 1026 46
914 3471 236
2695 2569 88
2947 1789 519
3277 2280 485
3636 1578 128
1631 1890 585
2051 650 90
1744 214 791
3204 765 652
1157 1022 708
994 1025 517
1309 2177 749
1114 1086 968
1586 3888 247
1791 1738 855
3237 3199 549
2428 3452 243
2204 890 132
2013 744 581
1288 2286 261
1338 3491 376
2007 2663 846
2347 655 513
906 3722 271
831 1949 476
988 1017 831
1790 1804 843
2503 2584 727
3317 2534 613
2392 2148 485
1204 2897 903
1231 2769 704
2671 2453 321
21 3537 765
2998 297 186
2706 1835 134
2394 462 377
33 326 639
2942 3201 754
1596 71 645
3665 3408 817
3823 152 953
2805 3722 226
103 1617 390
1630 3039 782
3152 2322 135
2417 2205 864
3385 2649 43
2186 1860 508
1084 256 759
1119 3625 323
2792 1043 32
1389 1757 834
2530 117 779
2858 608 4
1581 2850 538
3384 1028 731
3465 2289 279
3586 798 71
3797 2609 180
3416 1816 427
451 396 914
525 2077 262
1496 1903 989
633 118 851
490 524 17
2685 893 859
612 1577 862
400 226 643
919 949 911
1469 148 616
2838 694 552
3825 626 314
1676 276 728
874 840 5
2196 3855 267
1716 2949 347
577 2013 740
2948 3576 21
3410 257 825
3799 3141 663
1952 731 496
1250 3759 317
1615 3484 953
1666 1175 586
3778 2187 792
3082 2932 586
1672 3230 680
3355 2692 725
1887 3240 888
2803 2360 454
1232 3185 819
3673 1276 847
904 2855 26
374 2218 327
24 1447 208
1484 915 183
1133 2150 818
1947 1892 693
975 488 347
2070 624 217
17 1962 548
3418 3640 950
2273 3586 628
3562 2474 195
1026 358 30
3625 3885 375
3036 1141 542
3766 3471 364
613 1299 897
3357 2647 842
1512 3624 611
847 360 482
2150 3511 619
2534 3666 502
3828 65 780
3832 3532 229
1829 3850 88
3380 2535 295
2415 2413 261
2808 1608 372
2013 2712 567
3644 935 332
697 1169 646
3439 2363 651
1055 1733 600
927 3162 119
215 321 125
1700 2439 271
3156 63 906
3601 3611 93
926 494 935
2696 1719 671
2720 2066 146
110 3208 354
379 3235 429
314 281 336
2714 3506 560
2031 156 455
2056 2192 820
2723 1505 948
1860 2826 459
3177 522 147
723 2616 726
573 901 327
2684 2960 516
372 2067 292
2956 902 740
2778 3679 303
2006 1330 616
3662 765 256
2058 280 158
194 2908 534
2446 2432 902
2721 2950 884
3563 1131 578
1426 519 382
3490 304 600
2999 3395 857
929 1674 360
1380 839 648
41 659 439
2878 1844 526
369 2825 327
851 1270 730
1635 3509 454
3577 2482 302
2227 2150 152
1133 755 205
3583 2389 312
2923 1421 503
3080 2360 705
3407 211 352
1135 2807 189
1114 569 36
3759 265 173
882 2155 443
835 1987 559
191 3005 736
394 339 151
3197 3478 170
270 2587 595
981 1521 16
3137 381 206
2398 546 477
2203 568 579
1567 421 300
275 3260 66
1386 2673 41
3167 3534 367
76 2558 865
934 3545 37
1192 1702 918
3165 3539 987
2294 2801 277
3853 810 30
554 2411 110
54 994 852
2888 2544 440
1160 1334 744
3113 1779 877
959 2617 315
1434 885 252
2327 2529 504
3090 3284 490
177 2153 380
1841 1735 322
3560 1150 340
2918 2418 738
603 1282 304
1480 3364 297
2287 2131 79
1706 1436 364
592 3348 838
1665 16 459
1089 851 441
1752 2451 158
2644 1656 376
349 2836 397
140 2116 196
2395 1494 994
18 1840 561
109 1718 203
802 3434 81
2238 1637 133
583 1781 476
2782 1982 790
1334 1313 546
857 2073 38
3681 2286 711
3752 3163 83
2136 2939 513
1700 1245 702
1068 2544 598
1443 3839 130
749 1603 734
2744 314 105
1318 129 844
1018 1165 663
1038 3115 87
1072 1831 464
1668 3075 827
3394 2020 881
1015 956 473
426 637 881
1736 3770 996
2850 1558 205
2572 1875 203
279 190 349
2809 313 194
1740 2828 758
1439 3675 722
1386 984 989
1649 245 569
677 461 779
3285 2738 463
724 2635 449
801 463 820
1289 1413 469
2287 2302 733
1828 116 798
405 3481 772
328 715 227
2458 1350 168
1202 1510 914
3795 2609 3
498 1723 724
75 1290 63
434 2640 190
3503 2715 752
2857 1919 625
1621 1056 171
113 2134 281
3609 2413 684
2413 1682 21
1380 1796 672
2331 152 756
2470 3656 714
2240 1167 770
2347 2752 537
868 372 990
805 193 902
3123 1403 193
2904 1840 585
409 1457 21
2826 2954 964
1082 2141 77
731 1689 412
3770 389 310
1901 1100 337
2352 1872 13
1273 989 908
3167 3504 602
1289 3750 862
2371 87 701
478 2055 112
1164 98 791
1776 2940 16
1928 370 327
2369 2070 167
1655 2038 431
2843 2462 76
1626 2040 899
3893 531 291
1940 2310 160
2283 2692 247
1166 525 784
225 2792 218
2339 179 241
1527 599 652
1302 2958 846
2251 555 230
791 3128 37
2245 2186 150
271 2092 891
1034 2537 69
1446 79 510
2504 1071 533
1602 2963 718
3880 2625 666
350 1478 911
2748 2376 374
2338 2282 211
723 2338 251
1655 3729 191
1365 122 282
1709 3781 355
1983 3592 949
1194 3316 511
1995 586 415
2496 734 183
446 2982 802
806 3332 128
686 351 229
1525 1094 169
2130 2501 771
2582 2139 251
2122 1836 241
1488 1849 471
2924 1021 577
1113 3685 797
3013 2419 469
918 336 766
2994 3722 374
1571 3368 237
3545 2483 128
2107 2232 439
193 2065 785
1416 2164 837
883 2835 897
1342 911 985
2461 1805 471
1470 3463 250
30 3191 62
1959 2027 618
306 925 869
3350 634 649
2925 3549 67
2533 15 51
615 2088 3
3748 1429 615
1907 3613 14
743 1998 871
3019 3636 771
3641 3846 124
2589 1734 783
2457 2331 367
3705 3088 976
403 998 300
3674 113 724
2168 3787 694
3709 2701 562
2893 3818 259
951 2896 34
2838 3137 381
3629 1112 102
3005 1508 700
1121 2796 519
2979 1285 410
1358 1951 546
79 3174 485
1512 2675 107
1426 3448 129
296 1902 207
3014 2555 282
1991 1202 367
1852 1352 343
1905 1501 768
2110 2085 355
2190 1818 734
1405 1506 791
3421 464 511
3537 1840 651
417 1955 336
1660 1331 524
1939 3574 592
2636 2604 63
70 2286 557
788 2432 458
1848 231 653
3503 1319 857
3154 2644 741
1077 2501 185
293 409 569
3556 2914 543
482 1685 366
2960 213 702
1789 2538 897
512 3157 36
2737 3165 750
3728 442 864
2377 3461 228
1619 1615 786
578 3799 480
3542 1152 812
1086 702 36
888 587 834
66 3435 884
428 3380 70
1317 1236 358
2762 1137 617
1407 3582 790
527 45 189
2465 594 252
2822 1073 583
437 1894 376
3063 422 641
167 3190 883
1161 3171 166
1135 40 323
1476 1593 21
364 1035 310
3473 137 28
2388 655 120
3267 749 451
2860 1529 673
2332 2341 102
644 530 141
3374 2764 143
924 2259 435
2405 338 299
404 390 747
657 3631 668
2877 1517 707
2480 205 681
3325 3666 412
2138 529 742
2376 1121 620
2938 559 335
772 1840 769
2096 3151 130
2733 900 988
1494 1210 807
3177 3885 136
1296 342 784
1355 2726 726
986 494 39
1431 1712 956
1049 892 796
2002 1982 904
313 3337 868
1992 1988 639
1007 3105 659
3446 927 280
1014 2857 314
3410 728 418
3571 2667 640
2597 2929 424
3123 519 156
2108 761 60
1949 1665 460
140 952 888
1080 824 603
2655 256 841
1859 756 667
3118 3152 435
851 2838 430
1021 497 74
546 1328 857
660 3269 842
1540 3438 773
3773 3808 825
3047 3658 224
1070 3730 310
3754 1848 107
322 886 936
1189 3471 805
1455 194 954
907 1076 799
1774 424 799
1185 2553 118
1629 2951 781
745 2491 93
2307 2793 698
1195 3414 98
2160 1871 645
3737 1062 352
1120 2238 293
520 913 422
1549 588 96
2423 3396 155
1850 2424 479
702 3601 759
1407 692 517
3777 3891 378
2986 953 555
1685 3658 905
1661 514 607
1479 3045 283
3015 1019 150
1946 552 938
783 2921 771
2744 3284 825
573 2287 314
3678 1327 188
2695 975 367
666 1943 638
3880 3646 265
1504 41 318
3377 1568 579
3234 1654 107
3428 3570 556
696 967 382
864 657 220
960 3645 926
690 348 690
285 1546 733
191 2360 675
1743 3069 24
2872 2637 158
1651 2665 423
75 76 222
618 2784 122
2375 2776 849
775 40 397
1995 2519 485
2967 794 114
2481 19 71
2723 1268 289
3870 2835 453
3787 2717 110
2658 1138 397
1473 95 830
3306 1230 577
3732 1834 141
3871 869 975
2451 2396 297
345 2985 116
1795 3840 214
974 1404 175
242 700 825
3257 3220 5
2538 914 294
3011 363 617
433 2140 734
3142 2060 498
1498 2583 27
3144 2924 507
2585 978 888
3712 1138 414
1824 3193 191
2528 330 202
3583 547 816
763 2184 693
3823 3555 466
2017 1588 887
1917 1346 459
2962 406 92
1107 2918 280
1775 1725 208
1766 631 592
3236 2191 815
3533 2852 35
950 344 538
1273 131 736
3331 2690 466
1504 2548 173
2001 3810 180
821 2257 733
95 2385 722
2395 3061 526
2173 2574 519
1015 2931 648
2343 2997 556
601 2196 990
3424 2213 745
3441 763 339
2239 3752 715
1695 3522 686
3286 2971 488
2771 3573 288
3065 3251 776
3048 523 841
1638 691 611
1204 2549 276
511 435 451
2923 2457 505
2415 1269 548
1579 3106 660
3522 3160 583
1012 1694 496
378 3151 626
1849 3369 146
2784 142 617
2453 1761 325
2388 1413 211
2012 1337 708
2396 929 601
3826 1369 567
3829 3831 77
3221 3480 633
2522 3575 986
1148 3611 187
2480 1418 205
2574 376 65
2939 691 357
788 613 989
798 1282 264
1047 2904 952
3788 3249 75
1039 456 446
2218 3611 710
455 1149 751
2440 814 103
3670 3171 393
1292 1490 655
3459 3633 440
3592 1871 378
1656 2775 922
2242 2103 805
447 693 188
418 2034 1000
1203 3634 814
1092 853 177
1917 1080 506
841 28 569
261 3028 592
275 3530 201
428 3265 982
1267 830 819
1163 502 310
2236 1147 734
837 55 92
1458 1227 99
3729 38 32
1247 148 916
441 1897 231
3354 1935 603
1346 2208 9
1751 2105 666
2103 532 51
580 1787 141
226 1890 532
798 76 585
1109 2676 179
3003 3564 214
3362 804 133
3426 3521 608
1532 2682 384
2765 3158 375
1108 2075 642
320 741 862
3036 2328 967
1773 715 229
436 1048 21
2949 2196 136
205 400 813
664 2937 281
490 1689 705
1855 1499 18
1039 2447 970
3850 1225 931
1390 3310 710
3365 3377 867
1141 974 608
3898 3008 623
2122 42 401
1382 969 488
3619 3475 550
6 2385 18
1000 1402 508
1669 1194 819
1662 3494 261
2100 209 247
1633 3081 510
2942 2155 539
1093 1903 167
1524 579 34
2346 6 552
2962 2638 300
225 3364 839
3451 2961 230
1393 178 636
1892 2688 817
1997 1988 209
3713 1431 898
1323 309 939
2483 94 997
2573 67 247
1948 1844 558
1261 2239 491
3244 1784 458
2030 1594 397
67 878 389
745 2314 114
446 1447 624
2176 507 73
542 3256 452
216 3440 851
1178 2173 766
3619 3630 83
880 1979 166
2178 2163 523
3033 2009 6
1891 2530 93
3572 1333 507
2991 2939 567
3056 1164 547
659 114 79
942 1690 253
364 606 117
1698 3708 93
1692 568 898
361 3456 370
1997 1040 213
1766 2260 197
1664 868 447
285 2075 337
2359 1420 683
2364 541 419
330 903 347
1910 859 932
565 2528 323
3543 2400 220
1809 2287 625
784 1458 21
5 3561 104
381 3697 489
2910 852 221
2995 2154 356
2133 1506 433
3130 2532 450
3395 1601 96
2584 1435 20
1800 2654 554
3899 662 993
2322 136 501
759 3445 117
2807 2913 956
2702 2639 603
3654 1796 879
1348 3542 565
1669 1700 546
3343 380 249
377 2105 989
436 1943 529
3055 2994 648
3134 1252 796
3211 2978 683
1012 2746 720
752 1970 552
3042 1152 406
3715 1587 78
1001 2740 367
2074 2979 380
1239 660 805
2504 3554 60
1004 3253 832
2446 2512 258
115 3749 706
556 3556 950
2353 3185 35
51 2249 816
418 661 439
1849 2633 827
2831 873 495
1193 2843 533
2350 3082 791
744 425 474
3446 2214 315
3567 3740 312
303 1595 943
2932 2423 771
2896 1562 342
1652 623 497
2321 188 315
1823 2147 155
2139 2806 469
747 1086 761
3497 2885 42
472 2104 195
1820 1873 123
2472 1782 904
427 1063 698
33 1995 996
3246 2036 563
1000 536 498
3144 531 936
2251 1495 217
1626 3066 929
2375 2142 861
2124 84 767
3793 2603 64
3543 190 287
164 646 859
1858 713 690
3158 2766 103
1843 2783 300
2241 907 256
1000 1871 508
1784 1816 495
416 9 967
2599 1038 536
1684 773 268
1235 2421 416
3433 1975 586
942 175 239
3772 2441 190
3266 362 497
920 721 923
2474 1213 669
678 1543 972
3641 2687 42
1256 435 116
2825 3369 405
2343 1526 907
1239 2748 328
1713 3679 427
3007 2095 458
2631 3659 378
682 1294 220
2360 457 108
2285 1396 830
471 55 717
1145 3502 352
1846 2474 906
1970 2103 31
31 3283 918
3766 2200 640
3445 1500 453
3814 2198 7
2787 871 916
1027 2685 561
1754 3460 126
897 3509 959
2315 3276 998
2180 2851 784
1558 1716 871
3731 3613 624
3523 3276 632
2667 2039 914
1715 464 167
3646 820 591
2326 3705 70
863 3498 284
648 981 881
1560 3326 388
2272 3357 757
3161 601 287
3437 1062 260
1695 1212 575
283 3885 982
2973 366 673
3153 3567 621
1059 2469 167
2094 1541 982
2445 3724 554
77 1447 9
108 657 503
0 76 1000
930 1403 962
538 3697 896
2642 779 773
2904 1357 492
1512 1405 964
2771 1140 268
2202 563 201
2102 2073 184
951 2592 57
3501 1557 248
1330 313 440
1863 2872 836
1365 1485 124
3685 2110 228
3113 2857 724
275 1112 907
1634 1548 797
828 437 197
824 3571 417
2400 1605 956
404 2158 404
1170 1003 178
197 3555 478
2312 1844 553
23 1464 308
2125 2339 953
1710 3402 405
3047 3218 559
337 3677 138
457 1298 496
1919 3877 455
1605 1864 739
3652 2390 473
3140 2872 936
302 2747 768
1926 1517 950
1892 1515 795
3764 2929 29
775 1954 539
2936 2368 214
2960 1278 102
325 2723 905
1708 2266 907
1336 2145 237
2020 1028 809
3670 1393 847
2306 2158 223
2987 2432 631
3798 3644 849
960 3074 252
3862 3120 416
2424 2437 989
2571 1588 564
2741 1074 584
2404 1300 850
3542 938 926
3742 792 250
75 2413 315
3814 3622 275
3895 2862 76
2935 2453 963
3333 1603 227
3857 2753 172
2043 1294 108
2116 3810 321
3372 453 546
2317 3281 650
2079 3691 199
3302 263 459
176 2311 501
1043 1493 200
430 2497 653
615 1139 939
1602 3557 391
3297 3657 829
3226 2903 561
841 1593 213
1149 2900 12
3356 2457 364
3590 2852 384
1419 2331 389
1748 2537 443
470 1286 957
612 2776 890
199 3281 723
3362 1441 252
2148 2804 471
790 2612 346
2580 257 518
2785 2378 615
3775 1982 143
189 3497 265
1478 709 50
1382 422 341
528 655 753
773 2815 79
3192 1187 359
3167 1047 273
3864 1594 537
3877 1744 307
242 461 552
2596 1642 207
2538 1055 765
2623 547 97
3396 932 492
3663 1792 525
1124 1001 610
3025 2018 83
3036 3531 405
3070 3562 7
694 1304 1000
2118 1769 743
3324 357 923
3612 1612 877
3875 2837 108
1560 1904 128
311 3339 309
3196 3515 912
1165 169 930
3175 3793 296
115 1209 443
3894 2446 554
1896 2530 596
1707 3655 611
7 1952 531
175 1983 940
666 2865 618
1955 3687 463
2359 3717 430
359 1670 761
731 2089 711
2193 3498 774
3189 3754 213
2431 649 696
3700 1602 253
2563 1087 461
695 1805 790
1978 1431 991
3542 83 93
1480 1427 31
3295 1114 389
1566 2668 628
209 1693 135
1677 2626 442
231 1522 169
116 1055 574
2898 1432 441
2403 1185 931
1891 2994 141
2963 2196 161
1611 1812 222
1337 782 317
1817 3470 455
34 1319 207
1670 1061 334
779 2629 756
228 2126 761
2385 3242 666
1653 3437 108
2985 3110 752
1544 1648 978
1098 2551 350
3793 775 345
231 175 524
2930 1229 975
598 3074 52
877 1149 316
610 2132 6
2016 1982 931
1798 2462 266
1311 1542 916
344 3680 73
1881 2894 833
293 986 910
3302 522 887
373 1496 960
3241 2593 585
777 1425 572
2727 551 639
2577 1014 833
1008 1091 413
2587 1465 311
2945 1835 13
1811 2788 940
3417 2361 70
459 1773 381
1528 2763 863
2197 3785 669
2948 2972 925
2586 538 221
873 1394 577
1439 3154 786
3483 1914 859
3473 408 552
2091 3290 959
1414 3293 371
1310 301 417
811 2237 446
2679 3514 826
1723 582 827
1422 656 528
2334 264 519
3819 3324 738
2535 708 704
880 803 779
3676 1173 155
1597 1665 474
3083 2574 564
1627 3477 669
2626 489 630
3647 2387 594
3089 3752 775
463 3508 780
3034 1948 564
2848 2506 422
3148 962 378
3174 2929 852
3674 1302 372
874 1159 325
3197 618 825
1197 613 448
3029 2196 732
79 3892 868
2174 339 789
2979 2672 858
2208 2408 362
1490 1856 873
2351 3501 541
1058 2516 523
2870 3755 666
1710 3848 324
980 3448 592
3774 350 22
3682 2039 137
1001 917 856
2643 3273 280
655 2362 823
2558 1139 253
3592 587 448
899 2624 149
3512 2617 41
2115 3048 686
940 286 749
1670 3710 396
1011 973 620
23 2343 325
1018 178 636
3780 366 108
48 1263 45
3303 3818 488
3715 1047 197
496 2271 828
445 3309 791
1765 729 168
3498 2308 167
777 1429 780
2332 1299 471
3157 1145 239
2331 3042 64
3314 1208 925
615 1516 357
873 3123 561
1977 1926 553
2062 2842 534
3586 3324 901
655 2938 541
1253 1984 910
3720 553 933
991 2212 797
3764 3051 376
1426 2659 900
2271 2613 568
2860 3895 553
2535 2307 416
2677 1434 563
3331 605 806
986 1639 362
343 3563 800
1753 3108 876
3131 2897 686
2641 336 37
1394 3032 708
2200 3832 61
3382 1845 259
2652 1933 7
2199 3230 435
193 3663 471
958 2652 209
874 2996 565
1452 2231 716
3071 3656 913
2479 3559 856
672 741 650
2113 2238 735
2336 3575 366
1330 3657 499
718 1650 649
2036 1110 513
3779 1098 658
826 83 100
1249 667 882
2266 3773 531
2242 1493 98
3892 2990 735
1191 2749 857
1118 8 415
2111 2212 706
3859 3438 793
3818 2237 441
530 2476 816
846 847 512
967 1595 836
567 3763 96
3164 3412 677
33 3598 599
1704 2714 865
1395 1212 795
2568 1891 67
3298 391 423
909 1533 465
996 2665 530
15 3787 564
581 3302 88
1519 2212 761
214 2450 782
1130 3692 680
2030 3160 781
1448 489 777
653 3461 974
3733 3234 822
266 1027 758
1778 2319 112
1144 2204 225
3708 3144 607
1590 1909 30
1914 3051 391
832 3802 605
3453 2373 232
609 2529 444
3617 3403 112
1146 525 70
2800 2230 345
3494 2520 990
1770 3055 97
1799 928 906
1896 3891 623
2945 777 264
308 1696 610
1761 2296 729
3138 1008 658
892 3207 891
1792 3292 472
2307 812 761
772 564 61
2098 240 768
1112 205 581
675 3888 902
608 2924 80
3193 683 516
480 2464 37
3025 3163 400
1291 434 595
3726 2203 566
1506 2610 406
2996 1070 231
937 2709 577
1425 1201 493
1204 3871 972
2544 3433 410
2784 465 871
108 3595 126
3234 2618 39
1858 748 964
2185 1112 63
243 1806 401
521 3858 947
2164 1823 583
3731 3608 54
1353 825 731
2508 1934 235
282 1350 26
2350 1624 894
2039 272 47
3073 52 138
2619 3092 293
231 2214 681
1962 3669 622
336 3456 759
614 1239 374
67 999 691
2432 1335 399
581 2825 939
88 3762 131
1838 1166 826
3712 2382 216
200 3218 921
2409 3491 655
439 2856 710
2839 1166 770
2203 3362 234
3259 1340 162
3805 937 759
3035 1163 667
2367 3429 659
2715 1385 768
1049 1839 815
3411 237 982
1539 55 860
1032 2908 699
2948 2711 869
720 786 566
2015 2547 799
2570 3165 468
484 1357 202
818 2201 552
2572 3134 939
2140 1849 516
799 3634 180
1432 383 174
2830 658 371
2019 3010 857
3323 2537 414
1771 1037 888
3451 3498 615
1083 645 140
0 503 872
1560 2240 934
2467 1308 277
1596 3036 406
2800 669 152
1772 3814 802
110 1377 877
2105 1707 986
963 2191 5
599 1889 353
1181 234 471
2291 625 438
0 1975 707
2544 102 560
3137 71 218
3077 2699 562
1667 488 80
3779 528 563
1925 1753 219
1014 2702 619
2036 589 163
2359 1035 297
903 3321 887
166 3044 505
1784 3259 163
2389 3500 52
834 3344 998
3210 3782 292
880 486 715
2822 3839 357
1960 667 709
933 1876 765
699 536 465
2545 1009 134
3699 2580 735
2040 3012 40
590 1163 301
1719 124 351
3258 3443 976
37 468 550
3183 3381 892
1063 684 826
1622 2091 384
2033 364 617
1898 1556 705
2439 3644 443
3615 3033 207
2556 2337 561
1525 908 653
1470 1227 359
3174 3390 658
3809 1137 18
2186 449 27
673 3345 254
3464 454 857
2800 2683 88
3531 737 978
3164 3557 36
2397 2853 83
136 2459 810
2953 3258 936
2113 3841 897
2090 1285 985
164 211 819
2671 2266 400
999 668 553
372 2402 338
933 3692 592
2435 3203 184
1474 2921 479
3395 753 825
1900 561 843
3359 419 593
868 2642 747
1676 1942 913
2494 1929 973
1990 1566 20
3629 3340 571
2344 66 88
2405 3865 874
1393 1182 710
3503 3794 366
3766 3780 504
1944 894 206
3209 672 808
924 711 828
199 1952 247
2359 2780 997
1623 1596 101
2717 1702 801
3317 472 279
920 408 848
1920 1880 312
2792 1578 57
2061 3196 734
1646 1118 922
3511 1167 570
955 155 414
2507 418 139
2727 816 642
2984 3377 573
3096 664 29
2184 2719 410
2362 2188 475
2730 3771 952
3549 1418 640
3714 3257 934
1656 2941 231
914 2084 184
2345 1217 389
77 2725 233
896 3898 674
2827 754 695
2873 3031 732
3249 2150 146
1849 748 602
663 272 420
2616 1986 421
746 3560 763
1611 222 100
2689 1941 847
3021 3720 776
308 3875 685
3282 3790 129
995 3590 583
187 546 400
1763 323 106
728 1205 751
3799 2349 146
1821 92 440
3098 837 253
639 2892 899
3121 2505 873
1425 2150 646
1958 2240 769
3523 2879 988
2097 2983 781
1655 2175 52
876 466 292
2094 844 811
1212 1683 329
3818 2976 275
3446 1447 935
2712 1258 325
780 3045 422
2742 1208 516
3004 3708 147
1174 2384 867
2106 1363 285
3813 958 103
1831 769 587
1912 221 497
1680 1599 925
312 3865 789
3476 540 665
3431 3164 610
944 222 194
1950 1766 234
2522 891 879
3534 1873 332
1544 1027 629
2028 3385 74
1703 697 701
3828 3871 239
1442 1478 678
2277 826 804
2009 2645 680
135 2469 792
3091 2362 507
1246 991 613
3547 2492 734
44 1462 460
3310 2991 796
458 244 292
2690 3819 803
190 2585 552
3460 3822 253
1986 1126 539
1382 1453 352
2935 2749 284
1328 3446 614
1367 3881 134
2290 1324 737
1693 709 568
2824 3142 19
2489 3653 196
2283 797 672
330 875 942
3621 3696 907
602 2549 331
1426 2451 219
3555 661 30
2609 798 119
2161 2920 569
2572 3471 725
2679 3214 801
211 3658 58
84 1424 853
1369 729 68
3653 1622 413
3589 1448 943
309 3612 397
945 334 336
2839 1094 198
2570 2611 651
2359 3653 129
2322 234 308
422 3557 605
422 945 584
2814 417 613
3507 2011 500
750 460 698
19 832 523
490 2785 236
3620 149 458
1783 682 237
2078 359 508
925 926 505
1684 2633 886
3463 3315 898
2779 1354 960
3405 2399 56
37 2703 464
2656 2233 690
3266 476 380
3307 258 673
1271 479 252
3154 3424 301
3368 1395 671
3054 5 997
1273 1585 802
1410 63 661
562 1818 980
2600 3287 897
3144 1154 791
933 924 310
757 3453 780
2787 2304 488
2282 2228 773
3688 1279 457
114 470 109
434 2994 574
3819 3493 532
3729 2289 48
1228 3683 537
2778 1506 551
2241 2795 978
1566 3532 20
3493 3296 165
3543 2839 351
687 2700 861
247 1196 257
2778 3738 443
2292 3373 75
2452 3505 715
2069 1189 874
3016 527 423
339 2967 542
2388 1062 115
3795 2994 936
3696 314 795
2187 2904 118
1133 2508 68
1406 3326 110
2682 1531 704
2292 545 485
2575 1843 423
2756 814 184
1667 2319 994
2497 68 604
153 2996 626
2383 3036 641
3288 1226 670
1949 1871 865
2790 3135 234
1259 2767 643
3464 441 194
3579 1150 811
465 2234 933
3254 3372 49
2278 116 985
2132 1972 987
2725 1245 699
1688 3749 360
1798 521 226
491 2623 299
1766 3226 232
106 125 100
590 2775 364
2920 287 491
3001 1310 840
2813 3852 262
1021 1711 185
3411 3017 846
679 1559 871
521 2541 554
3566 2947 780
821 3496 292
361 1813 586
2704 2678 255
1684 2506 657
2185 1657 497
452 854 366
2128 3823 519
2325 1116 663
2611 2525 108
3532 1797 285
604 1559 31
2301 2379 308
317 576 306
3307 3507 647
1831 1457 584
3740 2952 869
2896 416 49
2932 606 276
872 1119 234
1003 3683 288
2566 2787 281
2669 513 443
807 173 274
737 1086 617
743 3254 677
2019 881 79
3709 1865 74
470 1265 958
2259 169 624
1445 1849 862
3258 3683 775
1161 2983 919
3610 3129 235
2869 115 983
896 3624 616
888 2966 277
1750 2096 724
2050 2071 935
3592 1860 337
2225 1372 973
394 2663 681
1622 1819 390
3081 469 831
1120 1589 954
405 2461 138
2164 1062 892
3888 1690 445
1099 1998 213
982 881 21
3310 1490 827
3219 2801 108
965 3384 298
3338 928 915
3202 3279 472
3319 130 129
3512 3050 704
3280 2696 376
2583 3245 947
2882 3574 337
170 1777 196
3489 3520 209
3412 1483 55
3550 3236 175
3784 3206 787
916 2583 990
1148 3175 463
3532 3242 390
1938 1414 370
226 3305 904
3733 191 463
2568 3019 921
547 2650 100
3015 855 589
2918 473 419
3665 3104 423
76 35 352
2413 3187 974
875 714 208
3542 2445 636
2852 345 52
3302 2873 442
2846 3253 116
103 2960 778
3236 2627 122
2613 3767 940
2261 3615 459
248 3827 454
476 1678 654
2330 141 320
1348 320 544
2436 599 390
2554 607 633
2078 720 227
967 668 757
841 952 888
1702 1104 277
1994 1276 985
3807 1252 584
2864 3237 462
280 1972 293
1192 278 345
1542 1029 835
839 1484 757
91 3627 824
3744 548 875
2750 3395 632
1964 3257 636
2015 796 130
2190 1954 74
2006 2087 590
885 3202 833
1446 3833 824
521 1653 645
584 1303 140
1902 2944 599
3731 2990 62
3176 1302 976
17 159 864
284 2923 484
3432 2783 422
2577 2744 856
3317 1616 795
1067 195 446
2102 895 407
714 3340 220
3271 337 91
1991 1915 645
2051 3789 64
3329 1783 880
787 1026 582
820 1732 451
1097 3590 288
660 250 147
1656 2718 504
179 28 952
3262 2474 60
2961 57 953
1545 469 600
2174 3288 826
3112 185 828
164 2817 123
422 3578 444
917 1635 416
3862 18 378
338 3301 346
2236 3444 174
2055 1645 280
356 871 16
3424 2484 140
1387 3299 450
2623 1764 110
1420 3055 245
2882 1431 702
2765 1635 879
1680 1123 308
3843 2677 140
3617 2501 983
1304 2989 391
1544 465 410
1360 102 457
452 2132 358
3303 905 868
1837 53 338
1604 2757 505
2554 2966 755
3589 617 368
1306 3269 37
1475 1500 365
1077 1348 441
2631 3299 823
3608 1688 548
3694 3790 83
471 2812 396
3370 943 956
1078 2965 126
2199 2009 561
3458 3577 821
1414 1112 710
3139 3382 704
1553 3066 134
1171 2634 826
2642 3352 719
2139 2682 586
2269 1700 503
1401 808 164
2701 1523 96
3605 1635 677
3343 2844 251
44 781 41
257 2437 283
1135 2835 946
1264 1322 708
3348 1122 576
1042 369 598
3834 1589 502
95 2997 283
406 2928 580
898 3818 8
910 2449 610
1490 1651 519
3437 1531 552
2921 277 794
3593 242 382
1223 2447 217
2156 284 665
656 1273 684
3439 2825 149
977 2745 687
1177 3689 770
3383 1135 921
2573 2096 443
332 2817 339
1879 3799 377
560 185 961
970 1535 282
3038 2422 791
2129 3040 71
426 830 155
1809 2146 901
55 2289 368
3441 1772 533
567 1781 485
1409 1724 979
156 2573 148
3828 730 698
3330 106 40
2628 384 948
200 937 650
3540 3431 186
1599 3735 52
2731 2091 97
3260 3457 645
3708 3147 226
2829 3787 756
3309 3802 646
825 2700 180
1029 2968 382
1637 3285 150
2505 1886 834
1977 3263 49
814 2833 172
29 1337 179
1989 2562 470
1871 518 43
1654 1956 850
1638 2999 654
1442 2840 76
3416 3479 338
1070 3192 114
3201 2579 651
2509 1693 383
2046 2392 504
2917 520 527
2030 2728 991
558 3243 640
1399 3731 495
1721 3345 256
1455 1108 31
2261 2093 592
324 642 554
3476 1856 434
3027 1705 303
2043 1775 480
380 3009 692
711 681 642
1921 2665 393
2585 2591 309
194 2216 575
3792 2972 488
2804 2750 879
3528 1820 186
2914 809 746
634 2961 592
2982 1974 750
263 1013 149
2319 1174 979
3894 3768 963
2483 2490 344
1508 1570 419
662 185 220
3737 3534 787
1516 2069 973
1623 2088 903
2350 905 909
921 1152 691
2717 1050 86
482 1263 677
2670 1085 382
2530 3501 653
1959 1719 399
3023 889 141
3651 3184 192
3042 442 590
99 3663 7
1688 1593 26
3563 2848 927
898 791 525
783 928 494
876 410 993
2444 216 222
771 257 370
2671 633 923
179 2459 447
1097 3469 767
372 1381 418
2577 1970 736
475 3445 611
344 1889 29
2285 419 743
2117 2857 60
2743 2772 163
1520 3419 496
2122 979 604
2413 3322 748
1718 618 2
2590 2511 53
275 2241 798
173 3432 342
737 2161 726
1199 1442 552
484 1727 159
1879 2059 419
2553 3020 743
293 451 774
2562 1930 701
3866 1007 167
1547 3669 627
2228 973 795
296 586 784
1633 2722 79
874 3283 94
2032 2240 701
343 1475 872
3171 2573 766
2880 1103 598
1149 762 692
2232 752 382
3166 3009 645
1186 3293 45
1494 327 423
1325 914 274
3005 2833 214
1326 2634 831
3303 3646 331
3152 611 514
1535 2341 309
1518 3488 995
413 2800 571
1397 269 123
1705 2350 83
3326 3482 807
2265 2439 135
2566 559 488
520 1232 295
620 2417 467
586 2043 98
2640 803 976
3145 3673 466
68 972 614
432 1276 844
2177 926 52
214 3592 38
2687 3317 647
3186 124 944
529 2940 919
1799 935 4
2441 3401 700
450 1045 884
1984 3692 943
2485 2351 208
323 94 790
3309 1639 571
612 352 456
466 113 490
1340 3480 997
406 3580 217
2964 410 777
2878 3201 403
1188 1781 744
1481 2498 986
2137 3064 198
1871 959 545
3350 251 884
1317 3746 479
2861 557 893
3209 594 616
735 365 549
2178 3339 847
2368 993 333
1460 1578 726
3007 3785 473
705 2741 14
2478 1142 96
1107 2054 466
3232 2941 961
346 1591 756
2103 1634 298
813 847 121
1911 1299 147
2021 833 12
3665 2663 194
1867 0 837
1607 2832 51
1181 1519 919
396 3762 38
2382 725 116
2626 3854 232
954 2227 517
2261 2063 900
691 3592 570
967 1963 882
436 3585 633
1325 3484 52
241 544 443
3489 2390 888
3809 2677 430
3085 577 897
1802 3054 481
1794 3211 472
2409 3572 289
3046 2541 359
3518 1665 717
2639 803 919
450 949 644
3142 2796 535
3526 3213 84
2484 1194 520
2808 3178 972
2439 3325 133
1326 2784 744
3246 919 481
1861 122 408
358 2570 163
1454 1732 561
1720 1474 232
1637 3481 255
152 1823 647
2854 3723 416
3124 2396 204
3202 114 540
2592 120 937
3848 801 175
2571 3323 991
2035 1211 297
391 2740 631
659 3536 943
1339 3741 570
2421 3807 494
1613 1327 706
1767 3494 366
1505 1740 984
3622 2754 876
2822 3014 482
1625 1107 276
1237 816 284
3852 886 491
2323 715 244
1464 1707 610
1263 2866 894
1887 421 956
963 2164 740
3417 1230 927
2365 1232 400
1163 344 515
3240 3562 510
1560 1400 655
2116 1861 367
1099 3798 917
227 179 1000
3057 516 210
3737 1499 661
2246 730 986
812 2444 242
1603 2268 453
1360 3284 155
1527 1674 943
221 2405 701
3354 1844 440
2551 3799 155
3668 2565 763
2049 150 386
3896 1215 900
1553 2036 74
731 2485 124
2013 1029 514
3290 1660 551
3061 2500 324
3462 1075 814
150 2558 268
2390 3513 271
22 78 210
2441 1856 440
1601 971 4
1531 314 217
3393 1870 926
2722 867 602
2942 897 159
2680 1970 516
939 2109 943
21 1581 766
2983 2611 795
2937 2219 85
1043 50 727
671 2634 978
870 2338 188
2330 693 289
2715 364 697
1914 3736 328
2605 1861 994
2566 1543 281
2914 3800 376
1518 1710 131
3307 1448 134
2726 3509 782
1124 2267 826
2666 2484 46
1949 885 636
2192 3095 362
1859 1245 923
1977 69 826
2821 3803 219
495 3036 664
1552 765 574
2096 303 180
184 371 656
2144 1956 625
991 3349 525
2291 3464 785
610 2912 969
1906 2851 411
1755 1189 154
69 2512 455
2735 2286 30
455 2333 463
2644 2221 142
3364 98 953
2309 3443 986
2627 1776 638
1867 1608 550
229 123 351
2369 2792 592
443 3646 711
2720 904 69
2996 1778 440
2704 791 666
1319 1193 857
3237 3404 923
2276 1017 973
863 454 219
2061 2664 161
1903 2756 221
3055 2882 155
1284 2332 540
2963 982 360
3613 2953 398
2990 1269 828
2627 687 908
959 3227 36
52 3254 147
1221 2343 555
528 1679 865
2934 2563 232
2422 354 148
3505 1569 403
539 961 532
3278 2517 50
2445 1036 590
1966 430 819
2870 2144 930
137 2253 624
2272 2964 613
1608 2831 415
340 241 981
3692 3664 695
2449 3548 894
2085 2297 806
746 2861 41
1165 2237 792
341 3548 346
2858 2762 468
191 3573 387
814 3548 120
2016 218 694
723 361 780
2862 266 741
1030 2249 556
1989 327 871
469 2155 620
3400 1936 45
1889 3895 454
1571 3707 291
2336 1646 973
2897 109 75
3620 2783 368
2059 2952 66
2134 993 837
595 3779 26
2523 1664 811
14 2675 547
1332 1735 987
3793 1291 926
433 1692 468
3899 3383 579
394 206 455
1798 1548 157
1414 1850 723
844 1994 55
3665 403 411
1361 2680 505
2579 290 744
2602 866 122
1582 2592 689
3374 2054 121
2898 731 635
1439 3098 602
1514 502 874
2372 3813 656
3157 3875 359
2965 3150 557
3011 1241 761
2542 2909 422
102 3681 44
1147 1138 152
3673 299 419
416 220 291
3653 2377 38
1139 1882 520
2244 1415 779
2282 1064 827
3134 1281 903
2610 866 457
3138 3596 678
3873 3549 267
3293 3585 901
3430 1610 619
1413 222 864
1974 1934 514
1732 2999 448
1571 348 660
313 1485 401
2116 1325 276
2969 2613 92
3859 279 440
1621 1510 183
1010 1035 632
2298 3172 422
1188 3516 389
3599 1522 409
3565 613 274
1302 3314 933
3340 2732 667
2430 3019 30
1825 1626 667
2953 2561 416
1123 2930 568
175 3689 784
2998 375 52
3391 2583 751
860 1185 705
751 2877 737
3050 1105 547
3314 134 120
3702 3074 724
3549 2901 375
2066 302 173
2503 804 711
139 1356 18
3728 1652 735
3166 2898 450
3448 2216 946
188 2461 785
1729 3210 788
3300 3128 542
1079 36 216
28 1435 647
643 1106 195
528 3562 100
1546 904 916
1255 3340 211
215 2551 188
1534 742 942
3867 2624 227
2602 634 53
1979 1932 255
3736 3320 696
3299 2482 247
264 2339 454
1454 740 857
3195 501 180
2696 855 646
3428 3185 953
2563 2377 809
3430 1186 190
3300 675 35
1354 2209 328
668 1134 628
3793 1930 31
169 1053 663
1950 458 75
1798 3328 945
3309 3544 848
3763 545 157
3760 801 251
3371 675 993
1132 2509 757
3610 1557 417
1082 3458 612
1532 2214 535
1893 151 922
2041 250 155
1091 1606 952
2465 1604 184
3078 1260 842
3014 1771 556
2140 3539 169
1874 2753 488
1921 542 874
3672 2361 844
2258 1717 270
1591 317 385
3586 2620 485
667 3023 943
1858 1801 382
3428 3304 392
2114 3765 721
1544 2141 924
2858 2737 481
3704 3316 54
2006 1901 175
125 944 121
2094 3356 307
1141 438 776
2511 901 1000
164 1356 901
3470 3736 84
2521 23 324
1133 2352 132
1448 3138 154
3796 2687 139
120 279 185
1583 1425 372
1788 2051 125
497 3014 721
1265 3846 593
3482 3383 784
3481 3458 69
1521 285 744
459 1846 397
3711 2401 396
2603 2301 917
468 3116 107
1414 3118 814
1123 3766 347
564 61 759
3191 2526 921
3594 3830 347
1598 792 391
2669 852 735
1610 765 275
1892 3706 460
1596 1078 71
866 2641 176
802 685 269
1335 2017 514
2504 2176 287
3661 2172 941
676 1411 881
3619 3150 921
2618 3149 550
911 3593 671
1002 3266 223
322 1188 347
464 2960 433
2775 3154 191
3793 3641 296
1988 2211 307
3873 3887 925
63 1208 417
3245 133 552
2861 491 771
2530 2112 706
2557 455 901
351 412 675
1665 3666 922
2235 1761 996
1356 2159 25
942 475 392
632 1723 653
650 1871 524
3748 1919 271
3305 2277 243
3340 3461 392
2955 947 572
3336 3204 776
3437 2719 918
2617 1690 458
651 1154 344
3315 2323 51
260 1876 95
152 3464 579
2072 3560 216
2486 2800 125
1656 2553 716
468 3259 939
2878 321 970
3033 692 750
971 998 946
3425 2762 993
2524 1427 269
2933 1735 420
2236 3158 13
3026 2496 828
1854 839 601
2106 1038 823
1880 3130 145
538 3166 729
3338 3779 523
929 1675 946
3707 3278 663
700 3494 994
3842 1329 484
2105 3018 882
2284 1837 851
1165 2699 807
296 1159 338
2664 3102 286
596 915 650
1299 3377 428
2862 3570 471
2557 2790 178
2187 1941 88
1740 3453 335
127 3569 718
2117 821 672
1587 2350 647
3768 986 476
3371 1975 548
3535 3396 436
259 3380 843
709 927 55
2030 517 212
585 1306 715
2643 3237 106
537 2296 758
2071 3007 251
2565 691 617
128 2657 489
1769 3728 304
3399 2913 251
2837 3775 37
3890 1665 905
3768 556 238
2294 2110 860
927 2 475
2619 3358 560
2387 2418 293
3467 433 36
1876 401 413
85 892 580
2893 2870 765
2476 1041 992
932 1764 725
1301 2917 954
2668 398 928
1422 859 643
2356 1467 650
2138 3418 132
3872 2398 747
2342 746 76
409 843 30
3856 525 200
807 2514 739
200 495 45
3121 2245 617
1821 2494 372
573 1512 188
1841 1587 271
3427 2909 853
1766 709 495
1729 451 483
771 2391 617
918 2858 999
3248 1140 179
146 3661 509
738 3283 295
1971 2259 221
422 3270 463
3616 2269 877
3663 3738 351
1782 894 793
3791 2988 800
3283 2281 687
2749 1118 152
1516 1197 177
2866 72 559
2095 3622 436
1833 208 389
2527 3109 857
1577 476 350
3674 3179 402
2178 3591 301
3074 2124 672
3231 3765 819
867 1436 167
58 3614 501
3003 335 451
1638 1129 750
3804 1056 458
1996 1812 158
1203 3649 505
3161 326 751
2682 2967 142
1269 3233 976
2534 1307 98
664 2004 464
108 3393 900
2163 1483 257
3861 2308 237
3085 1467 890
902 397 859
2313 983 896
1757 2854 183
26 3552 171
1897 2441 96
2065 41 906
133 3898 538
3465 2686 836
190 414 373
1725 2414 334
703 3705 249
1897 2065 705
747 389 294
1125 3017 924
2563 1924 790
128 2634 441
3190 1552 583
1611 2915 88
2497 1310 556
618 1305 85
212 2196 716
1856 3009 918
3715 1755 903
1944 1280 885
1149 2204 140
1418 567 926
1736 712 165
978 149 133
1395 668 493
2999 794 327
3732 1318 416
1299 1304 550
3573 3424 989
2680 2674 576
2065 3563 546
3487 367 89
2415 3483 378
1288 571 714
890 3415 61
1939 1175 878
1724 3532 263
702 1070 267
1990 842 453
3348 2145 514
3443 3899 716
1422 3569 428
3468 2995 83
2303 1365 319
195 3687 416
2339 1576 338
2798 429 464
2986 2670 653
2910 2020 54
3265 2622 873
977 82 836
3328 2848 605
465 395 762
3105 1880 733
152 2872 145
2938 555 350
2135 3565 734
3751 3445 124
1237 2476 528
2049 305 280
2932 2096 325
309 932 502
846 3882 623
2765 2570 13
2601 3523 307
2446 1119 173
543 195 492
3620 548 104
793 2530 847
223 2420 655
3534 2767 233
41 3863 765
598 2303 919
2176 3622 9
2836 2439 885
2711 1099 991
1235 1011 302
879 3598 30
1971 912 884
3357 2194 648
1390 2407 285
1863 1256 598
2257 2178 140
3345 2564 939
1723 3887 715
2087 1278 282
1863 1486 628
429 1533 374
1052 2513 922
3519 1128 532
664 1155 370
1391 1142 434
1499 3241 488
3127 1801 300
3660 3388 929
2932 1785 580
2194 973 942
964 3301 478
3058 2119 668
16 2896 589
2258 1200 641
688 2332 280
3370 634 2
2945 268 349
924 2543 539
25 2977 687
192 2583 687
3626 1535 127
121 3294 173
3595 3453 442
1390 3 316
1348 1219 165
2852 3646 51
2318 3230 686
1768 3548 427
634 378 443
1990 2457 556
2699 387 1
1375 1852 226
3766 3336 849
854 3472 589
3467 1721 27
1144 126 586
1953 2268 674
3623 61 777
1647 3693 440
3008 2007 532
2325 1055 49
1896 800 792
1052 558 713
2993 3818 512
946 314 523
1558 1104 24
1834 1346 416
954 466 227
2206 28 647
645 655 60
508 209 163
639 2501 860
2758 3521 969
773 3228 768
550 1036 808
852 3478 586
2201 3193 774
2728 1173 174
1294 3237 407
3366 592 717
1397 2685 905
2110 1147 97
3194 3457 486
1498 1957 678
2741 539 772
2793 1110 707
3280 2066 470
1218 1406 292
1410 3617 370
1603 722 565
3273 1611 132
2920 2605 77
718 1761 745
3493 1029 995
635 770 394
3652 1745 494
2463 2648 764
3822 2972 202
3477 3458 972
2698 2711 113
3659 3598 542
3265 877 70
3437 242 391
1651 1146 265
1552 1873 203
1128 211 100
3497 1273 517
2818 1301 148
3154 1074 783
1034 2031 89
2179 1652 732
559 1929 389
900 585 905
992 3523 942
112 1254 644
1575 2261 356
3079 2679 258
3765 234 17
1356 1319 368
2521 3674 916
2307 3015 776
1863 1755 376
3048 3205 12
1166 3180 63
169 855 959
1759 2036 341
2645 2664 838
801 3628 377
2031 281 942
3341 2275 392
3688 336 176
2915 549 839
1404 1639 367
3356 935 854
1587 3857 538
3498 1321 275
839 3811 775
3301 2621 693
3879 671 868
139 1620 702
918 2840 861
3810 2874 816
2754 1384 353
3158 1483 153
3008 3238 576
3375 2569 230
332 1963 520
1298 252 953
1355 316 753
821 3213 57
360 1963 421
2511 1003 190
2584 3097 926
3084 2845 238
2924 1666 462
3521 2370 599
2170 1344 256
212 613 656
426 2308 8
486 853 189
2798 2686 540
1663 3333 913
3828 1684 567
327 2492 761
537 3846 629
985 2334 295
3420 2225 253
748 2454 924
1773 1864 379
2189 1721 534
653 137 507
2155 2499 987
3738 3147 444
3448 684 24
2265 2187 619
3640 2719 683
652 3856 736
432 2967 525
158 3433 710
2195 3302 752
1489 2250 218
3439 2087 857
2201 2662 186
3829 3412 765
301 3091 770
2018 1559 610
3862 749 164
2813 2349 832
727 1909 703
3705 1660 162
2503 182 668
1139 2859 485
3368 969 281
3597 3531 175
3872 1617 303
3636 944 244
2583 2929 149
354 2422 4
2835 835 262
3262 2687 537
3200 2318 649
2895 1431 988
3362 849 532
3342 2502 87
872 2185 695
1943 1422 563
1585 1876 973
3804 73 225
2778 2764 246
1542 983 25
2643 2010 570
1934 2259 198
2217 1912 715
1181 3656 212
1865 853 722
3622 258 223
526 1769 806
672 1493 992
3550 580 787
430 1651 967
2926 3642 929
3698 336 14
254 1967 903
2638 3896 662
704 2304 507
3762 3880 759
1325 2261 242
3113 2097 211
793 1478 90
2001 3639 651
3504 1641 680
3816 2117 662
1081 2263 23
1659 3476 474
395 2965 172
2668 365 479
