5700 6531
2807 1781 369
1651 2302 786
5690 1082 124
4609 5401 318
1204 3021 337
691 606 448
4714 5082 353
401 1512 435
1927 1263 711
624 817 861
1536 3563 918
1243 4069 967
3666 4047 418
3759 1995 620
3040 1125 732
5492 4570 267
3385 4721 394
3224 200 91
1226 2398 171
4714 213 400
1875 3787 433
1530 5489 448
5555 5245 911
140 750 136
982 2577 73
4578 4172 65
1925 1786 869
16 3678 722
295 604 605
5284 5154 960
3759 2150 889
5591 5563 105
5268 3477 551
3096 360 708
1335 2620 542
2626 4574 140
3527 4271 165
1196 3152 212
775 2782 161
4818 5616 89
3384 1817 127
2998 4869 287
3931 457 426
2954 2353 83
3902 4382 456
2100 3531 151
5237 3345 128
1713 1859 107
2387 5651 375
1838 3360 387
1605 4430 896
20 1279 819
5691 726 410
4593 4869 978
1417 115 818
3055 1338 86
696 2257 495
1555 5582 269
5502 1549 241
3079 1880 260
2332 5234 369
4958 176 742
2993 1036 533
288 4850 802
627 2499 42
576 3802 780
588 2729 6
1568 1 214
5343 330 50
4133 2669 768
5688 5041 319
3931 2135 89
1806 690 595
4288 2701 856
1593 4575 972
3975 2922 654
4643 5342 791
3686 1317 626
1806 209 314
3948 4564 711
334 583 320
3561 1131 773
5375 1332 826
2745 4599 8
1066 2241 315
3868 5122 194
1192 5461 2
2635 5554 76
1445 4799 905
2440 1038 95
4968 2281 832
548 85 611
263 1743 658
966 5342 395
5023 5012 420
676 477 549
2847 2333 968
3985 3232 348
4170 2243 673
211 5004 593
1672 1924 356
2344 833 790
4621 37 679
1686 2284 487
3956 291 928
4184 1699 334
2874 4848 136
4691 4218 741
3220 4987 506
4792 3734 420
2317 2705 429
421 3959 821
1220 2318 169
1762 2396 647
1180 2353 621
3814 135 36
1940 68 174
1950 561 769
3806 507 209
3536 2619 934
820 4046 913
5418 1770 35
3939 702 127
1439 1790 221
2656 3543 270
3429 281 107
4995 1872 330
5381 4447 545
2882 3627 163
2001 1074 202
912 3165 602
144 2981 945
3618 4191 312
1804 4557 634
4594 3060 645
5084 3127 352
1235 3076 459
5500 3253 20
2859 3088 681
1949 3947 148
221 2061 998
50 5646 695
3935 2867 309
120 599 729
4541 459 22
4761 2371 492
47 5499 44
4138 3045 19
4450 2095 601
1863 4778 901
3813 4501 653
4239 1904 680
4642 5379 669
1886 4068 790
1692 4024 130
473 355 308
4072 4190 72
3694 1836 755
2647 3766 35
4773 5204 383
2237 4038 433
1261 3361 177
5659 4404 798
5163 4369 122
1330 2189 353
2034 2197 305
2147 63 229
2282 4633 543
2487 1116 798
146 786 254
4175 320 613
3038 2279 951
5614 244 534
4965 5244 975
4441 965 526
5661 2053 53
4606 2159 499
4429 932 471
576 5565 380
4030 927 152
3278 542 456
176 112 210
242 3022 385
2938 2286 615
1310 1017 935
5345 267 506
1186 344 876
3578 619 693
3082 4760 565
1973 1080 455
1064 5336 51
4502 2741 645
1375 5522 428
2177 2243 917
3974 1203 177
255 304 191
4802 1329 484
2072 1605 774
4412 3897 236
742 849 129
2127 1167 486
2570 114 368
2742 3662 109
2129 4880 633
3947 4940 838
364 4269 657
3949 4200 117
1928 4140 783
3343 213 979
4975 2327 614
2744 3980 552
598 334 241
1434 633 390
672 364 659
2926 5331 425
4227 4116 94
1297 5497 428
5018 1539 772
3742 3345 746
397 4104 428
494 2601 920
1823 4677 402
4434 495 815
1402 190 166
122 2738 977
2801 4062 921
401 4586 46
4708 698 126
172 746 68
4500 700 166
2568 3441 525
825 3780 760
2896 1514 263
3482 2561 886
5677 5028 632
892 2219 472
2257 4733 299
4179 4772 177
1024 3752 860
1569 4033 626
3976 2162 268
2236 2760 372
2514 2226 85
3941 1334 80
673 3817 951
5335 4846 965
5459 3772 649
1992 726 689
851 2134 640
1395 2120 969
2555 4639 440
2919 1429 597
1172 1217 14
4095 4882 497
3425 5602 89
1823 1430 782
4807 4842 388
1453 765 451
457 1801 498
436 4995 545
3899 502 214
4342 4755 109
3033 2806 291
1904 501 170
462 581 877
4836 956 3
2731 614 552
5327 1588 878
1470 2575 904
2463 1639 234
3822 2536 601
2484 3743 978
3652 3449 729
3689 2600 717
3030 2574 79
4331 179 930
283 568 920
1710 2193 499
1842 537 302
3594 3709 37
2387 1549 695
3266 2903 723
3753 4542 162
5555 3201 627
1760 5512 346
5673 3184 127
4185 744 447
979 3113 297
4169 2616 441
4396 5168 238
3209 2033 681
2036 339 340
2567 1952 885
4120 3122 910
1785 4557 372
717 956 386
44 1735 404
4397 5217 21
1141 3426 545
1531 1775 400
404 586 562
2226 3291 264
838 3638 711
4725 1250 500
4087 4095 437
2129 3509 780
5433 3588 658
4577 24 194
4820 295 796
1279 2514 90
5327 2721 858
5102 2716 141
4303 1941 268
549 3978 264
1477 5323 411
1118 685 772
2442 2194 8
4361 2479 49
1130 3200 500
3148 763 980
537 4753 172
1615 5191 718
3258 3457 150
1687 2094 373
1185 3256 85
628 536 293
3266 2602 379
1622 1698 661
3 137 624
4365 4366 111
838 894 217
1612 4144 809
890 582 572
3270 4331 912
938 2268 594
4057 1303 11
4259 1267 213
4399 1705 623
2894 797 489
5338 1403 78
501 4983 336
5040 2936 965
3625 4549 51
3875 1491 293
1676 2655 373
2376 927 450
3690 1321 391
1787 4642 858
3823 227 669
3444 3750 819
1807 63 388
4465 3445 874
4279 231 529
906 1787 703
2127 357 102
5446 508 918
1719 1818 347
2761 2166 791
98 5388 213
5513 14 582
4302 370 148
2796 3918 93
3002 833 130
541 4891 607
3236 83 410
439 3849 806
4485 5627 278
3450 97 587
5018 5318 78
4158 335 249
466 3940 497
4719 3107 264
2852 3030 71
1024 4096 1
5166 981 764
2500 2379 97
5533 1067 149
1261 1749 15
5337 4064 564
3739 578 450
5238 3968 68
977 570 687
4590 2809 315
49 199 808
3719 646 171
5104 2206 756
4092 1806 165
3556 1616 244
707 1097 882
4556 2131 528
3474 3321 476
1800 4193 489
167 1771 550
2009 2257 915
2218 4612 480
5514 1691 484
4591 1886 497
1959 4566 389
4050 5187 327
2817 5161 33
4601 5580 418
4803 3439 638
2372 2977 813
2112 315 573
4623 1373 933
2624 2090 298
877 5197 385
5067 4952 942
1448 304 855
3486 2136 817
4757 4113 516
4333 1242 519
3319 1139 994
2728 3459 572
5249 2105 862
2090 692 48
3288 369 312
2031 3402 307
1570 2739 702
4042 3184 363
4752 4111 519
5215 2817 347
4690 2451 494
1946 5530 18
975 191 1000
1561 5639 885
1550 470 473
1408 1770 869
2965 4765 981
3916 645 242
1335 459 506
1566 4938 608
3111 3060 102
4097 3874 82
353 5116 34
5112 4341 881
4381 3113 567
5063 1290 171
5225 3513 918
1446 1268 39
617 3434 129
5244 4384 254
1059 4655 795
110 1178 398
1626 3585 434
5110 5064 428
2550 1921 119
4811 1304 360
779 3117 179
5085 4670 983
3712 1188 102
319 4346 79
3973 2459 877
60 114 109
506 3567 989
4910 918 358
5609 895 264
340 1632 680
4540 4323 631
1907 3282 894
3380 4601 320
4193 5692 272
2 2904 818
2781 4633 372
3793 4102 134
1842 970 705
4924 5470 380
3148 2811 663
2790 3568 392
2325 4199 472
2956 2816 255
719 4914 560
4918 1386 957
3351 5262 696
158 3622 838
3733 3950 188
2247 2427 896
4705 3702 531
3635 1435 364
1672 3216 59
3743 2305 871
2187 2366 460
2079 3489 336
1109 2375 915
3053 4125 328
3727 5550 569
2534 1369 735
3378 2727 280
3963 1310 680
5634 3420 806
4190 5351 758
566 5045 610
1558 2971 960
267 3776 692
5688 2874 874
3499 2320 81
87 3703 662
4628 761 711
249 3570 846
4323 3974 917
2726 2800 708
2422 5662 566
5156 695 729
4257 3347 694
1137 996 328
3595 2160 533
198 1763 25
3419 4894 627
5322 5079 329
3735 4473 206
5437 5344 720
4688 4279 582
2485 5214 601
380 1878 702
946 167 506
1828 5067 637
4913 1969 621
654 3098 412
1758 3140 31
5609 1984 884
3678 5549 77
5331 264 252
3888 3487 356
5582 3337 406
4141 2769 561
1113 4328 401
2318 425 768
1738 1246 572
2320 3891 233
2137 3286 520
1681 2452 446
4774 4734 701
457 3335 440
127 1454 153
5322 3074 894
35 2805 388
1279 1579 782
179 828 312
3924 2080 128
5188 3298 887
3512 830 912
4184 5420 473
4968 5160 727
17 45 476
5393 324 270
994 2826 658
5325 3697 654
2577 5287 479
1094 3791 807
3103 2422 233
4150 5202 914
590 5114 174
3386 2887 507
2710 4963 774
4065 4953 274
634 2311 375
5616 2460 134
3307 4722 28
3794 3493 567
2999 4448 416
2225 2497 645
2434 3912 800
2907 4465 325
1388 5071 836
5628 3727 792
2291 3785 820
2887 3657 652
4123 3195 718
2955 623 99
4688 2081 484
3155 3587 774
3250 2145 886
3055 2385 322
4738 3332 847
372 3054 13
3538 3983 721
794 1677 776
879 139 938
4829 4471 568
5124 2581 198
5181 727 890
4617 1254 437
585 2617 674
1319 3356 531
4466 3565 670
1204 1581 592
5089 3572 311
5359 1251 342
2748 3889 331
3845 3271 968
5149 2273 76
1647 2532 641
5198 2058 501
290 1202 571
2968 3796 554
5438 637 910
1789 2278 375
2374 5136 667
3005 459 766
4088 2646 648
4498 3634 75
546 3063 15
4367 3916 824
3940 2893 50
5185 4562 586
2711 4241 172
2193 3163 743
1803 3140 937
2769 5560 612
5192 5336 771
1137 1413 797
2840 910 477
5056 2525 611
1312 4309 195
1569 2478 868
519 1779 774
3327 1399 514
1233 4914 559
3393 1481 317
3320 2517 42
5427 1026 117
5067 4826 266
222 2558 977
1264 1550 611
5691 309 548
3312 5217 557
3070 2061 263
4839 5224 214
3354 1118 897
1469 3858 547
4009 1865 960
3830 2613 415
3252 4909 250
1049 90 236
5349 1745 890
1356 5496 960
1749 1867 172
1327 686 606
1987 424 831
3788 1593 937
3046 1987 598
4337 940 769
2418 4652 705
2701 4505 634
1065 5453 62
1977 2828 800
4288 2044 637
4294 1021 235
5288 2555 651
4401 5478 733
2856 3446 433
2438 3021 702
4635 2137 759
478 320 365
1987 292 372
1056 3341 915
2435 1791 488
5643 690 315
4856 5480 160
5156 2076 881
1794 4722 138
4671 1089 80
1411 1371 950
4141 3329 894
36 5699 668
4001 2506 215
3129 5536 639
463 4852 204
3515 3598 837
756 1052 166
3234 2710 163
25 3865 388
3708 5242 601
2350 2365 136
1795 811 152
1320 5172 199
2311 1928 734
1427 1614 952
1679 5053 808
1216 4041 199
4642 1192 173
3431 493 895
4491 4194 839
1240 3831 69
5614 5160 670
433 4961 702
467 931 751
2149 3777 932
5542 1615 499
2584 1638 607
272 3638 403
5080 2513 579
789 5217 431
660 4010 637
1978 5337 517
5280 2757 945
3107 3285 884
1961 752 964
2905 1392 132
356 2311 698
3083 1305 776
3964 2867 554
358 1180 870
894 2200 118
1588 854 179
406 5363 932
2765 5338 693
1101 1526 97
1151 1788 343
2426 1784 510
87 4847 425
2861 1332 813
3417 3956 283
5604 4928 946
4692 2009 330
4431 4883 156
1450 5533 932
1185 200 241
742 659 184
1569 267 130
5410 4886 58
1315 4415 150
2014 2558 298
4076 4898 296
2147 2237 372
2324 2192 991
312 3091 215
1889 41 500
2316 3886 8
346 1462 623
4792 2114 589
15 5158 221
3306 5518 946
1578 1466 886
1966 3000 852
2539 5427 883
2366 63 775
1498 2028 370
5271 406 869
3423 46 939
2527 4486 254
2831 4482 758
5418 3319 188
908 1989 73
4768 3516 219
4588 2894 56
1870 2216 63
3446 4648 879
66 3219 552
473 1575 481
4443 419 122
3946 62 730
2485 1379 601
4143 387 68
2094 5556 497
5035 581 868
1265 5621 980
2388 4 449
3032 1244 722
503 5018 220
2325 2747 98
4856 5578 427
3151 3884 245
3346 5393 66
1342 1415 262
3214 14 173
1212 3832 121
496 3078 368
3845 4048 136
114 2073 36
1581 4662 419
1855 1678 27
52 414 158
3581 4895 429
601 3157 837
803 4713 464
2229 5079 927
5623 4307 358
2795 5641 473
4946 4764 953
5190 5421 684
1877 4567 2
1563 4800 770
1246 678 759
4931 1035 180
3978 4177 958
845 3789 430
3302 3608 354
4705 5640 315
1483 102 784
137 3897 817
3266 3867 188
5572 5551 432
635 19 302
5616 1152 585
4046 5632 365
1273 4031 984
1641 5358 652
986 5206 89
5437 383 648
2454 1942 180
2518 2167 927
5348 3786 956
1136 2480 763
1231 4913 467
2160 1736 719
2784 2884 41
3229 4250 188
4313 1349 556
5389 2391 329
3915 334 662
2875 4481 335
815 2369 828
4985 3675 17
1863 4990 74
1088 2372 997
4410 4857 839
5190 4145 14
415 1652 979
2353 4180 975
321 5092 373
2329 3270 871
2257 5558 352
2650 2373 233
837 304 940
2966 2637 939
3178 3686 364
4365 3091 66
2002 4097 333
3638 3228 742
5109 3494 568
490 5628 999
3317 4980 477
3926 4761 632
647 4055 900
4547 3805 368
2767 5645 906
3368 5669 231
3339 781 578
2394 3223 595
2315 5587 647
4393 5194 59
890 5679 359
5136 1649 734
83 1870 524
5153 2309 514
4065 3781 392
87 4519 312
4075 654 998
4424 580 65
3051 969 996
1691 5630 375
792 1808 736
2258 4359 251
1482 3659 507
351 2131 637
233 4150 811
5163 1428 798
4578 5292 67
5035 246 828
4481 5179 920
4509 1813 336
665 194 67
916 4649 114
5589 4570 137
3753 714 97
4590 3511 759
4443 5077 822
2832 1623 518
1018 5417 969
1958 1009 382
1118 1998 489
2737 3225 962
576 1364 522
3949 2423 899
497 4550 256
3332 5491 433
2078 969 576
1706 2628 958
3437 2408 69
3465 918 189
2691 2868 76
2377 3128 655
1576 72 446
2166 2372 957
3147 4969 103
1237 4132 439
4569 706 478
800 922 41
4276 1465 243
1915 1492 746
3339 697 201
1102 2728 486
1967 56 758
2250 4432 853
913 5617 548
2571 4434 770
4292 4553 311
4710 1040 504
3681 2168 641
3514 1200 228
917 1810 90
600 109 1000
4798 235 856
360 2670 954
3642 917 888
1668 4534 228
3107 149 17
3848 470 495
2827 1613 71
1262 496 682
3457 2526 799
614 3532 279
213 5499 553
5597 4598 390
4337 4199 240
5399 1984 954
2983 1790 664
1378 3928 454
949 4140 239
1810 2544 650
3997 2450 358
1734 1505 885
2070 2031 195
922 2944 394
1234 5443 771
1280 5493 666
574 2376 97
5043 5157 741
1467 51 735
286 2062 924
504 3950 292
5213 1438 703
5541 2841 702
3087 4612 12
4064 4198 558
3763 5255 403
1519 3782 267
5258 2228 575
3038 1594 703
2437 4686 304
5577 2667 925
273 4873 671
4974 330 483
5115 3660 754
2300 676 966
2504 566 389
3622 2687 144
659 2600 538
1503 912 482
2993 408 582
4893 720 813
726 3147 346
3596 1837 139
5614 5267 519
3816 3178 31
5603 3798 713
2524 3835 963
4331 5573 438
1735 4527 589
2720 5434 446
1474 3125 955
2763 603 142
4321 195 740
5174 2326 587
2258 2557 1000
93 2869 478
4721 3672 190
2067 4199 873
218 3826 662
987 833 399
2697 2793 84
1498 1967 979
3750 1007 163
2711 2487 745
50 3039 499
3544 4727 184
317 3571 637
2758 236 321
3650 2652 979
2839 2528 242
4757 5055 280
470 1256 426
670 4083 835
253 3771 21
3743 5613 127
19 5027 213
2964 2272 504
4291 3876 182
2729 1995 939
1307 2896 717
4761 4141 13
3575 5043 745
1784 4584 81
4492 2617 875
3347 527 925
4475 401 925
309 2316 173
5588 5531 451
3529 49 372
840 999 327
497 853 292
2763 2566 754
2705 4386 29
1820 4560 177
4672 4435 792
3384 1946 205
4464 369 373
3048 4313 55
2996 584 20
3066 4452 734
1638 4761 117
2654 3664 181
707 2597 494
2109 335 6
20 983 645
1903 929 863
2504 4310 300
4346 4844 938
1174 955 412
4701 5217 413
5427 5441 478
4952 3417 451
5478 5691 820
2235 2900 202
590 502 891
3858 3263 615
287 5654 835
5598 5417 8
1957 3694 752
1818 5087 629
3400 1071 341
2561 2871 987
2118 4059 491
4987 1982 521
4257 1233 286
1881 3183 376
419 201 437
739 5609 637
4040 2897 356
180 3909 833
5093 1243 317
4752 3039 976
2973 2844 281
4923 2760 431
176 2224 233
3018 3211 886
4847 2204 935
5147 1729 724
3892 5428 63
4794 5114 331
1499 2129 597
785 1521 443
4820 202 914
1513 3134 717
1695 1451 934
306 4318 996
1472 737 23
5604 5634 85
77 2083 49
954 2040 121
1958 3873 790
800 2653 618
1374 1301 76
1223 861 104
341 2176 958
3727 2574 179
1834 3366 642
5571 3355 540
1925 5385 937
1898 3269 55
4406 3198 805
4304 5580 931
2071 4072 486
2301 3260 82
1532 4916 205
5240 2300 277
4809 800 669
4045 4650 638
5687 677 670
1150 4822 975
3230 23 364
4420 2638 92
3954 5307 464
3939 4976 459
579 1009 360
3416 4677 974
2425 1668 864
4705 2692 125
1102 1628 23
2266 4060 330
16 3716 933
1127 28 539
2177 5503 74
3350 4340 677
476 384 29
5606 2532 329
192 1145 832
3466 5564 674
3207 1748 567
4304 2572 391
1516 4336 877
1443 2570 701
3166 4033 874
7 1621 785
4043 4184 121
1260 948 609
2374 2904 19
3497 5408 731
1664 1579 165
2845 269 298
4941 2686 397
1563 3985 45
1773 2224 439
3631 919 592
3920 1509 593
3899 2230 473
1561 3924 518
4435 4318 801
3838 1152 221
1275 4015 88
1456 1899 33
4517 4143 426
5476 2323 297
1997 4871 595
5381 3512 113
3464 4298 482
2408 1154 797
3969 3630 540
3489 2724 999
4904 3142 475
5593 5237 927
3726 3454 848
2419 2550 488
3744 2816 725
4383 3701 529
2610 3804 7
4341 3090 540
4761 5549 65
1128 4869 912
224 5204 811
3732 3747 821
2684 472 399
1583 4404 240
1367 2925 667
1280 3253 229
747 4365 500
1229 4471 747
3405 3039 986
96 5012 200
3272 1863 108
2915 3787 769
5266 1243 568
1133 4759 280
2880 1467 176
626 878 10
24 4588 404
4334 738 679
3850 4737 325
3691 518 631
465 1563 67
5210 707 334
2313 2075 145
5195 927 135
5352 5465 232
2646 1815 892
159 5518 170
5203 3234 221
4 1543 601
5129 5206 930
1293 2341 765
3989 788 464
1882 3596 211
3470 4784 995
4768 2862 104
2610 5542 411
2522 4567 803
5064 1136 640
2413 312 316
1072 3569 116
5550 3907 426
598 704 793
2745 1190 691
5541 3909 400
4939 4854 970
3126 3842 663
180 1950 377
750 3727 835
4397 4934 674
1368 2655 7
152 822 322
1530 5581 247
38 2704 35
5261 1217 593
3415 1640 737
5350 1423 427
4882 1749 765
4590 3346 541
2361 957 481
4145 4373 659
5278 4451 771
5118 3600 158
5411 2171 698
1062 4591 246
900 4668 367
3523 2460 176
3578 4297 809
3231 3124 867
2915 358 714
941 5052 725
2381 2389 348
4962 227 54
4329 3718 339
2231 5449 918
4267 1849 744
1334 2007 287
2290 863 395
1891 4690 100
324 1282 417
419 5687 754
2211 5495 402
648 4967 37
4826 3524 358
3511 2071 233
2743 3677 752
4034 5570 300
3971 5272 711
3813 558 510
4033 2302 75
10 3732 776
74 4261 732
4337 1269 470
1372 2631 737
2850 2948 950
4176 456 107
1546 2055 400
241 5664 154
2724 1769 962
518 3639 902
4012 3315 947
720 5403 924
3530 4125 1
2965 3478 823
2746 5352 950
802 596 123
909 155 130
346 1933 840
3888 293 145
150 5108 429
824 2350 546
1184 1266 795
313 1866 921
1097 2362 55
4773 5111 758
2167 1789 852
3408 2830 178
3157 5201 38
4531 5430 218
4171 5011 262
1449 1486 53
311 2508 149
4126 1181 265
1262 5582 25
1472 5626 194
4774 2893 622
3943 5594 605
1147 1102 789
5558 692 824
141 5613 808
1080 1075 269
317 3277 691
2479 3731 527
4334 4385 973
3185 4424 326
3111 5158 737
4800 2126 55
637 1445 278
2762 3461 890
2070 2633 96
1326 4486 602
5240 4514 493
2948 4933 5
4945 3926 332
458 3084 813
4641 886 829
4711 3667 846
1169 2171 743
1491 5380 437
583 508 593
1402 2245 825
4094 3205 235
2049 5320 132
3878 1008 87
443 864 219
673 1240 898
896 2869 819
2179 5113 928
3622 2187 663
696 8 108
1434 2198 811
2644 929 302
160 5603 44
3145 4486 140
5346 5010 28
5264 4245 665
3156 2479 154
3967 2526 320
5498 327 87
2866 5449 15
505 1676 209
4871 4600 211
3323 2130 807
4131 3672 167
4685 4850 177
1882 5575 592
4487 481 250
5099 4309 393
1983 4919 872
1055 2087 5
5101 4577 990
3 4964 373
4676 648 956
85 4843 258
1714 4 335
1293 272 110
4447 4426 26
1343 1270 613
5278 4250 758
4428 1264 665
330 4041 480
4576 5567 316
500 2805 772
4250 2989 463
4763 1257 116
1894 4896 662
3219 150 581
3356 6 100
148 3828 351
5240 4828 214
3361 985 624
1081 1624 450
5507 4880 396
3813 677 701
3761 1565 435
5084 1234 791
1749 5026 425
503 672 290
1539 1565 363
497 274 55
1568 3590 920
984 637 593
4155 2199 290
5535 3254 822
5585 4518 327
2471 3708 478
420 4658 66
204 1285 365
4236 4482 883
232 797 397
2906 1680 902
1112 1841 319
3493 3034 323
2463 5196 352
5343 1688 465
859 3173 384
5053 413 57
4066 3165 532
320 3115 998
3231 1169 962
2201 4209 859
2954 3603 351
5572 4994 503
1395 2247 924
1486 2572 718
4355 1737 242
718 4976 866
4639 2450 217
3636 3622 331
1053 5697 383
4571 3459 686
540 2825 529
3062 5125 955
73 625 888
3160 2653 67
2291 3044 407
2037 5286 766
4064 1472 100
3538 2525 448
1463 5103 880
1738 3969 674
4215 2889 318
464 4547 471
2588 2617 932
821 2309 974
503 1892 653
597 2885 716
484 3706 979
2042 5582 773
4760 3406 657
595 568 603
2536 4270 774
1554 3996 792
3930 2179 897
308 655 600
2127 2472 480
1276 4021 92
4419 3440 726
5224 1215 536
3771 5137 184
4416 3071 338
432 439 323
3810 837 589
5397 4430 317
5013 4036 653
3454 1574 204
3607 4016 559
712 694 846
3143 1406 557
673 4099 816
2892 347 543
490 4982 132
5547 4715 554
2738 4846 69
2000 1467 646
152 5124 613
3299 2818 732
1778 2694 862
4411 886 538
99 490 895
3310 5541 951
792 1463 915
1078 4997 161
3672 1440 582
3913 4936 284
3527 169 806
5044 3240 142
1461 4136 11
5561 4295 113
4352 2809 150
222 1981 458
5405 1762 90
3775 12 322
4755 1129 697
4921 5541 493
4935 1173 87
2198 3854 633
5283 4577 35
3366 174 914
3838 5087 317
28 3377 664
2489 82 925
4768 2671 753
1370 4847 644
1913 1596 488
3451 3739 20
5243 4218 749
2611 5569 462
4115 3678 801
984 1123 128
1112 3385 855
4074 3243 390
4098 5690 737
1905 4543 246
3947 3439 779
5355 4123 132
1876 1205 457
561 1560 418
1298 4685 935
3193 5451 560
5315 1773 930
185 746 492
1312 3238 27
5673 5458 785
4623 4472 271
4342 3623 206
2559 461 369
1358 702 18
1188 1440 916
0 5190 247
1283 899 142
1689 4584 738
604 5272 659
3145 1096 872
107 1144 250
4173 804 557
2535 3895 135
5448 762 489
4847 2449 347
4194 2696 731
5640 615 209
5520 2130 711
2940 4868 558
1428 5651 796
4281 5572 39
753 1852 852
1637 1109 37
3496 3728 541
5164 2900 437
5357 4352 595
178 2042 405
2879 3974 51
2392 2476 51
279 3641 670
5205 1582 943
1319 1744 67
1189 4757 405
3514 5169 742
4242 2579 831
4918 4477 690
3307 3461 961
1985 1109 534
3464 702 665
416 3676 431
5075 1569 531
5292 4541 949
4271 4148 888
3645 10 282
2310 4073 340
3835 4581 439
409 978 649
1725 3166 592
1240 2163 272
2794 3679 134
852 2672 773
4522 3448 733
496 1784 734
4834 4936 34
3243 3680 612
620 3455 518
2824 3515 266
4974 2977 179
681 919 397
3327 4779 361
3239 2948 695
682 4643 311
3787 1494 66
5590 1029 786
884 2859 408
826 2552 972
806 5636 641
4087 4222 156
1160 2118 397
2462 1457 115
4680 2595 862
5248 16 913
5 4298 250
1883 4350 175
3012 821 533
4745 1994 72
1901 5185 618
893 1665 578
4729 1272 301
2104 475 137
5077 3257 538
1891 3546 282
5076 3589 614
582 2408 766
3929 1329 466
4797 116 957
187 511 419
1403 4747 193
2282 2276 86
1177 1548 190
1130 3728 362
1254 2796 629
4232 5164 434
1175 2152 883
877 2658 793
2050 5028 523
2055 4224 692
334 1207 85
1936 3860 220
5313 49 683
4070 3479 571
3395 340 171
4283 1823 50
5188 5204 316
1609 3082 405
3953 1118 995
833 4344 134
1593 1402 25
988 4556 710
5138 301 950
36 60 249
4954 2106 153
5108 4884 459
1406 1659 39
95 1976 342
5149 1145 651
5546 416 190
4894 4239 104
4800 3474 142
2988 4776 795
4100 1114 812
2825 1368 569
2638 3977 482
4066 1399 156
2032 1349 561
1848 5239 478
5555 5285 607
2009 3007 362
2749 4537 125
27 2290 516
3520 3411 796
5369 3298 740
2993 5236 440
2391 3304 400
984 4649 760
3886 639 444
5580 2736 760
4842 5669 853
4659 2493 263
2761 3336 364
1899 4850 259
14 1099 807
204 4269 164
4663 5064 966
3972 379 823
3932 2311 761
786 5414 120
5560 2353 430
4519 4169 14
1001 679 319
4006 842 801
2288 48 760
4059 4013 368
2363 3789 424
1829 157 831
2877 4577 241
4394 2215 320
1253 2789 540
1069 5339 504
5665 1830 635
5287 4563 791
5584 4057 7
3577 3845 509
3606 5233 762
5613 5252 151
3300 5690 959
2481 1809 316
955 5141 541
1266 3383 175
5659 4991 880
2369 1208 388
1877 1134 83
2987 1247 726
3289 2065 497
991 2355 471
1205 5092 402
3119 1467 43
4276 2077 939
3128 3382 58
5366 2390 830
210 1360 192
3302 5578 590
4592 3522 833
1399 1032 924
5243 3589 533
4414 112 351
2702 4278 238
4730 3099 904
2522 1105 698
836 5651 530
4695 293 353
3586 5462 770
3869 5293 975
3618 4585 528
3279 1098 330
5176 4946 697
695 5132 389
1200 5409 765
1173 1984 306
1590 3535 859
3239 3856 639
2143 4745 113
672 393 272
82 3506 226
3758 4470 370
1931 3680 281
4811 511 56
4794 5575 531
4067 109 553
1530 214 457
1870 5483 558
2819 1242 732
5305 104 293
1229 1961 361
1440 2031 25
4056 4183 490
4171 2070 825
346 2968 497
73 3362 891
1009 483 958
1269 4560 788
1892 2782 602
3921 1686 605
1410 3095 347
1411 2071 951
728 3473 299
3079 4122 104
283 3901 982
4802 4091 469
3705 831 877
3248 669 183
401 1936 994
1966 2472 586
4274 2498 171
4379 3768 48
3479 526 5
4867 5523 764
3631 5308 882
1542 4252 578
1370 764 635
3029 1346 886
3151 5573 689
5564 1257 65
4251 1251 70
2243 3053 891
1958 1144 588
2945 484 909
1364 3866 392
3065 53 159
4572 5585 347
2007 2662 410
3318 2911 198
2814 752 1
165 2797 226
2455 238 872
3491 3444 130
1160 1869 284
4350 2725 621
4173 3856 771
3583 1706 108
4074 5146 660
4637 2654 547
278 5533 221
3969 2974 93
2828 456 461
3717 190 876
967 1049 936
300 596 665
5111 2224 728
3515 612 712
2046 4939 337
2335 360 679
3845 2740 630
2770 4078 181
1016 175 303
5326 3620 336
3548 5025 774
1925 1487 380
5539 3781 714
3595 4528 537
4995 1576 195
4779 1995 657
3972 1006 894
4142 4706 357
4561 824 966
4810 3254 93
3485 4982 983
1505 3961 139
4937 3371 762
3969 914 90
3896 4206 879
628 4713 512
1368 597 86
2081 4155 515
75 3067 779
2661 5502 818
1337 2522 269
1724 1770 806
540 2847 764
3677 4698 249
5484 2227 201
4010 4809 551
1193 2483 522
1639 4238 588
3638 2773 581
2888 4489 777
1401 1467 668
1684 357 317
1413 4026 185
645 4873 972
2018 5547 66
3280 3390 616
3722 4469 353
5151 5491 350
1595 1867 84
5171 5567 470
2010 4149 574
3697 535 279
2719 5661 196
4946 2483 993
3254 1786 430
3205 3423 94
385 3382 335
255 1255 349
710 883 966
3205 3754 449
3007 2556 274
1010 1302 651
2081 4204 420
2366 2097 317
885 3092 840
1994 4246 930
4137 785 483
2575 5248 547
5193 4489 648
5538 3007 660
130 1036 968
1668 498 739
3681 2259 651
2246 5677 937
3681 2293 505
4948 5611 344
5202 609 203
4816 3063 226
2409 1899 269
1013 4192 679
4869 195 272
5007 3528 6
3486 1110 542
1032 194 221
837 5224 477
5216 1382 170
3311 2848 834
376 228 524
5123 5022 577
3446 4346 407
418 5589 88
1713 3442 634
230 115 528
112 1382 613
3360 901 168
3331 2691 502
4986 1042 143
4523 3695 367
1142 2017 243
755 3770 248
28 2808 31
3314 3202 987
2331 2217 385
1618 702 645
608 3169 937
3115 286 488
2328 4801 993
1016 5221 468
4771 3544 393
99 2941 308
4226 2414 923
1253 2134 935
3689 1834 310
5193 2359 815
4043 436 289
1720 3423 345
3315 342 702
5207 689 656
2683 1607 499
4812 50 937
1859 2664 143
5031 687 91
576 915 506
2609 2929 616
3076 588 400
4383 3437 85
1757 969 499
3543 2040 85
1952 5075 238
5648 4436 797
72 5676 989
155 4230 491
1489 2204 451
425 4604 767
3734 3045 637
1239 4776 835
5423 3659 418
3259 4155 319
2595 4643 918
5491 2199 844
3505 363 806
3600 2824 304
2343 4778 559
1042 3366 427
4616 1406 850
4517 3550 976
5436 107 796
5345 5396 1
5461 2348 33
4101 4761 928
2064 1454 22
3397 3147 760
4608 293 725
1673 1527 301
1878 1897 685
5437 3253 49
405 5312 558
5694 5236 381
1325 981 691
3039 5281 374
4531 4273 729
3886 2847 687
2465 3226 860
4009 4902 502
119 1078 257
2859 4945 667
1339 5034 289
502 4877 211
2774 4670 586
4962 4396 690
4073 2439 524
4579 5504 484
2232 1002 200
452 269 939
193 140 757
2728 5495 303
4425 1414 623
3391 1528 26
366 2271 442
3492 179 95
2168 301 476
2632 2381 87
3004 1277 741
1782 4937 414
2471 5653 49
4196 16 327
2134 3754 367
5156 1007 968
1165 3682 551
3657 1222 682
2608 1775 842
4143 3921 908
2278 1785 84
2976 2095 825
4427 2898 348
4898 5636 327
2320 4837 900
2001 4500 683
2725 3118 287
2268 3023 638
2756 5150 788
3968 3769 956
186 1800 14
137 5534 369
2264 4318 155
2322 2512 545
1840 4866 929
2155 5633 807
5205 3782 178
2196 2569 395
3391 235 992
1431 4413 145
5086 2601 410
3876 110 143
4224 5368 629
1099 4096 775
3339 2232 390
3924 1735 647
3392 4518 172
1416 3034 249
4916 958 414
734 864 360
206 1229 366
3321 4416 108
2565 4587 538
5070 5275 384
3014 2745 323
658 1030 633
743 5285 912
4447 4265 346
5257 2240 133
1980 4172 835
4857 1135 862
4101 742 217
4118 1683 208
4493 459 885
5481 4326 417
1559 1268 638
3715 2190 447
1932 456 862
5351 3693 431
270 4692 647
902 1212 26
3050 3830 274
4524 2457 488
2270 5095 581
807 1256 163
5109 1190 846
4317 746 631
1138 4165 137
3354 1851 487
1680 680 632
3118 5645 231
4203 741 475
4406 4622 105
1248 3991 393
1589 4447 129
5256 1673 359
2977 2295 418
5668 5644 912
3508 719 314
2393 2049 886
5199 3544 525
2982 4635 260
5467 3893 794
5262 4687 590
3510 4300 159
4851 5015 134
4979 3491 752
5019 1613 118
3444 1987 491
5259 3773 441
4988 3233 785
4199 1635 841
1219 1481 347
299 2066 623
2838 2828 216
3130 2749 13
4959 779 57
4323 4553 184
4228 2663 201
1892 4312 184
2734 3939 589
4643 879 218
171 3579 638
3353 4518 502
1186 910 465
2361 176 696
958 2177 155
1370 3532 635
3427 4855 832
1502 1756 121
1358 119 629
3514 3576 625
383 2214 501
4779 809 670
5307 863 189
3909 120 590
2528 3014 254
2035 4000 935
291 3380 299
5670 5288 180
2957 4449 345
1915 3763 131
1832 1972 422
5098 4417 365
819 4779 79
5081 2932 354
5129 4342 368
1320 2803 162
3214 543 341
2553 1716 65
4949 3718 543
4628 3250 648
1807 630 337
3058 876 753
5075 87 112
5027 4714 343
1532 4557 649
3150 3218 165
1259 1461 69
2393 872 367
5691 4370 366
5595 1692 766
2287 4759 757
831 645 632
1173 506 159
5318 713 149
4027 4651 930
1124 5633 197
4111 3290 930
4269 2801 588
2187 3546 734
2627 2285 910
983 4256 5
848 3374 561
4426 4803 688
1559 702 416
5461 178 75
3900 1618 73
5559 1976 148
2211 2986 242
4005 5023 881
388 3148 925
4116 281 527
5061 5193 406
2681 2506 920
1045 4455 467
2551 701 608
4294 1158 265
48 2931 836
11 4166 611
5629 3318 794
3975 1017 511
3826 4988 771
5570 2446 141
954 4977 566
292 1648 480
4904 592 417
3348 415 388
3951 984 239
354 2070 384
1744 3380 759
4880 4361 729
140 2539 294
2599 2947 359
4986 1633 180
3230 3731 727
1818 3770 476
3978 1722 653
1849 4618 27
359 154 358
4689 4850 462
4544 2597 304
4972 4035 955
3992 2807 727
2404 2290 683
4427 4255 925
3521 1065 357
5213 4987 563
4057 2941 802
4434 1677 255
868 2276 8
171 90 24
5411 3170 767
1670 4443 560
4402 5524 904
4909 27 945
1815 933 45
1316 3591 731
3781 1589 702
4768 3559 448
2950 5557 574
4679 3943 210
849 4723 848
2510 3773 307
4474 2238 598
5689 1307 882
4173 5158 8
2458 1708 400
1517 5449 998
1595 461 912
899 3406 354
5375 364 431
5332 911 436
27 2701 39
1686 3427 678
2427 3139 955
1793 107 736
3974 2886 553
3202 1379 925
1764 4494 445
2998 3504 754
1722 4832 831
1194 481 352
1286 720 541
1370 1308 873
5489 1854 661
1222 323 508
894 4010 998
5154 3150 765
1644 4279 190
4208 4700 545
3502 3418 764
5129 5303 748
3176 92 144
369 5672 378
5633 4232 948
5378 2508 930
1895 360 500
5197 4709 822
4616 2067 570
4035 3632 137
1530 5611 390
2844 578 148
4585 1818 343
5610 159 433
91 4126 853
2017 2463 717
1168 1896 887
1304 438 666
1231 1876 639
4408 2394 411
1759 5022 661
2159 4338 989
1455 1447 899
4420 1617 320
5352 1603 721
4633 639 282
2140 1138 763
1122 836 785
5115 1542 104
3975 3592 906
3887 5158 45
1149 5249 784
1947 3727 398
3723 2647 13
5539 3385 245
4548 4879 40
5687 900 322
4050 1548 134
3062 1987 866
5338 4748 978
3359 3656 662
699 1487 315
5372 1920 123
527 3396 782
2203 1830 818
817 4482 618
2341 2499 84
1515 1240 574
4664 1136 949
621 2220 893
3184 3172 858
4555 4088 756
229 1840 983
4878 4437 54
1717 4761 320
3252 3856 620
1290 3348 446
1253 4276 950
363 2235 85
199 3037 827
4302 562 651
1386 812 57
2558 5568 955
5008 5012 878
1414 4006 472
4809 1575 764
358 3470 982
3175 4323 615
1926 3811 536
3559 4639 855
2993 3779 606
3024 4165 729
2775 365 99
3973 3202 814
1152 3020 809
456 1514 796
1398 4205 453
3891 3157 433
2040 3500 41
1789 3144 84
3609 469 489
2363 4429 572
1143 5677 655
1472 4157 692
4624 2804 800
4164 3704 330
3079 5234 282
82 5378 615
4056 3289 888
5189 3344 963
3698 4637 911
1476 4048 447
1460 3035 307
1107 745 53
4641 5137 502
1912 4953 190
1096 5191 686
2983 2356 335
3903 3799 150
2057 185 746
2351 3142 306
3042 1043 688
4450 5329 981
83 5600 349
5085 1956 91
4734 4785 975
390 1951 415
84 4517 521
3918 3887 154
2566 5228 860
2261 5270 353
1886 1945 603
2067 4210 985
3578 2786 845
2995 2477 649
1450 2491 78
4823 1969 235
4338 3524 483
2950 4487 373
708 3703 847
3653 5325 117
3562 3353 827
1098 2308 174
497 1365 905
3033 185 509
4514 624 354
172 2907 353
3274 964 166
3192 5499 597
3352 770 288
4464 3573 721
2114 1269 965
3646 1829 684
745 215 845
5174 5304 451
4378 207 940
3272 3397 362
1954 5255 665
2666 13 814
138 2972 98
1851 984 463
584 3205 591
4208 2217 774
432 3626 710
1920 992 471
3768 308 898
1008 1107 821
2937 1055 814
1277 3952 747
318 351 63
4453 5536 357
2636 5151 663
4285 4332 991
1924 2664 195
5453 3176 486
4495 4345 340
3025 3491 748
1247 5536 868
4890 1457 367
3006 1086 745
1007 481 617
4736 4829 748
144 4790 260
2562 1266 214
4575 2332 259
5138 5492 211
3236 2481 372
3739 4127 848
4400 406 358
4940 90 450
2116 2106 628
702 2392 282
1029 1124 111
4627 3719 148
4261 5508 853
2613 1403 427
663 529 7
2518 1458 335
2926 3583 238
1474 1760 97
3224 565 350
3990 1361 90
1310 3148 406
4707 1391 83
4465 755 115
1894 4997 199
689 1061 425
3761 5480 564
2196 2955 187
5274 2353 440
2384 5581 422
820 5045 859
5048 3389 614
2844 1373 990
604 3339 618
1850 1569 791
4094 2970 449
4147 1113 77
5625 3683 843
999 4545 990
1450 4425 593
2241 952 332
4400 4507 44
4632 3321 942
788 2726 182
3718 1671 705
5003 4380 514
3330 424 581
157 2743 15
1295 863 714
4501 3580 264
1912 3848 843
2466 560 303
2460 4409 486
3191 864 740
3241 1909 607
4952 3321 428
3540 5251 379
2221 2048 685
571 4234 742
3965 4555 840
2163 900 361
3905 223 832
5119 1743 520
3547 2312 639
648 689 180
4730 80 623
2637 1486 28
4615 97 628
2610 5255 399
3689 4819 742
2261 4424 275
3553 1381 567
200 2498 420
5599 234 827
1773 666 938
5175 2839 848
3028 3067 249
535 5056 32
1335 762 464
4564 3597 937
4072 643 677
4686 176 144
775 4380 511
2536 53 483
154 3411 513
2288 5335 258
3406 2323 663
3446 5334 151
3999 2896 986
3965 1723 654
4661 4230 78
2350 288 127
2542 452 323
1194 2384 594
5076 1775 579
493 2481 664
1391 4479 88
2984 1862 976
2343 5588 578
5686 3375 743
161 5105 605
1931 2017 552
1004 819 89
598 1082 990
5378 5341 998
4380 2996 964
604 5228 448
3688 3063 297
4175 1571 504
5060 4001 101
1128 4143 48
5656 5424 241
4832 4829 557
191 3578 769
1847 4144 746
823 3891 172
2230 2835 334
994 5070 750
405 5660 111
2372 3535 664
1183 259 305
4122 3299 151
5279 693 911
4585 3637 474
88 4018 618
1395 4015 352
4459 1421 250
2625 44 391
3293 1325 479
880 1847 729
2873 3772 828
5378 4420 118
3334 11 220
2268 1016 620
4255 345 430
972 1713 912
5470 4955 814
2235 3225 612
5509 5455 687
5462 33 957
5514 4514 907
2295 3994 228
4376 2757 841
2499 3823 525
5540 123 686
2466 2190 343
1117 2499 63
3077 4607 992
1058 3959 585
449 400 570
4191 5424 867
3609 1346 794
611 475 572
3202 1732 828
5114 1186 654
4708 2688 822
1695 3549 907
1959 493 70
4596 4670 536
1391 1305 358
79 5017 829
1500 5005 509
2958 2845 583
3493 1986 237
1092 2342 167
2716 5164 88
371 1819 501
140 5053 361
5341 3137 591
1612 4998 158
5505 2498 945
3884 4887 9
1405 4188 517
4584 3256 408
2648 1823 487
3228 1062 935
163 5335 60
2002 5396 303
2784 2570 410
2487 129 969
3665 624 783
4797 3898 716
5300 608 935
2362 3981 450
3347 3122 95
3199 1259 906
1514 4766 134
1253 4419 816
5224 4089 289
5580 3834 64
1326 2648 369
376 949 890
2269 281 245
1075 2838 200
3194 4884 111
1461 551 280
2678 185 170
1663 5010 718
4840 1922 305
341 1442 999
1019 5255 294
4691 3497 46
5291 1814 138
1539 1683 208
3051 3305 394
3158 3614 7
4288 253 990
4368 5681 67
1931 1034 826
1639 5024 893
1284 844 721
5673 4061 29
914 36 27
2625 5339 14
4260 5694 136
4142 2848 787
2173 4410 142
5135 106 164
4225 1065 596
5225 3519 27
3240 4703 817
3803 5469 458
2047 4805 65
4075 4351 934
4934 2914 541
5517 3495 606
3325 5669 679
1316 5120 476
2150 5128 722
452 1138 459
3470 2823 248
3187 2128 972
1135 2705 375
4160 1299 481
1527 2583 447
5275 5570 109
4258 678 559
194 5089 443
1676 3903 50
613 4349 998
1264 1781 958
2705 2510 108
274 686 277
2022 967 863
2039 2342 305
1850 5584 245
5511 40 608
5310 3897 835
3870 1561 508
92 170 790
3377 907 291
3933 3272 147
949 4578 917
287 5339 760
4853 2531 836
3009 5143 679
4719 4721 39
3419 4833 460
232 620 531
2932 3969 259
2663 748 738
5067 1087 315
1904 4676 245
2671 1460 36
2841 4254 70
2352 1565 258
2609 2640 412
1413 3104 15
3745 2959 526
216 4184 145
3287 5169 79
3403 1493 492
1155 1090 970
2565 1910 536
1165 1608 949
1568 4490 164
2639 5055 222
5419 68 493
5516 4 716
3809 5182 468
3928 161 206
5201 2936 21
2085 4695 784
983 2626 44
4912 2275 947
2534 2139 326
1705 3996 622
569 3330 585
667 4148 1000
3231 1827 934
3718 4328 520
2102 1846 251
860 4089 190
774 2929 482
2599 3443 675
4336 3561 173
3770 3652 974
361 3489 998
3698 838 220
1315 1348 87
684 1515 669
3495 3560 13
2015 5392 201
3857 3665 121
1672 1206 658
4949 5520 453
4057 4394 67
4018 3871 646
1133 3410 548
1942 5072 834
2976 4216 360
2743 662 562
527 151 704
3287 86 396
2837 2530 790
3500 3300 490
398 297 190
2756 5265 367
5410 1419 460
4364 3023 671
1075 3896 907
583 4548 142
4651 346 122
250 3779 95
159 4462 426
3295 3838 852
4195 2859 960
2994 2239 336
3650 2605 372
1181 3165 376
525 4301 931
4206 3947 122
3163 4062 40
4792 4384 331
1802 4591 244
2895 529 952
606 3853 476
2975 3256 744
230 239 115
1343 5042 82
2343 4359 737
124 5688 144
3427 2431 1000
1301 2602 315
1230 3667 62
4328 682 992
3082 2707 898
2360 5679 458
3085 3201 171
3487 1431 721
1762 4445 800
5637 4346 686
5306 4392 950
3877 3226 283
3948 2253 108
236 1179 947
1231 2067 819
5118 223 597
1664 4800 271
758 1795 780
3248 3247 845
2667 1419 956
4054 1464 135
1849 2613 325
5346 377 537
4903 429 415
5497 593 52
4773 3994 350
437 294 610
4626 5130 909
4357 3852 290
4489 4935 421
2100 4467 313
2268 811 131
2505 614 497
3874 1180 496
4102 2489 731
941 4870 676
603 1335 303
2638 2531 622
1539 3730 749
861 2334 398
1363 2224 847
2788 119 122
1457 2378 603
5555 4403 334
2555 5082 714
3580 5455 699
1532 5308 396
4629 2255 489
598 239 164
3075 5604 675
5548 5648 626
4127 1533 359
4689 2712 705
5434 546 786
5277 2615 486
4943 2415 133
2451 1684 325
2925 4559 382
3726 207 314
3206 1642 79
833 200 643
5362 1597 210
4000 2074 222
3096 1085 415
3889 2291 885
2962 2446 952
4355 4057 492
4599 796 157
3584 5494 778
4428 3576 308
5474 5140 248
2430 5337 899
3242 3586 845
1178 4643 54
3259 3633 295
4369 229 581
5506 4389 890
1442 3531 388
3086 3706 745
4266 5155 468
3184 1486 50
4174 2950 10
103 2734 306
385 1357 381
1015 1392 943
1692 2918 31
2976 5560 202
2433 3757 329
5394 2063 316
2520 2321 230
3029 2271 454
5195 1665 514
2942 476 211
3239 5137 685
2055 4418 958
2721 831 367
4904 4955 393
1898 4072 957
1952 3086 165
3189 622 238
2697 3995 823
2221 4026 175
5040 3247 368
3832 3345 13
3907 3161 846
3566 1369 703
3377 912 990
2993 2359 812
2689 3365 501
4170 4506 336
3565 1713 663
3457 4166 761
655 2703 55
1418 3433 917
5441 2455 455
1062 4009 520
3439 4594 405
3950 5480 39
2619 3401 970
3533 147 415
2920 5419 331
2324 1574 327
1305 5345 18
4649 1189 826
1576 5028 782
456 4675 122
2949 3385 156
1706 2969 945
1862 1679 746
1522 900 708
3885 2762 402
5015 3638 403
2323 1911 473
3256 4412 291
1887 1325 58
961 4409 318
542 4963 855
4749 2277 945
534 2393 444
4572 4072 221
3194 4656 794
5243 4886 949
4665 4736 480
5395 2649 622
2483 3308 22
5360 4174 143
2265 3528 711
2344 1143 742
5078 4936 870
3922 3898 670
2482 5049 305
3858 2035 866
374 106 167
2064 276 200
2475 3031 972
3997 479 684
1432 5532 127
3350 2163 837
4566 3991 205
1224 4166 687
3159 3278 930
5060 1616 265
91 4720 959
4725 1814 537
1609 538 220
1543 2103 764
5113 5551 537
3657 1067 587
2498 4347 730
218 588 303
231 5666 140
1895 718 703
5507 2003 522
3051 2097 718
3974 4151 563
5412 1163 429
3256 939 891
1655 1056 549
5696 5513 787
4417 1541 67
2034 5022 7
5446 1398 992
1545 5357 387
4517 3054 184
1900 1902 460
1129 2070 507
234 4267 694
1817 1223 948
4937 2431 42
346 1821 987
5278 71 923
1031 1142 711
2363 436 271
5435 4835 495
4201 3007 287
4035 5420 211
1247 1815 717
2680 103 407
1500 4179 801
2346 511 832
3120 3253 708
985 4513 190
2616 2981 27
3432 4800 947
2788 1617 452
496 1072 695
2568 22 1
1260 3254 763
4185 5243 578
1647 2147 42
3925 1150 890
1624 2198 970
969 2565 59
839 2948 714
4672 5392 724
2818 1702 51
4029 3154 319
5290 3909 669
5419 1746 901
1467 398 453
2288 493 148
2307 3936 254
4685 941 364
1162 2406 515
2293 3181 835
1380 274 251
4452 3444 15
5682 3179 54
2350 2411 592
624 2476 86
306 960 814
1438 4898 601
5464 5058 458
3659 316 626
4824 4956 509
5041 3826 359
5567 3464 642
2295 3078 364
811 4730 128
1110 3798 900
599 1565 591
981 1628 540
1125 3235 519
3549 4921 799
4322 2617 103
110 2054 926
1407 1775 929
4240 2347 184
4542 1297 226
1755 539 929
1065 4492 445
5362 1474 299
4147 3712 793
656 2633 212
523 2702 684
4791 2178 784
3618 3417 204
4645 295 656
1836 4896 155
5169 463 37
5684 1842 568
3483 325 39
5374 2603 645
5497 3331 217
5010 4964 142
99 2505 670
2267 4932 774
1865 2620 711
3034 1865 520
3865 2157 906
843 5683 466
1367 3696 53
874 2887 134
2708 2670 476
3623 5595 445
3280 8 943
514 4430 695
4149 2426 546
3687 3653 836
2400 100 395
456 1194 115
2197 4094 181
3241 1546 466
30 4848 195
852 5026 364
4469 4908 104
1988 3637 21
2391 5149 2
5522 2821 940
5442 3368 627
2040 2013 271
1147 1667 548
2620 255 529
1821 4739 405
2823 4283 937
4553 87 382
1109 2857 685
2274 2473 407
2822 2281 617
3489 2498 438
4820 1447 675
4232 4099 523
4744 5444 670
531 4352 552
5650 3707 75
3065 4957 585
2620 3964 257
2142 1906 533
5507 4807 718
1313 1417 825
3506 2030 740
4646 2618 569
3836 122 764
3396 1334 634
2398 430 199
3676 1461 528
642 3891 818
4001 5673 358
112 4943 917
1497 4000 357
2141 4280 409
4449 3824 856
2844 2172 710
1234 645 384
3967 3963 945
538 5426 76
4419 4657 102
5532 262 251
4935 3436 564
4879 927 569
4581 4879 940
3203 835 32
349 2667 910
5037 753 37
3854 505 21
169 4145 481
5119 147 810
2235 5185 221
1987 4804 775
4801 267 85
3607 3801 160
5269 4595 391
2089 4471 794
1277 4116 444
3509 2022 427
3674 5397 255
4405 2228 361
1322 79 806
2850 4717 798
4722 775 706
3299 1303 327
5127 3226 925
1882 689 533
1893 5464 619
3706 4129 925
3413 3376 468
391 982 937
5050 690 472
5289 1436 241
3290 15 875
2650 3829 797
4242 1471 895
2623 3466 641
1628 1005 538
5566 1713 782
1128 1855 947
5245 1111 741
5382 5147 86
872 4977 751
4910 2299 253
153 3425 163
5199 3474 676
3298 4295 738
1843 5420 232
480 4075 708
3590 5159 312
2174 4179 74
5354 1973 574
5365 1126 964
4974 3724 698
187 2262 85
4686 4575 609
237 5537 880
3377 640 622
3203 22 438
887 4415 455
5683 1288 504
4129 1696 253
419 4855 904
4809 5183 813
5181 4672 797
3072 2834 643
5694 4060 598
2552 2478 134
5149 4377 469
5281 3791 975
3638 5572 47
877 2137 185
1585 3289 801
3725 3947 738
4150 716 135
5343 2934 612
3505 3901 136
2015 5425 869
3322 5678 96
3362 4907 41
4440 2822 549
4117 1762 579
2558 2139 519
5377 2549 140
4791 5271 116
2726 4818 143
117 3331 986
2519 145 821
351 5314 970
4889 4174 251
1522 378 847
2061 1781 617
1129 1329 459
4568 1869 30
607 4415 295
2518 844 599
5399 3282 54
3394 3445 504
4993 673 849
4296 1994 242
1974 5470 267
1661 1113 923
4881 2321 180
1139 2818 803
4099 3111 541
2987 385 625
865 5180 380
2689 1914 351
4300 2585 403
3185 4883 717
1285 2606 613
2962 1898 964
1183 3585 537
3533 5530 768
5502 2456 804
5569 2894 236
2687 5446 476
272 3779 602
1228 835 834
819 2129 212
1235 2873 267
2453 3602 266
1535 1310 715
1635 4810 388
3052 2439 2
4716 1071 795
4611 5410 245
4327 4582 307
874 1761 72
880 3629 4
4409 852 372
4119 5273 998
1747 2700 953
684 3119 739
3019 2988 273
2552 19 757
641 1494 798
2020 3364 406
1717 430 603
4773 2071 362
1882 1830 904
5317 3120 399
146 458 437
1802 2871 607
5654 5012 605
839 4999 803
118 1185 527
2221 2430 179
4516 4773 306
5407 4461 430
3821 3415 816
1459 1123 481
2578 966 591
321 5291 269
5440 1884 400
231 3799 229
1931 5564 744
3067 3186 153
4880 1259 187
682 3073 404
5508 5421 648
4265 420 412
2748 630 722
4428 4447 455
2263 4562 817
4478 1350 282
2901 1684 595
2859 4168 515
652 905 239
4304 5049 183
2478 5600 384
5338 78 545
5506 1838 931
1271 2048 624
4370 5028 957
3064 2562 493
1202 2029 771
2638 4004 495
3225 1262 426
1990 975 645
3990 2110 40
3508 618 448
3602 1114 521
823 3614 424
3476 3802 200
2383 2983 586
1831 430 337
804 1391 144
347 158 738
4163 209 531
473 891 904
5065 3713 990
1100 2307 585
5490 4430 948
4484 5214 534
3587 2298 816
23 3481 448
3623 5560 813
766 4758 526
4827 4705 466
2472 1457 100
2898 1075 542
2639 5080 799
3576 986 343
676 130 48
1355 487 35
208 2757 129
3186 2209 130
889 1015 274
1791 3225 898
4972 2712 795
4743 4677 629
4798 2683 923
3181 2108 522
2110 3126 336
1703 4547 509
4366 961 868
4057 2378 923
4618 1850 794
3331 1894 408
2571 3259 476
1511 2986 254
5023 2806 390
4758 845 997
5050 363 287
1630 1850 208
4789 2592 238
2853 2092 23
5018 854 274
3964 5022 215
2162 3178 157
5146 1950 149
954 1881 73
3211 1555 344
3609 5437 189
5400 4676 248
5582 5693 354
1514 2717 324
128 3468 20
2561 3114 834
853 3039 339
122 1951 46
4024 5001 29
4657 862 568
3836 3834 294
2323 4357 459
3574 3921 970
2535 3950 476
2770 5430 654
5007 4557 101
818 286 726
3178 4837 930
4336 513 378
3907 3353 237
5516 3419 201
5078 5070 309
4454 5652 735
59 3009 180
2113 4612 477
1582 412 413
3365 3191 74
455 732 981
1258 3515 325
3410 3726 584
1360 1262 227
3002 2792 513
2180 5083 596
1537 2734 282
2201 3945 622
5227 5314 688
1998 511 859
1285 3450 801
2796 1979 252
3055 3946 440
2591 5031 179
3863 1844 258
999 3872 231
3519 2676 492
2964 3371 659
734 2963 770
2705 2081 466
807 3680 468
5574 989 579
2737 1974 730
5378 1061 464
980 1928 820
5370 575 630
185 1196 555
908 3942 115
930 982 675
3326 4386 494
1552 1687 633
1823 5685 230
3798 1798 874
2717 1574 489
3296 4826 831
4184 2115 93
1556 1483 509
3443 2274 706
2256 5226 719
755 1829 648
4782 4330 114
1994 3635 817
14 3201 700
2436 2003 992
2881 5017 620
2977 5301 835
4053 3578 582
5659 5505 416
2124 3493 740
2143 4198 606
1090 5213 642
4336 194 973
3279 3090 844
3437 444 260
979 1143 883
532 5191 993
824 1908 576
1224 2249 649
1771 719 465
1116 93 82
4378 5166 835
4933 1366 471
153 4472 189
3257 1904 712
932 4680 354
447 5578 566
2964 2382 646
4700 5576 547
3041 3043 48
284 2726 689
5084 3595 908
4180 4068 420
539 4145 846
4425 1071 483
816 5463 398
1875 4709 995
977 5324 550
3868 5526 152
2772 1881 337
3466 1681 902
698 5163 364
4619 704 999
2086 4274 271
17 5659 354
5203 291 337
5518 2557 637
2584 4232 346
882 539 938
185 3249 28
1179 2511 797
3576 539 93
1454 1254 493
1905 4952 102
850 2693 747
1721 1751 974
3839 4100 389
1537 2063 626
97 3181 903
250 4302 257
4713 5382 322
3437 1857 798
4549 1291 846
2646 410 236
3539 3912 501
3542 3424 313
3118 620 124
3891 140 266
1691 716 193
3322 832 970
1270 4241 62
1471 3103 511
5521 2796 637
1233 2228 938
285 4397 427
1041 2016 375
122 709 237
3180 1337 151
982 2137 98
2225 4719 595
437 4721 535
4906 5503 869
2306 4539 22
2204 1219 818
3839 3613 602
548 5025 330
3001 621 14
2411 3316 551
4724 2189 608
4245 3077 261
3133 45 41
4190 3049 293
324 2456 141
3099 3808 195
3723 2562 270
3292 1186 932
4565 1535 232
1435 2593 175
1202 1926 937
1927 1975 678
2795 5185 175
1701 4221 908
2768 4671 745
3319 1362 363
3643 5622 48
1321 131 225
2844 4486 406
5684 4595 829
5497 4326 811
1218 4477 210
1985 1101 871
1793 1058 90
3520 3245 315
5139 4758 382
1737 3233 225
5459 4008 100
2749 5509 132
2150 193 353
429 5632 972
5215 4156 278
1644 3702 391
4041 215 927
1853 5394 783
1188 468 293
2911 994 840
5447 3241 475
3870 794 187
261 3867 848
4745 3327 89
1875 809 314
1264 2540 437
1380 1405 205
190 1494 920
4666 714 640
830 1517 205
4487 4277 666
2881 3602 453
2319 2672 46
772 4375 659
5180 3541 966
864 1793 134
4277 4777 125
2615 1200 928
3176 4460 554
248 1471 460
1216 2570 603
52 3286 50
872 3722 615
3753 1302 983
2820 1203 585
215 2741 489
5562 3617 796
764 3373 660
3695 4986 749
2209 101 702
4956 4835 148
4108 5305 279
4927 3380 601
4757 3079 443
2562 5221 19
2324 3034 676
2685 1868 417
1475 3579 245
4241 2174 292
5382 4911 177
2489 788 738
695 3260 421
5071 105 280
4746 2354 294
1597 99 436
277 5416 566
855 2280 52
1 711 981
4132 4353 518
3367 2 297
3315 2774 839
3897 939 684
4129 548 209
2076 4706 732
193 5597 895
1199 2188 127
2738 5599 132
31 2608 929
2143 1638 296
1640 4600 84
1725 1952 291
955 4062 601
3705 2690 296
126 4041 719
401 1204 507
5242 2013 248
2806 2141 434
4593 2957 61
4133 1346 893
2390 3763 140
3168 2433 165
4066 598 428
153 4798 637
5557 4502 535
5040 901 704
3019 1648 320
5441 1867 832
2428 2588 605
2870 3398 741
3770 595 153
3156 1704 903
530 3683 86
1169 731 847
3926 3852 856
3339 1226 268
1323 4737 604
2008 5176 409
5291 2200 649
5284 690 695
829 4058 391
5062 340 900
2711 2393 899
1678 1986 243
3401 2485 357
2905 3333 77
3116 2948 283
378 2221 891
2151 3012 720
3802 3765 889
881 1080 391
623 376 580
5350 4447 791
1763 2660 758
5565 2030 79
3206 2769 759
2854 1909 142
1137 4865 911
843 5402 406
5394 1446 621
3096 5660 769
3837 3593 235
4614 4213 56
4865 3383 878
3368 3955 731
875 5667 619
748 4828 684
4708 5409 182
4512 4182 77
4583 2981 31
5142 4170 864
1749 1972 878
1489 681 897
2380 2357 781
5149 894 932
2466 341 796
2938 161 774
4794 5623 901
5164 397 519
3349 88 391
5081 1908 94
4904 1364 35
4995 755 727
5075 60 194
4281 5008 234
2623 685 385
1217 3180 877
3254 5212 850
5351 468 214
4395 909 449
3832 4238 94
4340 3475 463
2149 1123 176
3292 81 244
3352 5406 444
3462 14 997
3237 2275 364
5188 3918 426
2926 2345 947
2 5186 797
5124 842 564
1488 4030 663
862 3853 937
1389 428 629
2934 1651 763
3189 3512 742
908 1228 189
2361 2875 575
2750 3639 463
914 1081 589
4585 2377 64
3571 2049 121
863 2650 317
1723 727 461
4580 5394 281
1617 3067 553
930 4498 320
1861 1165 788
933 2586 387
2787 416 180
4096 3008 763
5137 5622 177
3206 209 770
532 2038 347
476 351 590
4007 372 355
3666 561 892
1480 5331 473
1361 3885 942
1189 4945 86
2541 20 579
1592 1319 989
381 2484 468
3080 2024 532
3472 2961 870
1462 906 447
3053 4826 455
2131 1881 116
9 740 408
4279 4674 994
3038 5390 500
1435 4839 810
4710 2690 161
5572 547 126
967 4937 731
5136 1120 90
2532 2493 577
2510 3334 216
1502 2104 733
4263 3712 706
3677 4128 572
1922 548 895
5052 1831 145
1243 3099 276
2378 4091 791
3856 4583 524
359 5325 815
4709 2404 973
5303 3499 729
3810 2381 974
2299 5287 251
5065 2030 988
4184 2422 158
3418 2361 177
2866 3737 594
3231 2626 402
4001 1383 645
3774 428 426
106 1368 586
3357 4361 19
2730 5592 594
2301 256 281
4277 1231 938
5570 5553 687
3437 3587 102
215 1274 146
3191 3264 67
5662 4314 136
3258 1063 130
4292 4559 224
575 3687 918
2282 741 95
4057 4565 20
4034 2829 232
3364 5298 277
5354 2868 941
720 3488 81
3961 1450 887
3121 5564 269
5132 4010 900
531 3231 185
4449 3638 720
820 5592 512
2844 1300 632
1063 5229 257
3428 5685 213
1407 2369 201
1973 4874 469
4351 4950 249
710 1947 297
4429 4188 144
2276 3422 382
3551 3269 518
2101 3375 670
959 1874 149
1311 558 512
269 2977 243
1781 340 457
2292 5237 184
5482 2605 777
1374 1006 938
3349 2644 567
4795 4123 223
4550 1553 952
3589 4977 519
4328 4143 59
4144 5598 729
4085 3630 649
5659 20 964
100 3652 407
1067 2682 247
3539 2982 373
2729 2374 631
1333 1778 387
3452 296 81
135 3476 61
2184 4502 327
3766 4853 358
4673 5431 366
1506 2030 586
67 2562 631
3441 1069 367
4965 4719 805
22 3463 234
3683 2878 898
4345 4062 584
1781 291 488
5114 1092 33
1002 3803 925
4930 1358 679
1186 3896 888
3691 5370 465
4869 1540 835
3864 3007 161
5513 1471 547
5618 2840 295
4025 4629 34
5364 489 692
352 2098 442
4289 2955 700
2151 4343 939
2288 3263 184
911 2072 519
4613 3660 741
2159 1774 151
2310 5090 715
2951 907 931
633 888 216
541 2065 718
4825 5447 351
2963 496 340
5446 3855 915
5210 1316 306
2856 5070 225
703 5407 837
5002 5545 515
2495 569 136
5280 3268 88
1790 3969 624
2567 301 438
2560 3550 39
5433 539 135
5040 2923 70
1821 1164 181
2723 4671 370
477 5190 128
1818 4444 727
2084 1538 114
2797 3996 88
973 5283 567
1128 286 836
3217 5377 738
1781 4733 931
2397 5212 151
1400 189 641
2531 5087 703
2220 5062 870
5543 4214 924
1404 3770 640
1458 2891 709
3010 4249 8
1812 4525 797
4461 2256 216
1653 489 286
822 4455 886
5111 4037 756
895 3134 788
2877 4198 492
3015 4885 445
978 3035 276
834 4305 240
1134 2717 915
2990 4941 909
3099 1072 295
1011 5107 582
1913 1799 553
1587 3265 842
4240 1503 315
3573 2709 606
647 3839 188
4137 3782 381
4628 3362 776
2083 54 91
130 1160 310
3637 2193 184
683 4871 383
54 4598 890
5254 4532 31
5100 1051 175
4469 529 777
796 1255 109
2955 665 999
460 5552 122
3683 3705 403
3051 4463 886
1762 5531 566
1581 152 263
4413 3607 794
5465 2558 359
1886 3533 842
2029 1189 589
5048 4870 224
3645 4206 461
198 1390 909
3994 2632 636
652 4364 578
1452 5133 196
2050 1327 225
4366 1315 505
426 3696 739
322 5184 845
5134 2838 913
4401 3072 333
3153 1666 458
3295 450 980
2175 3602 181
3562 3401 278
3431 1472 717
2273 4419 77
780 263 257
4403 1060 14
4135 5183 456
339 4460 135
4656 2691 91
542 2797 448
4074 222 845
1526 4480 657
4351 446 479
1806 430 714
1539 4311 800
4325 829 816
2966 4734 961
2524 1583 892
1196 3360 638
2348 325 242
2229 746 655
1855 4860 527
3675 1084 19
4949 4984 180
1352 1077 904
463 1909 393
4077 3279 230
425 3814 823
967 4037 429
1521 941 749
3631 1082 355
1094 4195 289
1932 813 850
3633 967 496
2911 1547 972
2354 856 999
794 5368 601
4017 1794 719
2734 3849 427
5493 4288 112
183 3895 532
1101 3251 933
5457 3547 416
361 3739 573
3794 3370 701
1132 3254 601
1841 1642 594
4046 4190 484
988 1665 68
1866 5385 925
2036 3327 429
3694 114 836
994 3239 469
981 1797 162
1177 2551 8
4922 264 666
3216 5224 491
335 1439 151
4371 5666 224
5199 4766 633
744 4146 508
1069 154 1000
2907 5022 973
4172 4463 687
5054 1984 771
1021 969 964
2561 605 592
1468 1096 876
916 5399 52
3474 399 143
1226 2387 480
1494 5171 86
2151 3075 751
1493 5076 767
3552 3658 351
1396 5134 335
4528 323 213
4677 1418 171
4934 4664 628
721 2385 535
3564 4847 896
3703 5409 165
1466 2726 30
5111 5692 278
2444 1818 91
5232 897 377
2649 5691 339
173 137 746
1674 452 997
5445 3017 246
4163 3472 812
4935 618 406
4722 2609 339
3993 362 202
4289 460 214
1079 1112 458
1460 4228 473
667 4769 372
4032 3180 782
3447 2911 311
1242 3127 740
4830 4066 505
1542 4820 401
1661 517 795
3293 1359 216
4841 1006 792
5307 2393 14
864 2039 515
5526 41 633
5567 5613 9
3359 4580 26
3370 3855 798
4711 2007 633
1292 4449 272
1852 5381 655
3295 1288 485
244 2626 653
1192 3454 753
1697 2064 585
3652 887 544
2756 3246 140
4838 1535 124
2593 1416 662
3289 535 27
398 4568 180
2365 2234 856
5196 1049 904
377 1333 567
978 2616 395
3802 4504 292
2899 4221 649
756 4939 301
491 1621 175
5497 3156 833
1043 5593 523
71 4478 661
623 2158 299
1401 166 525
1631 1974 282
4988 5154 836
2950 2903 111
1524 1652 177
47 574 344
1961 2194 515
1824 2034 578
2025 3270 42
4549 4580 284
163 3214 836
2643 3590 407
17 5096 557
86 5583 134
2476 1550 16
1853 2428 369
1261 117 803
941 2604 707
1829 4200 755
4150 2481 157
2401 693 253
3905 996 144
4903 2974 776
3697 4116 147
3771 5582 434
3053 5509 14
5286 970 353
5041 529 712
607 4140 188
713 617 450
4512 1275 358
2793 2388 131
2810 4129 593
1995 2360 543
732 833 638
961 4643 898
3239 2478 542
3904 1747 857
3869 3408 644
1128 370 576
4321 2344 926
5649 2786 832
1838 394 720
1207 2053 206
4787 2941 193
3383 3996 78
4413 2255 190
2 1176 451
1599 3130 120
3428 3551 238
3912 3059 955
2639 1869 569
4194 2651 925
3179 4566 858
4633 1203 619
1344 3560 302
3105 3091 904
2391 282 872
2909 3273 63
2915 4195 643
3952 503 645
5280 1593 818
5056 562 796
37 2081 165
1224 4245 554
3939 1955 263
1596 1078 167
603 39 718
1332 4248 780
2128 1411 867
1780 2308 819
1570 2261 103
0 5355 282
4017 4969 231
3209 3223 100
4273 2740 148
4203 764 161
2314 4150 757
430 4929 726
3109 4794 548
2067 3640 543
1168 5429 11
3877 1585 143
2693 4096 212
2818 1025 212
3716 5466 674
1135 3193 66
260 1636 623
3109 3703 644
546 182 60
1402 2747 565
424 4062 708
3180 1496 360
1699 4460 535
4042 925 865
82 3297 964
574 1431 834
1451 3423 345
4733 5377 336
4900 1935 231
774 3588 696
3819 3745 528
1964 4966 326
606 5175 370
1348 95 888
5107 5000 206
3058 2049 693
4197 3643 855
2247 4682 818
3552 2989 167
4281 3795 804
2898 641 265
3758 5201 964
5519 2218 927
2448 805 362
2571 3194 234
598 3906 703
3122 3721 436
1104 1682 235
5616 4569 459
1722 694 864
519 1895 980
2711 4297 148
5094 3183 984
5503 231 281
3858 2787 885
3303 5555 411
3821 1485 165
5144 4963 814
4903 439 854
2866 2908 624
263 5017 937
1511 5613 388
770 2765 462
122 3262 143
2017 1142 550
2454 4215 733
1501 5619 272
4179 3322 743
3422 2686 274
4416 4877 295
237 1814 136
680 2411 260
2503 380 365
2703 3114 378
4628 1977 717
3526 4393 544
963 4986 168
3599 2918 497
5541 2506 396
2369 1568 368
4037 2730 62
5173 4291 840
3637 635 647
1971 27 339
4799 4203 897
3118 3361 109
2331 3837 743
4448 3448 565
4316 2896 556
3412 2032 514
3944 4149 972
2463 3517 784
1678 2443 881
554 2692 799
2289 3036 71
893 3740 532
2566 4124 959
4176 4645 828
2682 2970 361
1603 516 533
5018 4524 873
4734 1497 276
3312 5633 827
5116 3193 178
2579 5198 517
1835 5524 119
39 64 690
230 1374 14
4208 2274 608
3327 2038 102
4582 5519 262
3030 1442 575
3386 320 995
3290 2928 474
1772 1308 502
279 5460 787
4244 5635 213
831 289 495
2164 2703 379
3922 4952 594
2611 251 381
2175 72 994
4056 4172 23
8 3140 807
2848 1690 385
1399 1772 210
1756 558 400
4979 3252 511
3102 976 304
98 5100 291
1042 5093 614
1611 3467 796
3648 162 888
681 3017 582
4350 325 86
4537 3043 674
2355 5616 829
3166 3357 916
4240 4730 649
3068 2851 792
689 1992 552
255 730 507
5193 3736 461
5231 4964 362
1175 5506 471
1252 5568 608
2192 3008 543
3744 569 803
4385 546 143
355 1836 491
117 5500 475
3892 3324 584
3228 596 763
3472 3670 249
2737 1352 530
106 1387 823
4860 4802 351
4430 4362 259
110 5202 349
2978 1811 654
2232 758 358
163 5191 100
5017 3000 34
2717 1897 23
5483 3312 324
3602 593 904
1154 399 331
430 4714 417
4265 4528 225
2011 2718 408
1511 3463 167
2716 693 705
680 2536 787
3512 2756 307
2918 1250 447
3540 2710 687
3657 1656 846
3211 2950 599
4461 1633 54
2095 258 517
866 1010 539
3566 4673 830
4732 5125 797
3544 4786 754
5462 5325 946
1512 3521 948
614 609 601
4652 4656 716
4259 4359 766
1303 3433 717
3528 1505 426
1899 1932 291
4617 2339 932
3328 3511 124
2355 4404 426
2132 4240 914
2757 5518 231
5087 5086 406
4577 3406 831
1184 2623 409
5413 2105 92
1138 5531 990
816 5099 383
2639 1084 637
3843 2820 885
3988 4863 642
4068 3148 86
788 2136 761
4787 3842 507
1444 2439 107
4275 2197 230
5092 1546 925
3627 112 989
2105 4968 618
4487 3322 19
512 2092 484
1070 2289 472
630 2771 407
4863 3987 576
207 1431 43
1654 1249 650
1814 5697 724
3537 4470 507
1778 5287 740
4559 194 631
213 4249 471
2309 3123 841
1141 56 26
4176 5515 983
2521 1107 717
4731 603 991
2839 4249 919
466 5095 66
4160 4676 593
2664 1646 749
4400 5188 418
1723 1390 362
1061 512 76
3080 1999 392
460 3839 115
1722 5040 148
2479 855 544
59 4251 291
4065 4786 624
3784 4544 569
5010 894 54
1006 4378 146
1025 4205 217
5510 1861 703
1752 2118 774
540 562 524
2129 5661 887
4519 4739 399
2831 3787 500
3847 2038 836
2410 1156 364
1121 95 499
1036 2571 512
1865 2498 252
4717 2858 19
1314 5317 879
5369 692 599
3912 5321 197
5207 636 80
488 559 609
3493 4425 38
4742 964 654
3063 4144 433
3616 1535 86
2137 2221 526
4321 3619 279
4328 5489 555
2025 5047 90
4899 4967 169
1923 4858 18
2856 809 121
3745 4542 92
4151 1298 603
4703 1669 910
286 4765 71
4766 5096 996
3006 3843 452
4821 178 185
604 4694 493
2187 4434 858
522 5646 506
5636 5140 625
2064 5055 935
1308 1450 612
2944 1258 772
2405 229 734
2561 2 936
3237 534 283
969 4958 906
467 981 390
4200 976 870
296 1948 547
1612 3873 673
1322 1957 453
5653 2348 112
4062 1143 334
5058 130 539
693 2699 16
2952 2780 604
1368 3386 172
5673 5293 11
5457 4172 422
2376 661 381
1081 4006 545
3630 3193 263
4655 4624 587
850 976 265
3521 3854 514
4821 3686 959
515 3899 170
1955 3018 313
3430 5310 661
863 263 265
52 345 709
4092 1508 960
5451 1128 157
2071 794 600
1892 884 283
1556 1872 846
4558 4055 911
4659 3073 858
2424 3714 950
2817 4893 478
1457 3606 229
542 2530 870
1000 3082 511
537 3178 611
4777 5646 20
4034 1081 383
2181 471 55
5431 4675 530
3852 3390 324
612 3074 138
2272 1824 604
125 8 648
1830 4271 139
1532 4102 173
781 5667 853
640 4151 427
3675 5007 854
2620 5179 793
4172 3549 963
1919 2004 646
40 42 494
4054 1845 918
2312 1832 342
1370 3820 717
2859 1080 699
4557 1247 997
734 4968 144
3499 1859 568
501 2639 296
5129 4415 9
909 1977 249
3847 1272 397
4255 1130 530
3210 3686 992
4592 5057 462
3923 2360 69
809 2528 766
1831 5120 319
5092 1713 848
499 2626 64
5540 2677 654
1956 3329 698
1372 4961 631
924 2650 317
522 2270 608
858 3077 657
999 3889 168
3849 5344 553
3617 3856 444
920 610 150
2074 913 417
4483 1553 752
2241 1860 856
5303 1044 211
3380 1434 630
5590 4033 657
2746 2467 337
927 5129 298
4999 103 656
3973 1240 3
4766 2292 584
3937 2898 901
3784 4485 467
1962 2075 189
463 142 175
1713 2799 221
3334 1295 137
83 1379 835
4818 4320 839
2832 1175 790
4156 4058 455
4234 1861 92
4896 1685 695
4883 3292 551
998 1941 715
2107 5240 272
2027 3467 403
1882 5519 87
4034 4675 384
3029 657 247
2918 3452 399
869 3919 652
3908 1969 103
4719 636 628
2848 3482 263
4894 4065 278
4523 4647 395
5635 1569 704
2703 2003 756
937 987 178
4183 4650 319
374 2043 842
3165 264 741
3909 2582 577
4122 5627 127
4898 700 644
3868 5236 504
3586 4315 607
919 1844 586
1538 614 145
3740 3039 227
2524 3737 96
5658 1056 24
2365 5061 809
414 170 331
4746 2950 428
3324 3879 357
1341 3166 919
4419 2013 273
322 4871 708
4802 3920 288
3532 4649 617
1646 1799 140
3878 4626 318
294 5434 513
671 2055 478
1275 3861 311
2979 2795 851
3063 81 39
2455 271 38
3247 5082 520
3486 63 624
975 2974 842
4374 1719 698
1253 5544 618
503 1394 10
642 4755 955
371 3846 4
4955 864 720
5282 4443 578
3946 3376 941
2771 3278 121
4286 189 942
5433 235 281
1869 4259 175
5331 3072 259
203 946 710
3740 4478 798
5584 755 432
5227 1084 139
5583 4770 780
1317 5270 579
4302 1661 22
4009 2536 747
1958 4129 775
5603 3767 447
2425 5256 468
4228 5083 905
5613 2672 948
118 4127 964
3797 3687 711
1320 795 767
2577 1411 737
1838 4344 657
5550 1933 941
5161 1409 855
4396 4448 19
1661 4894 170
349 3488 633
3768 301 939
5599 56 476
3456 1779 324
2207 3504 918
638 4003 642
3358 3433 213
946 4655 614
4486 4166 199
5405 372 46
1681 1999 611
5191 4298 681
1221 2673 952
2755 4321 490
3467 920 570
5606 3967 352
427 1285 724
585 966 881
1749 2271 3
121 1125 100
1863 2744 907
653 5479 818
5525 1485 131
1016 1308 159
2068 4371 719
1174 1114 975
3594 3811 546
170 2133 129
3044 4188 474
996 5000 28
1017 4183 156
5613 503 471
2771 4422 295
2638 3637 419
3860 5298 880
4565 2767 327
3082 254 146
888 1584 406
3854 4297 146
1986 2404 522
1045 3674 462
2152 3336 310
3851 3296 727
27 752 985
1882 1373 66
2632 778 80
2379 1600 981
4847 3502 296
5289 1593 168
3108 2443 775
5524 1100 605
3344 3742 832
1062 3756 411
3022 2637 740
3020 1766 631
2779 2318 295
358 1885 827
731 1986 418
3488 392 456
562 3711 443
5453 5436 632
1002 138 269
4075 5595 633
1078 2064 205
399 2590 375
4949 4699 802
4151 3809 7
4068 771 840
539 3243 13
3904 3458 689
1195 1939 523
2467 3963 769
805 394 78
3258 4736 991
2854 397 582
4565 4042 793
462 5499 138
1450 3695 272
4095 1334 875
3759 3504 854
3955 3724 156
1366 5603 873
594 4620 281
3099 2424 793
988 2141 639
3627 3102 316
663 1116 579
1312 2050 328
3016 5475 383
4601 5025 652
1490 3508 614
1121 4659 301
4969 3191 912
1324 1372 415
799 218 175
4819 626 886
3582 2104 30
853 4877 227
888 2154 318
4234 3443 395
2958 528 706
146 3229 136
1090 880 579
2500 3946 791
1060 3351 924
2899 232 949
4189 243 363
444 1634 767
2342 4375 954
3557 1775 487
2647 3585 583
309 4744 918
2406 1307 965
3722 487 540
4548 3724 538
3923 4520 257
307 3268 852
4165 2729 813
888 5407 461
2084 4235 111
4225 558 751
969 4717 641
3922 5003 633
916 475 361
148 3955 104
2668 3721 30
1130 3249 288
138 5408 768
1424 987 512
701 4977 345
4617 1700 745
571 3823 308
2836 2603 885
2802 1424 639
5061 1736 510
937 205 737
3007 4641 149
3877 3644 780
124 4077 99
1165 5141 661
2603 2589 425
1238 2215 120
875 4090 998
1183 2255 765
2157 409 663
4690 1854 818
5321 1411 765
3235 3050 525
4938 2547 53
4611 2151 748
3248 423 488
85 742 39
2250 12 982
4555 5276 317
3784 1503 69
5618 2572 228
1151 4186 891
2412 4847 189
2870 3503 210
5678 5530 734
4332 2368 737
5242 5290 186
1341 2591 219
2334 1115 223
4919 5329 66
2865 5396 369
4229 3834 264
4762 5199 682
1913 5515 195
2542 269 80
4072 2327 98
3868 2551 327
1562 4309 456
3260 350 208
4910 5085 506
396 4068 573
5137 5415 838
2904 2800 600
2809 5097 462
2476 1903 777
3962 5435 510
317 896 988
1555 4075 593
5048 226 76
4767 2157 202
5471 1769 804
888 3262 549
2416 4334 465
4820 4058 734
2148 5071 520
4252 786 248
5471 1881 940
2723 2702 533
1552 4696 641
5605 4591 577
3583 2930 999
3297 4843 654
4658 512 675
798 3791 110
2863 2056 534
5204 2737 35
987 1770 757
1992 2670 731
1084 5292 467
73 3943 805
3292 2701 914
2886 1662 880
5576 5012 500
1446 113 542
2089 29 26
5393 1742 768
3873 385 65
5037 3993 956
300 5152 922
1165 4608 578
3426 980 979
127 3860 469
468 3373 650
5359 4931 222
4037 3981 470
5641 4254 564
4334 2688 436
1608 2704 998
4576 2200 911
1869 2233 544
5343 2915 90
4535 2632 662
2859 358 585
4537 4707 613
5609 342 240
1235 71 138
4420 993 2
5596 1256 617
1680 4718 848
3025 3608 963
4113 3404 99
346 1415 980
3560 5136 651
2549 3741 477
4002 3818 630
4860 3594 419
2280 3897 476
1220 111 520
2663 5536 784
2956 619 106
5003 2394 569
2549 1982 945
3361 3702 894
5015 3294 709
4376 1446 75
1105 4751 964
5434 4032 133
2477 365 698
4544 727 101
58 202 960
4535 3556 842
3761 1723 814
3019 803 1000
746 5179 640
2494 1153 937
2727 759 618
2814 512 220
5126 4710 490
2949 4845 433
4171 4247 465
1057 1967 971
1646 3795 261
384 4926 973
276 4325 999
202 1826 599
1217 2453 108
4420 54 237
5570 1862 513
2735 1784 259
5678 2387 529
1501 3014 468
1220 935 860
5646 3711 110
4617 3253 336
2275 5423 107
1967 1786 524
1621 5478 875
1736 3752 258
3094 4877 955
4432 825 675
525 760 758
3802 2584 379
2207 1520 121
2616 1949 971
55 1833 257
639 3859 320
4263 4700 330
1155 4965 609
650 1738 828
3254 4416 273
3982 2632 999
1643 387 790
2317 856 291
4655 4239 918
5577 3052 210
763 5197 157
4198 5345 337
2252 1036 689
5241 953 935
4476 1626 555
4136 2551 649
4024 1650 40
84 5262 407
2912 1352 527
49 5030 245
3212 1825 901
5402 3068 974
654 4569 319
3 267 47
423 4240 189
1702 5603 4
458 5481 612
785 2843 148
5275 738 833
3160 3248 129
4638 3246 794
3328 5327 872
2121 1093 293
2558 307 202
2206 399 471
5276 3157 188
2218 2344 498
4347 387 881
5584 3380 982
4573 2662 524
4673 2022 866
3739 3712 193
2224 3984 559
1390 4774 469
5547 2912 376
1373 4722 367
92 3626 471
1460 121 348
5378 1281 185
5383 864 117
156 2593 671
4097 1696 321
125 2093 219
1540 5511 185
4165 5678 306
1560 3015 305
3735 3027 345
3625 5417 620
2380 4172 479
1057 2735 762
2067 5579 704
466 1809 885
886 1712 977
5198 491 777
3973 2160 65
4957 4758 139
3994 4016 407
3873 1733 807
1676 1584 308
4028 801 849
3676 3017 324
2749 3227 98
3140 4434 661
4575 2352 29
2289 4284 987
2148 5528 936
3454 2957 197
1960 2597 490
4520 657 879
5031 3605 454
4458 4995 544
4319 3199 356
1468 2776 446
73 1161 702
5126 4966 847
1536 4552 874
4508 4774 873
5698 4109 86
5030 3207 537
100 3684 78
3508 5136 491
2540 5269 709
4440 3884 35
5585 2766 753
2533 395 842
17 5256 296
3830 596 361
4509 945 274
3545 207 501
351 4622 562
3810 3274 80
3629 5595 149
2441 2107 851
3537 3385 954
262 3550 794
4444 694 385
5112 4110 757
1019 4229 150
2213 3965 341
4978 5339 459
453 679 113
4665 4441 324
4763 4040 592
92 1261 494
1080 5623 42
5645 4308 905
5453 4184 595
4701 5674 916
5562 5556 544
4907 2509 35
5263 3986 602
1459 157 127
2028 3216 929
1758 2764 64
4972 1329 974
1809 3168 105
5247 5560 274
5536 3918 233
3264 1737 81
2429 2832 83
2386 5550 270
416 4959 537
3733 2650 851
2774 904 593
2723 2669 257
805 659 846
3413 119 286
463 411 490
3748 3410 192
1455 3238 762
3428 4642 938
39 608 102
5662 3666 175
3873 829 963
386 2836 198
529 1124 448
313 2740 15
1098 4550 214
5575 3658 149
3009 249 500
4496 697 835
1920 4828 82
859 783 976
1437 4830 947
115 704 567
1756 453 72
1297 4934 205
1290 1362 394
5151 574 366
3328 2313 568
4236 4999 524
5490 2823 569
4729 4716 45
3767 1857 302
3862 1490 250
4355 5289 783
5468 756 648
1064 1568 756
1885 4412 956
5019 3568 492
5593 2797 104
3997 1914 832
2587 2001 802
4315 626 591
480 3139 510
5412 4979 573
4745 4824 117
322 3193 798
4138 4630 544
1391 763 64
2180 406 527
1262 658 709
238 481 814
2756 4220 552
5646 146 390
770 1212 38
3753 5135 937
605 68 480
3968 4266 717
1828 3248 311
1306 4930 848
857 1634 9
1829 2487 703
5039 5170 97
1754 1664 759
5601 1119 776
5683 2560 680
2812 1305 205
2393 4835 989
3671 4799 278
581 1269 513
3905 4115 466
4563 5469 529
5276 198 758
4237 4006 8
1270 5399 290
5231 1796 530
2418 2512 536
4135 2751 483
1564 5040 332
206 3709 9
3960 82 724
2104 2454 407
562 3096 963
3455 3143 797
4866 3167 914
5054 4656 233
3399 3 67
2998 2667 834
4201 3316 893
3273 1527 264
3807 2555 44
2987 2780 205
379 551 632
4724 1004 789
2645 1144 960
4694 3712 799
2893 3363 625
733 4549 449
3422 2816 662
3069 5407 524
4358 1821 585
5329 2770 137
1352 2481 898
2810 3468 713
3916 3698 949
3300 1177 376
4300 2947 140
4530 5237 79
5603 5125 839
841 125 641
63 5665 374
147 5524 951
5473 5648 925
3603 355 600
4620 724 586
4604 2631 859
1253 5056 962
1781 2016 509
2180 1567 704
310 2751 30
2024 2022 795
1356 4623 948
1775 1574 285
2060 1419 497
1830 5214 897
848 3787 651
4599 5287 831
4463 3 673
547 570 13
1076 3769 777
3207 4491 359
4422 2775 585
4601 1455 962
1678 3380 823
4357 594 510
1787 2300 625
4678 1389 627
5246 1721 910
2937 4793 472
902 2453 177
1742 4889 45
542 3495 582
2886 3512 831
3964 225 997
4203 3053 199
5233 205 22
1952 5280 710
4216 3714 430
3298 3859 486
5111 3742 741
1872 3216 759
5378 803 273
4531 926 941
2713 1707 60
4920 1602 207
858 2919 103
989 4262 808
5013 4238 61
4667 4721 77
5647 1401 746
115 347 25
983 2232 580
5612 605 738
1957 3152 736
287 5250 259
5403 1493 169
1727 5649 867
2552 1202 751
2368 5164 828
4749 5576 319
5462 1133 939
959 1085 700
504 1580 848
4555 5011 524
1462 1605 324
3514 659 528
397 5640 112
5586 1619 709
794 1899 772
3421 800 288
1121 1580 176
2810 4507 958
3528 2950 965
765 4111 681
464 2975 775
4732 1498 932
2711 226 485
4188 5665 829
3945 3995 281
3576 2087 46
3697 3552 589
1377 1470 670
2730 5140 1
3672 877 598
2301 5338 261
18 981 413
2957 116 394
3508 4240 616
5263 2328 861
1571 375 518
168 4207 355
2607 5216 605
3977 2556 223
2744 2853 467
2941 2202 490
3175 2452 928
1262 4276 849
871 2250 307
2315 1610 953
3710 2235 914
5497 3387 103
5400 3612 166
829 5315 614
3073 3653 323
407 3388 709
5542 1483 879
1550 4478 806
661 2594 56
310 4311 123
388 1197 38
3222 4193 713
3292 5406 676
5310 2930 418
5269 254 703
502 1278 976
1058 5665 836
3263 4003 460
2232 4675 380
4175 3995 185
3890 1390 203
1141 382 599
1059 3358 515
2022 4997 541
801 4786 150
1303 2225 994
751 928 436
5249 763 441
1570 3035 133
4487 3717 761
3273 4002 442
5301 2823 521
4928 1999 472
4967 1148 836
3424 635 828
5008 5504 202
3993 3783 258
550 2728 109
1447 4195 841
1010 2667 822
2472 4185 908
4662 495 606
2239 4690 629
4016 1260 458
194 1781 520
1053 136 649
4991 1228 971
618 5380 906
3428 145 289
5540 4044 649
2580 21 384
1365 4158 294
1437 5273 412
1368 946 255
3616 1174 313
3272 5015 990
5552 1525 933
1016 1033 808
1333 5146 593
2620 3564 400
5105 4950 8
2752 5691 242
2878 3755 370
4040 910 818
4546 2932 618
5567 638 478
4775 1644 327
120 5340 826
4988 3302 93
1712 824 39
4784 2375 818
3154 2709 10
2836 4928 988
5467 5073 681
5001 2913 568
3839 2781 865
1753 3214 257
1823 5098 61
211 294 366
5651 4419 532
3468 2622 968
1034 3599 90
77 4180 95
5307 2593 780
1688 5548 767
4456 4809 663
1558 557 764
5296 4113 88
4574 3994 118
4665 1959 955
3913 320 368
3985 535 371
2620 3359 933
3166 3204 486
3272 1701 926
3203 2680 544
2894 1997 598
5505 2594 393
1354 3268 385
3702 2670 161
5698 51 32
626 558 152
4975 4283 503
789 1161 750
1619 767 29
2346 4946 416
353 5001 729
4778 3358 458
5233 5524 353
3120 2020 740
109 4351 867
2803 4455 378
1988 5695 527
3707 3430 450
129 4868 419
5116 2185 422
2995 4135 242
938 5248 756
4781 3869 441
465 1278 210
1283 5126 485
828 4307 153
4168 2357 627
861 5090 381
2897 1441 440
2688 3674 786
1698 4880 219
347 936 288
3181 5584 775
1505 5312 897
2321 1990 678
2706 454 594
1030 295 776
1007 936 92
4841 2624 515
119 511 240
5483 1961 194
5473 4109 760
3195 4423 877
5110 1545 730
2007 55 725
1091 2942 8
5422 1623 30
3113 3291 151
5357 4110 642
1865 3041 14
4117 3496 922
2549 2876 426
2630 2742 215
2490 1789 169
5542 3232 380
5084 2927 958
2757 2883 350
862 2134 469
5673 118 135
548 2676 660
3638 3837 836
2763 339 169
540 2592 164
5138 4544 725
4711 3483 370
2407 5174 370
4563 1727 876
2735 4112 211
3200 4978 265
4392 1003 622
4767 5476 651
5657 4490 969
5137 719 967
3193 1491 147
105 1306 440
3871 2429 787
170 924 56
5309 3168 182
4101 5198 244
4873 4781 816
1495 5424 755
2562 1439 600
1192 304 454
3594 4672 347
4046 3526 27
1899 5029 148
2600 249 951
3892 5188 176
363 1497 206
1232 4959 260
2414 4315 824
3402 2629 883
2611 1189 597
4074 1085 633
483 4901 950
3510 1742 172
1117 3399 105
4491 2907 929
5161 3590 278
863 1432 495
4089 758 439
2080 403 323
4072 1528 401
4066 3003 392
4122 4026 32
3539 1614 783
3221 1407 359
1096 2342 850
1187 2894 215
3073 3074 722
5166 5273 872
3684 2254 824
5250 4385 471
5212 2536 414
1948 1485 588
2927 3716 180
4843 4014 545
1850 2820 623
5126 5147 112
2685 1864 357
5377 1150 384
1564 5279 528
3956 2783 706
3191 3845 878
863 4304 873
2458 3481 452
3257 4879 331
795 2166 273
4821 5496 834
1445 2176 1
222 1036 880
3688 3666 578
760 3001 5
1600 1904 664
4852 544 700
4726 3274 790
3020 2331 25
1453 3973 208
4372 1145 659
15 1489 716
1513 3541 742
2411 967 184
4405 2474 855
804 2625 964
1562 4965 11
2065 3961 828
10 2107 432
2311 2875 899
3771 4379 382
4030 4978 535
654 4916 891
5079 4324 569
614 1444 143
5120 2953 351
5547 4719 193
3458 1636 273
2514 5322 570
4447 2079 159
4132 5518 98
351 329 263
839 522 71
5389 4091 687
3307 440 613
2199 395 263
609 354 280
3568 2518 750
5111 4988 470
2377 1278 930
624 3445 742
1053 4393 536
4161 1561 531
5494 4588 11
5444 470 80
2037 2409 588
4974 5314 28
4296 1132 71
4195 5335 906
3419 5445 220
4009 5573 134
4763 4596 35
4961 5435 494
2787 4155 384
4008 4411 659
5406 3143 431
4440 2172 193
4614 5089 780
4006 130 281
5476 4327 968
3660 4644 612
335 4807 710
2831 5366 956
5160 4435 370
2293 4480 806
1911 4076 853
696 1263 771
915 2109 708
241 25 387
99 3877 292
3009 473 923
4936 3128 77
4966 2479 868
345 473 397
3993 3626 530
466 4037 661
4769 5443 882
1868 1366 809
705 4945 139
2313 1479 358
857 3961 576
2032 821 108
3751 3556 546
7 1152 656
4614 2676 876
3575 1079 613
1286 3240 772
2263 5159 963
5189 3722 169
4900 2612 52
4162 2552 918
4145 3565 831
659 4749 261
3857 3413 429
1050 2643 519
505 3168 863
2230 519 626
5195 4685 721
1717 1444 676
2062 1482 300
5103 791 883
4789 2164 589
1410 2369 143
686 3447 342
2137 284 397
5043 4282 130
3680 2989 340
5283 1990 604
4628 4874 520
267 1611 332
947 2883 457
933 3916 548
2488 1257 737
202 3548 847
485 5627 672
2743 1228 854
5596 2870 13
4667 205 636
189 2379 459
81 3626 370
5022 2414 252
1324 5073 922
2275 4622 348
493 169 698
2456 5113 359
43 557 623
1697 1518 431
1490 567 570
1218 5423 303
4118 2697 238
5085 2484 5
4914 2697 827
3000 267 924
4791 3005 732
3891 1937 415
2043 2105 31
4367 5321 751
5029 967 740
310 2438 260
3016 1009 486
2219 2287 93
1951 2293 857
3175 5224 257
5631 2141 390
4095 1928 633
2980 4158 457
2430 2438 699
4963 2793 569
3483 1119 68
4066 1535 687
4286 2779 779
3441 988 752
2004 1795 852
1432 1045 122
3248 4924 694
2075 5517 653
4325 185 110
5490 3930 681
428 5217 55
2632 3813 526
1616 3224 514
5094 3533 537
3304 2999 762
1644 718 325
5679 4209 434
5197 4899 710
2790 2622 711
5112 4467 84
843 5390 117
361 4040 53
3902 212 656
1938 4733 261
2288 1828 462
5167 2318 955
4973 2613 608
4199 4374 215
4944 1665 509
730 4668 671
68 1207 1
1322 1509 573
4033 4273 295
4850 4119 971
5172 686 777
4125 4458 512
5541 1962 327
5486 4863 480
286 1745 2
3612 2148 668
2985 4007 152
2809 2534 359
3676 5013 603
3486 4409 392
2138 861 309
1468 4071 885
568 216 87
2296 3070 862
2045 2461 648
230 4469 791
3345 4018 697
1632 4592 770
964 2006 483
342 4302 283
4600 3107 370
4826 4610 759
2947 2607 127
709 2723 896
2509 4160 385
4369 945 932
2401 4994 495
3919 2006 916
5368 4959 757
2465 3822 30
1917 835 184
4051 4943 875
1175 103 1000
1015 5608 287
1062 5231 759
4000 3988 105
128 4450 738
3484 2363 763
2217 1641 135
1436 2747 621
3587 2819 528
1804 332 811
3706 5604 22
936 3175 718
5231 2159 832
1617 1551 818
865 2756 602
5298 5048 810
943 4859 19
2835 4410 860
392 2850 14
1763 2264 610
3822 296 104
69 5549 694
1959 2475 723
3857 5052 330
1055 2086 936
5258 2028 769
2487 3101 557
229 2218 356
25 2181 322
4456 3247 496
1068 1209 427
814 61 293
5451 4674 972
5055 2154 864
2103 1998 770
2681 382 864
4444 3111 883
71 784 934
4832 4279 383
1520 2535 783
495 5677 57
222 4106 428
4205 691 624
3487 2428 464
2374 597 265
4112 3567 933
5151 3641 222
135 5605 317
5664 51 745
3661 914 127
209 987 592
2334 1634 700
2050 4983 628
2898 2048 640
3244 453 775
4024 2216 614
3355 3680 274
325 1075 281
1527 5027 682
2415 3942 980
1476 3995 109
803 845 271
1024 3804 973
3006 2934 603
628 4503 274
1975 5327 328
331 2234 155
2076 4400 889
2599 766 649
5080 4669 193
1227 1479 118
829 5396 320
571 3156 178
5441 2611 198
4919 371 167
31 4326 560
3144 4998 838
4514 4544 259
3708 2068 830
2566 3418 98
2061 4012 86
3103 3248 391
5100 5126 879
1918 3749 495
1648 2331 331
4404 3277 504
2171 3879 655
5089 1733 359
606 1244 210
4375 3480 984
3959 5451 834
3357 4394 390
1181 545 787
1302 2258 783
5233 1791 890
3788 4278 466
182 1354 277
5645 2168 490
3376 4325 143
3855 35 192
4320 4926 672
2129 637 489
4632 3931 918
5370 4879 757
3619 2725 528
2212 5418 766
356 3703 327
3713 3221 89
5590 297 787
4456 312 640
683 2614 671
4633 5012 862
636 3580 582
1468 2263 871
934 3202 238
42 1585 206
1110 5325 121
1734 2339 849
5071 2563 446
4685 5270 843
4570 328 77
2978 3333 843
3392 1315 969
2207 2533 592
627 1280 582
5612 5479 900
1626 3390 326
2232 4541 222
1722 3827 490
4112 5416 363
4593 5413 424
4013 2437 474
2549 4253 540
1128 2487 272
2366 3378 123
2644 5500 34
2615 858 543
4535 5548 319
4336 1225 28
3042 1834 375
828 659 499
1089 3854 928
5288 4554 92
1992 1307 468
2559 5237 966
2276 2616 220
2557 2534 897
2060 3421 61
4514 3336 306
4689 2546 897
1600 4657 185
676 3470 292
5653 5006 446
832 2818 326
4926 4201 235
3369 5291 238
4715 915 795
3114 557 810
3307 3570 36
2741 2835 746
4155 1358 668
1581 3684 398
149 2155 267
926 698 114
2535 3559 145
1954 1242 707
5271 2045 994
4254 1843 715
503 5053 473
4811 2612 326
887 3419 634
1160 1057 606
3121 2875 12
1072 803 783
4688 4920 554
54 1143 202
3001 5613 81
5032 1822 969
4346 5665 316
343 4189 153
4736 2904 778
3585 262 843
5523 4935 483
3221 15 623
18 5427 25
5309 5057 668
5017 4458 53
3439 2472 106
5541 607 174
4936 2483 181
3905 1705 841
4079 1100 436
297 1167 607
4578 796 176
1534 1142 293
4286 2329 468
973 5457 19
2622 4715 878
5099 3054 159
5357 4088 691
2776 2380 60
2951 1079 694
5113 5298 350
5445 3337 947
1082 2930 512
24 4437 25
3191 2408 949
1776 2099 890
2642 482 484
462 1778 898
2933 3436 563
1083 2985 13
1722 2107 525
2165 3919 971
3328 3799 938
524 3583 760
57 2212 443
51 1423 114
1408 70 785
2864 3882 106
5328 2568 555
5165 1681 185
3067 5642 409
2379 2068 14
1132 1771 576
1653 2388 861
1426 1456 737
2272 2334 701
121 3735 846
1658 1727 118
3554 4111 118
100 4031 7
5489 1357 196
2043 5669 108
2290 3845 595
1227 1734 385
1967 63 492
4662 1266 587
1956 5083 576
1074 425 529
4542 4311 266
4792 5572 876
321 623 602
5296 1682 13
3934 330 502
382 1742 141
2125 4864 920
2299 3651 51
2462 3828 431
4524 3475 307
3845 2425 717
2619 3450 506
1261 921 901
5095 2707 451
477 1714 671
2237 2998 45
4260 1724 482
477 1063 752
5166 5359 379
3710 5614 272
268 3192 549
2512 1695 909
4501 1312 274
1172 1292 475
1713 4430 836
4371 3269 492
1253 3066 701
3408 1429 717
5543 319 149
4262 440 351
3931 5516 544
343 3712 643
697 779 631
2138 1943 27
5280 4565 462
4962 5280 606
1388 3752 427
4685 4953 901
2093 1563 153
1143 1268 323
5490 1462 842
5079 947 308
2522 1482 196
5541 2058 628
1404 5558 314
4776 2565 341
1636 2570 456
5424 4840 565
2645 755 50
5015 5513 69
5166 928 847
4259 5412 201
4585 684 670
973 2781 856
200 4079 136
1537 5390 891
3082 3861 240
2096 4292 1
5524 743 120
1386 1545 377
2851 3853 669
539 3625 426
772 1787 585
5499 2487 852
571 372 808
1014 292 794
381 372 274
1181 2182 739
1862 767 278
2715 3134 86
3525 4438 26
1222 5180 925
731 2764 247
1856 4456 464
3557 2574 970
1911 5 838
5468 2092 901
2381 2988 812
5331 3759 919
5329 3400 249
1036 5268 715
4498 5692 257
4014 539 697
4007 3500 748
2122 3244 259
5485 5563 356
113 3234 44
3762 2687 379
556 596 13
5437 2542 439
3593 2313 952
4879 4510 3
1435 4310 585
1991 1260 248
4060 4197 182
5223 2143 527
373 3181 473
2906 2819 966
4215 1142 474
3461 1244 408
1921 1719 429
3063 3316 398
3691 1831 927
1808 2164 573
5627 2588 482
2480 5038 852
5484 1185 636
1357 5524 339
4290 5343 393
1558 5374 316
2483 3765 969
3827 5376 926
5663 1076 65
5066 4942 336
4898 771 574
4718 1343 462
140 4852 714
1144 3996 611
3622 2464 305
5295 4933 646
2393 3301 102
3014 5530 203
3722 2296 745
2122 1853 726
3334 3797 13
2156 133 934
4055 964 708
3986 1793 305
3934 386 100
4158 3236 18
5504 1236 874
2866 394 33
500 3181 74
1684 4027 56
2355 4302 132
5468 4148 367
4837 1216 832
2258 2072 331
1701 5183 92
4771 5078 207
1938 5094 499
3202 3137 674
507 4354 658
3023 2414 160
2548 3425 649
1279 1552 477
598 926 272
3448 373 346
1182 2839 125
265 5580 539
2927 1558 28
2001 970 833
146 1439 304
1952 797 353
4953 4828 264
3034 5026 367
2469 3567 437
4895 3641 54
2227 4183 39
5477 5351 982
2814 4183 719
3092 5554 291
3778 2006 726
2952 5346 27
4877 1592 106
4921 4919 136
2599 33 956
3335 4279 614
753 2619 396
802 2099 522
4518 2896 648
5657 220 943
3063 3614 240
2867 1716 176
4412 80 918
1928 4235 179
870 4280 326
2478 1489 924
3898 1922 869
2377 2724 100
5493 4982 977
5181 2296 366
1399 1366 488
3460 3400 792
3012 2434 446
3870 4275 212
5567 5464 359
2441 4311 360
2008 472 252
5675 358 605
2195 1291 474
1848 2350 26
1125 1799 462
2918 2417 21
4118 3663 66
1567 3265 185
2745 3193 121
2199 5201 634
4206 2234 756
5456 3307 640
1567 445 395
1224 5630 820
1600 1243 890
475 336 494
1074 2050 906
691 4159 492
416 2534 800
5551 2659 283
677 4566 693
4714 5326 674
1486 5432 472
4393 1431 777
1621 1928 954
4536 2182 474
2570 2594 602
95 968 975
986 4757 4
5608 3775 985
4352 490 388
3090 3622 63
3166 3 152
2578 2202 216
2488 5678 26
1218 3582 64
1155 2628 403
1183 5555 91
5052 3572 811
5083 1281 103
4916 960 219
3958 503 618
2745 1816 655
2824 5635 935
1532 3413 824
349 5342 262
4187 4797 800
5421 189 320
4467 4099 286
2819 5698 320
2246 4620 116
4135 4522 835
1089 3805 401
5151 3155 19
1357 1063 37
2484 1147 452
2605 290 740
138 4024 817
5333 1157 102
3982 3750 681
4440 3842 935
4630 5354 67
400 3880 970
988 1263 720
2592 3660 803
5178 5596 377
204 4743 123
1252 3623 990
5408 397 205
5287 5698 681
3208 3525 723
5088 1865 753
3985 1296 700
3317 3 348
4814 280 954
5151 5694 296
3930 3025 584
2576 567 724
2147 4166 629
4764 3948 113
3245 3336 640
4282 1458 905
5403 3167 640
5297 1788 553
4187 1018 494
3505 2455 146
565 1737 144
4811 3570 721
3922 231 691
5002 3001 521
4759 2724 536
598 5642 747
3462 3104 642
661 548 614
2823 2734 829
5577 589 877
885 3864 131
28 4980 678
1603 1778 976
597 4477 446
5585 3306 685
739 1722 892
4694 3590 728
1270 1182 100
889 3577 608
430 5612 133
2209 3300 81
2455 210 6
5383 1120 550
5310 3117 153
3539 2794 486
5658 2776 206
2393 4726 236
126 3157 780
1370 4009 942
1720 2293 447
2001 3530 641
4877 2047 788
4404 2836 94
512 3927 564
1752 1684 443
4337 5485 829
1493 5326 491
1375 1536 946
1844 5315 922
1804 4448 160
464 3310 554
4528 640 284
2799 4887 650
2660 282 57
736 3075 310
2585 5412 117
2128 35 962
2662 1909 191
2518 2191 501
1109 775 339
3827 1932 243
4415 1794 319
3508 4702 168
1815 209 767
2618 4714 694
1741 2799 657
5385 3948 813
2308 1846 154
938 4044 102
797 1137 420
5524 5225 203
3345 241 993
1845 1627 438
3922 2727 852
1919 2921 833
4044 4839 330
1990 5184 983
3687 1292 224
5362 4295 587
4444 5324 695
4055 4367 114
4683 499 778
109 974 267
529 2321 992
72 28 238
5062 122 64
5123 5095 920
5302 5367 918
4819 396 405
5212 5581 728
636 2415 518
701 4876 531
1521 1005 392
1085 1993 151
4166 3069 466
5413 3672 797
475 1279 629
15 3086 457
396 3101 40
27 3668 433
3870 3839 337
1680 2797 892
4851 3320 362
2168 4579 549
542 3415 903
2257 1918 471
4443 2464 559
1731 5477 30
157 2808 181
3064 706 80
2354 4583 694
5086 2890 857
3149 5540 862
887 5269 11
2277 1647 222
1736 3787 14
0 2919 9
1813 4828 78
3708 1157 780
1205 840 879
841 4197 868
1073 2859 816
1288 2148 511
4503 3534 798
2000 883 885
1439 3085 873
1816 94 443
4393 3311 93
5426 3703 198
1963 941 861
4339 2413 825
3473 3505 128
279 274 235
2691 629 714
2902 2932 664
4284 3789 229
532 5644 698
4448 3197 608
1726 1836 387
1801 1806 812
3741 679 255
1632 4779 952
3674 4891 614
3204 2241 946
2056 365 563
1062 2597 741
3059 3333 654
481 2539 408
4800 1462 40
3482 1697 238
2109 4901 211
5384 1253 514
1578 3470 546
482 586 997
1029 3992 85
3797 328 922
1311 1711 748
723 2143 49
5324 508 17
3648 2547 83
83 4542 253
2346 1033 936
1832 1520 662
1508 4574 729
1093 1994 551
1865 1141 936
662 1128 233
3193 3681 150
2791 5476 235
1445 2948 324
5289 5039 105
2171 5165 801
81 5634 819
2478 5616 164
4305 2742 944
2919 2315 599
3175 4196 476
2178 2440 252
4305 3584 23
4311 3232 460
3876 2642 439
5445 3156 102
5251 5412 300
5111 3052 172
2247 3915 124
826 3279 211
5281 4103 258
2144 551 314
3200 2624 99
2523 1218 20
602 4955 518
1078 2737 690
4050 5456 775
1322 3586 614
3961 3346 946
2506 2302 523
2149 215 160
4616 865 148
3518 964 816
3640 1416 668
4280 5414 805
207 2310 487
1496 859 589
5103 586 704
694 2773 451
1751 4648 391
3608 260 47
3290 1134 828
686 3160 582
1327 2106 581
1685 1843 701
4780 1530 694
3960 5690 610
378 3221 72
5196 3777 977
4066 3883 185
794 5020 133
2353 3541 949
2826 815 652
337 4074 811
1744 323 228
3556 5645 92
576 911 687
538 1560 488
0 5073 415
2445 671 253
1539 742 473
52 4482 487
3707 708 347
1474 850 873
2067 4957 210
3421 103 851
4045 1189 364
5195 2352 123
3247 3433 763
1310 5614 437
2832 1139 604
4023 2319 831
3822 2394 312
1794 5588 805
4657 3329 284
3403 2610 819
3912 4532 988
5439 4734 976
3755 3015 573
4544 5160 898
1651 5288 863
4767 4591 212
5 2738 945
996 1014 416
3841 4182 598
1802 1530 959
2378 2995 828
842 4866 590
3781 1773 511
1668 3519 439
1320 1501 906
2259 2945 158
4634 1149 576
887 4757 379
5235 2301 773
1796 2238 250
844 3801 315
1947 884 134
5404 4487 573
5179 4486 831
5501 1444 56
3289 1632 572
1146 4248 986
4918 2421 719
5348 1098 119
5638 1151 918
3788 3820 378
4376 4669 11
1142 5157 800
5272 339 760
2126 4228 827
1769 1845 71
1529 1290 602
5289 2556 746
1058 4691 813
762 3072 127
1706 5573 356
1100 534 588
5275 2605 767
3393 3373 271
722 3996 387
218 5442 676
2478 4176 779
5122 4064 223
3478 4367 145
3081 63 90
3956 3855 592
3329 2991 749
4573 2206 110
579 628 154
832 4003 731
2917 2755 397
2664 4658 159
2494 1277 154
2873 2557 161
5668 4546 379
4896 4054 31
1779 2636 58
52 3115 349
3610 255 521
4819 975 870
2620 490 705
3076 2434 458
3215 4120 883
877 225 149
214 362 584
3487 128 653
2459 1779 351
510 852 146
928 1562 294
3347 72 537
2416 952 777
2289 2824 127
3373 1968 738
1774 1782 839
164 3456 284
4255 268 314
4828 3861 720
2475 1190 793
5159 1244 637
3011 3020 24
1808 1891 931
4233 4780 546
21 3972 481
803 4201 987
1895 736 578
1725 2810 909
240 3130 31
2409 2958 165
33 4743 942
3387 1455 96
823 3 880
2115 2561 504
3869 3894 551
1202 5484 356
3031 5150 961
5015 963 469
2362 4825 735
4255 1373 523
2948 2168 267
3875 3287 637
3564 3479 375
1162 4145 70
672 2620 762
4494 1345 582
3507 4747 863
3708 4175 873
4532 1560 641
221 2367 542
3747 3666 97
2475 2861 980
3688 789 782
5289 5082 53
994 5289 765
3415 3916 335
713 2968 48
3085 4434 834
470 2877 952
705 4246 226
291 5670 423
2388 1280 669
883 268 198
5331 1856 584
4609 362 404
4610 2100 196
5072 1595 319
1476 2220 815
664 3985 703
2548 188 789
4298 5581 142
3823 3463 502
2955 3187 280
3441 5093 7
2918 4120 933
1907 3959 170
345 2618 508
4532 892 525
932 4573 421
3124 479 301
2539 4288 784
3552 5418 360
4005 3215 250
5529 2081 189
4089 5114 436
1312 5364 88
147 4909 596
2398 318 702
5183 5353 614
4987 2965 183
1789 3693 1000
4642 4414 436
4973 1116 279
3367 4210 82
2969 2683 950
4291 710 160
4555 5659 402
364 3573 453
5261 3006 996
1030 3506 237
4348 5211 960
576 1818 970
4430 4569 528
5241 4272 303
2034 1084 273
3162 3587 950
4672 2813 579
1114 195 552
4271 2021 349
947 1280 736
591 4828 833
5383 226 952
2599 542 400
4072 3235 175
5116 2835 510
2145 2077 40
638 4916 474
955 486 998
2068 1901 315
1423 4710 945
5306 2433 302
2030 2742 607
3226 5148 431
316 2161 407
4245 518 403
2426 1627 217
4856 5663 1
5427 1385 317
5441 4063 742
424 3402 296
4676 1030 74
355 2735 91
5529 563 664
2381 1923 8
4929 5423 704
971 4549 540
2081 882 75
3349 3297 765
4380 2871 734
3073 2849 374
1626 612 511
5408 81 50
1949 3162 631
3148 1481 293
1858 3192 219
3448 5431 420
1687 4110 610
5658 2514 864
231 945 678
906 4312 451
