3700 5686
816 694 139
2269 1682 390
2143 943 245
1797 2363 210
260 999 398
2022 251 355
1181 2352 774
3012 349 62
1999 703 607
1591 2163 15
1822 1112 45
1565 1851 975
573 496 950
1475 231 849
403 2105 48
2028 3567 682
170 448 174
969 2425 959
2613 1080 39
843 1292 183
952 1101 119
1102 3671 88
2646 3133 472
3291 2353 632
1891 654 956
2268 2459 20
759 2869 8
561 307 319
3255 955 969
1098 759 960
1025 1750 45
2631 1207 331
2858 2273 397
2309 2253 611
3577 3560 480
2750 1750 535
1004 1218 783
1911 3533 495
731 2907 672
750 1063 664
1003 2356 27
1623 1099 998
3552 3655 473
2766 643 369
3199 2325 27
713 3599 90
2406 916 251
3363 3686 308
2072 3187 171
1132 2648 544
472 258 798
2982 3142 134
3184 1441 61
722 1681 881
2287 1852 834
805 300 872
3188 355 892
2916 312 829
644 884 925
1583 423 126
763 3078 245
527 3337 894
2582 2792 606
1661 3445 582
941 2728 928
2110 967 925
2936 3045 46
251 3046 759
2255 331 949
1378 3562 677
231 1034 677
2995 2012 220
3652 3412 930
1368 740 201
946 1636 970
1993 76 52
2056 1884 521
3607 1538 219
2451 36 508
2407 2054 438
1580 1075 151
2575 655 259
3522 293 85
3172 2384 326
1790 2766 544
3265 1784 201
1597 2865 31
2440 514 31
3671 68 974
1217 48 329
527 366 102
3515 363 484
3216 356 736
2913 1220 185
2674 1439 275
1483 1579 280
2254 429 496
1205 2915 649
3332 2609 122
2096 3016 270
426 126 806
3341 1862 295
1686 2168 243
1372 1056 349
1769 1713 681
1493 1494 109
1588 2267 669
3352 3449 28
2535 1501 372
3609 1631 168
3685 2843 265
2790 1073 502
65 725 766
2800 578 278
319 2773 602
1479 457 506
3384 3339 962
2331 889 805
364 1223 681
1341 1564 530
2338 2337 557
25 1079 611
3556 982 662
1251 1661 605
952 3545 711
2293 291 87
3414 13 50
2286 2874 428
3141 845 721
336 1016 875
3269 1829 337
869 2712 198
1723 864 269
1212 34 906
588 2237 317
1184 2787 416
2503 3661 860
3507 3021 437
2967 1017 949
825 3580 205
3024 1990 449
66 3203 61
1490 3612 133
2335 3542 853
3201 1979 187
1413 66 597
1600 1240 446
2052 1387 222
2411 1729 329
964 1431 823
2400 238 205
3647 2660 852
1030 2517 182
2138 1165 528
551 958 217
2256 3382 438
3133 2194 956
3110 3314 250
3338 116 934
3429 2061 654
3613 200 646
2225 1872 69
312 1073 735
122 2262 308
2239 924 566
2117 826 634
3657 3157 719
1723 1370 225
2097 3346 862
2416 2757 901
1630 1866 839
737 2859 291
1351 1477 531
475 921 805
1456 1783 907
1123 906 674
3124 266 339
36 2465 803
628 2196 687
3632 3124 302
1312 2839 48
3399 2899 860
1193 3294 392
1423 3496 858
473 762 93
538 1966 379
3333 3575 933
2650 1802 305
1201 3335 477
3538 2174 295
2482 2199 395
300 2340 860
3171 2310 484
3359 2822 685
2916 1848 663
2530 1342 909
2143 1315 318
1354 2421 387
1909 2704 917
2166 2576 715
1332 2017 229
3417 2722 242
513 974 407
1876 1487 555
2620 3358 662
2963 446 54
2036 933 241
1953 2268 687
3671 2766 171
999 1244 716
1035 1417 713
2769 2313 446
929 2197 371
765 96 888
1322 1011 580
380 1591 112
2771 2347 446
3040 286 649
1880 2780 35
97 1285 852
54 31 702
2202 631 818
293 90 268
2576 1615 440
1226 275 767
1878 3541 783
1073 2703 365
1719 2147 76
2593 3000 384
1183 2203 961
1295 662 227
2568 1533 891
827 2990 691
2575 1108 103
2296 1352 112
822 2551 312
508 736 878
959 1093 691
1946 2144 90
921 1780 193
1313 1227 940
1605 1787 485
2041 2012 303
376 3093 330
2280 2956 543
1281 967 791
24 37 286
622 3350 9
1455 2907 860
1533 3053 277
2758 510 842
2945 706 394
3047 1366 97
497 2088 495
3421 1941 711
824 1915 670
619 2811 451
758 2927 790
672 1989 622
2555 3198 773
3151 1531 728
3521 617 768
1272 1652 229
902 3058 269
1535 2073 356
3045 2783 297
1764 1477 38
67 133 573
857 3095 264
1495 1799 335
1890 434 298
416 1290 755
1419 2685 733
2283 1407 17
1975 2265 206
1857 2066 879
551 3123 566
2768 3319 596
1183 3105 683
2586 3443 330
358 2460 421
1379 1780 867
2263 3553 915
2478 2379 575
1339 3232 316
2913 2341 290
384 1776 247
2509 2235 948
1145 2614 540
1291 343 798
1712 3632 726
1288 2835 820
719 505 643
2868 3507 212
768 1348 255
3691 1294 852
3284 1798 670
2119 3112 387
568 365 366
170 2651 312
444 2756 15
2794 0 23
1907 1006 69
1022 1327 426
1725 2187 929
2919 3030 165
496 3136 602
2120 3350 936
1772 654 15
1994 1949 189
363 750 797
2948 3649 831
1323 836 203
2804 565 432
3678 2924 813
463 14 375
2492 2110 506
1235 2892 687
1414 3259 624
2214 3415 484
3525 568 605
2446 813 588
3445 417 872
720 1517 165
3575 278 972
364 2352 408
803 2320 629
3087 2509 405
693 2977 155
2921 2725 657
2185 2643 796
2057 1978 53
121 1702 479
38 2867 312
27 2236 574
885 2682 162
3314 2531 827
1663 1697 948
568 500 534
1692 2770 160
1953 2910 699
2142 2661 693
2216 3460 698
874 3032 611
2347 2988 546
1846 3581 535
2763 220 314
3410 600 534
445 1136 319
1366 3282 25
937 1723 598
1883 920 690
3642 2208 179
1881 2741 483
1211 111 704
548 1834 949
2633 1388 63
512 1449 722
1208 2259 555
691 2980 292
382 993 825
831 2179 752
661 3088 675
1266 669 374
3196 1018 629
2520 1392 500
1392 2032 99
259 2127 367
222 1327 600
1033 721 178
1892 798 302
3551 1406 621
264 1183 904
1517 606 999
1685 335 397
1750 2633 931
1349 2736 784
2291 496 565
2654 1785 110
2026 2752 272
3197 377 272
819 2802 398
1515 3511 749
2853 3304 779
457 2860 154
3210 51 48
3059 632 628
588 1004 870
1995 2057 720
2613 265 348
880 573 477
1771 2889 628
1421 640 778
1910 1818 292
630 287 432
3031 2890 337
3637 1815 83
1187 1800 688
2638 3650 319
1884 2846 852
406 3509 564
867 1276 420
1067 2609 639
351 3485 427
264 1751 721
2463 2104 897
1183 2263 553
1592 3419 987
3286 1608 727
2922 283 589
487 82 702
2434 1580 666
1926 1389 40
1074 3513 353
1090 3270 353
3499 2109 163
1901 474 830
1724 467 798
904 85 565
1104 2408 814
3444 2885 756
555 697 660
3699 3535 311
673 906 410
763 1972 930
832 491 455
1511 1441 950
3250 815 464
265 2538 863
3005 1099 784
2015 1215 118
2159 3628 702
2458 1111 130
3156 2900 757
1821 1795 196
1730 3309 180
872 177 834
1623 3280 581
2714 768 436
2339 3594 654
3033 2684 132
3255 64 971
3175 688 326
1687 2394 135
1239 3537 35
979 554 213
928 2574 102
1458 1363 902
151 1207 138
3463 2712 217
2070 3590 489
1124 1110 200
1707 1923 429
345 3164 892
1873 3335 389
3031 2887 530
3258 1115 359
2343 2600 767
2297 582 10
1860 2325 817
558 357 877
1071 1096 512
3145 1589 892
256 3240 368
661 3666 616
2992 3055 489
2786 3366 2
310 3624 885
1302 602 224
470 1494 360
2618 379 328
231 526 25
1523 2532 331
2735 2244 996
781 3655 217
545 903 939
2540 3232 990
1885 2943 911
2869 1443 768
2085 804 7
3614 588 812
3575 1264 382
830 2894 340
1724 389 520
430 963 786
824 979 353
2105 3539 867
2469 414 319
570 3199 883
2218 2278 272
3462 3221 615
394 2220 751
2509 3591 7
196 427 19
3161 3078 37
1720 2014 911
1192 3406 488
2872 675 637
2375 1318 397
3525 1823 139
3537 392 669
716 329 150
1962 3562 307
1413 3184 320
728 2548 504
268 3624 11
1986 374 371
941 2578 858
3613 3438 340
1796 1428 564
1439 1231 419
1680 3074 499
1867 2131 726
1509 1147 944
2975 422 826
3340 1542 786
1956 1469 524
3423 1333 511
3133 305 717
1086 3181 374
2766 1321 379
437 1222 965
68 2688 34
2070 2696 286
3247 209 179
633 2538 727
1159 105 222
2954 3451 175
3238 2124 175
2158 2054 837
3299 2196 936
233 3473 841
2044 1642 303
1596 2926 219
1211 2115 112
3532 1091 942
3023 43 511
2028 3506 285
832 2930 345
373 741 512
3269 768 561
1150 42 782
2092 2780 395
2540 3649 614
1742 189 188
2123 1495 964
1021 2193 557
231 2177 698
2972 1251 937
3607 3495 362
1127 2403 312
3362 1543 147
2399 1869 459
80 622 786
1431 2264 782
301 2620 346
190 169 853
126 1618 479
2019 222 897
3291 2554 515
2988 1557 496
1728 1330 228
942 1712 607
971 3412 123
1157 2721 242
435 2724 611
2933 3349 515
348 2783 264
396 2075 843
3222 2036 917
2801 3486 383
225 1062 105
70 561 841
1201 1880 322
1085 1124 796
3189 623 115
10 246 348
1211 265 565
2912 3692 716
3315 2066 469
1072 2974 212
624 3417 438
2644 3136 702
1934 1105 889
1724 391 991
756 396 292
1333 640 672
2611 2821 312
740 639 183
2510 3313 638
3080 3625 3
2218 3059 296
2977 1032 529
3469 361 382
1601 1813 480
1847 2194 981
1287 1780 41
2689 3148 226
2536 3116 471
958 1341 89
556 726 377
954 2620 575
3584 3216 48
123 1502 642
3455 2626 337
3101 3251 764
2630 1317 474
1937 2982 703
1631 3653 304
1544 957 679
3697 367 49
3658 2017 678
3107 756 505
3270 210 871
1759 2577 436
3077 1809 461
2118 239 690
783 2106 998
816 854 43
2475 2999 554
2087 2790 391
3526 819 194
2604 2867 336
1571 3258 50
3658 2656 220
1877 3093 391
1490 2437 604
3097 636 419
1450 2548 992
1813 1505 172
1792 877 194
1362 2176 311
3171 734 821
2892 1352 344
1390 1278 889
2610 3605 901
2156 3602 723
3128 1299 824
1267 1366 369
1006 2589 693
342 8 230
2334 3639 207
3407 1450 160
1450 2901 376
529 1312 437
2008 3342 857
1958 4 127
236 1585 210
1548 773 146
1051 1206 165
3 899 412
1119 2822 414
1917 3342 680
1886 599 341
1925 314 332
287 3680 108
118 893 550
4 1117 884
3336 717 465
3608 374 225
382 2336 947
1860 1776 533
3352 2458 951
90 3484 892
1492 1217 738
424 2090 227
3118 968 85
3402 1479 552
1 3649 966
3448 2335 865
1679 3579 238
2344 112 866
1055 1822 359
617 1115 192
1366 2276 614
2257 1768 25
2026 411 595
835 638 287
2571 3143 201
1382 3489 662
1979 1661 617
2307 690 732
1495 366 471
3442 2357 383
1272 516 350
2561 214 132
3287 1772 811
1569 1240 491
1930 3146 203
3534 624 145
1384 2044 571
1798 1064 516
2551 1192 166
2706 2560 352
1685 2013 714
365 1901 692
348 256 382
522 564 469
644 2183 648
3582 2239 838
2066 3652 619
593 3259 933
3623 324 187
254 2280 754
845 1630 882
2893 769 487
2935 885 198
540 2440 229
2866 2120 223
3670 790 319
7 568 647
1291 2791 202
2527 3159 859
1151 3544 455
1662 264 223
1003 2990 209
1626 947 830
356 391 659
1996 1584 434
1465 1654 859
2806 377 799
1691 3148 329
44 1048 237
2002 3393 599
1133 565 270
1846 3126 387
3155 3569 663
3364 3300 860
1150 1207 451
311 1376 697
488 3599 848
3516 1678 515
1619 2735 592
469 3236 223
2047 3046 13
2256 3028 209
861 946 882
1059 3298 247
3148 2047 245
391 1417 414
1113 3572 917
1294 505 459
1838 2349 758
44 29 61
3015 234 486
1091 439 603
754 3509 640
2879 375 672
1045 3543 123
723 2823 654
3426 3098 707
1376 291 943
2669 2236 29
3664 2256 264
1102 1118 868
1683 1542 142
2260 443 286
3381 2805 72
2290 2965 538
3505 2456 936
2647 1474 902
1114 20 715
1287 2060 238
46 2548 788
2253 1560 256
170 3102 594
579 1451 472
2823 2060 426
2562 2500 514
2474 3104 100
1087 3180 703
2106 3013 185
2403 790 98
2079 3240 296
3564 3625 512
3388 1238 985
111 1959 52
775 3186 739
955 1652 863
1827 3469 521
3531 3429 713
1997 1662 457
799 1378 467
1346 3169 228
1735 713 778
3232 376 459
1953 2913 243
1879 3655 253
800 1376 619
2971 250 852
1317 2092 255
835 1365 4
1938 1729 387
2831 2015 416
2240 1993 217
2621 3337 659
210 2245 199
3584 1624 707
3103 3009 113
3638 3652 474
1477 333 71
2173 1344 667
2448 745 23
3265 2022 931
668 786 785
104 3370 99
696 1048 795
2623 3555 507
1732 815 218
156 2523 67
1155 2778 752
3325 1351 782
1187 1804 476
131 763 864
528 860 319
2746 1186 702
2817 1162 442
2298 563 749
74 2582 487
2884 644 680
953 1126 463
1971 784 891
1261 2211 426
3607 756 315
447 1028 853
482 3040 212
479 3379 419
645 3345 230
2111 2590 850
3493 2267 15
202 2095 506
1689 1537 980
2809 3317 461
2390 3531 343
625 937 858
2852 3345 439
3596 2609 318
1766 3655 646
831 2983 121
3210 1406 375
570 352 340
2796 1557 624
1364 1183 38
978 835 293
3016 2801 329
3101 3470 47
680 2865 377
3000 118 376
487 452 513
3640 627 634
655 3069 580
979 680 755
2971 3329 88
1086 1000 274
2694 3587 31
752 3516 962
2916 1223 257
1727 2445 417
756 3289 216
1815 35 167
2300 1826 924
2031 1226 912
137 369 113
1529 3074 157
535 1129 447
3244 339 325
1660 2489 107
1382 1794 657
115 3522 326
973 1897 582
3557 3400 440
3245 3553 400
2576 3403 190
3073 3615 270
749 3230 830
3434 299 489
3516 1819 603
1106 1260 593
2302 2203 86
3296 3327 415
196 3571 674
2994 2375 719
923 1561 237
3124 505 683
1862 2855 153
1727 678 163
352 2545 234
1819 2781 260
2275 969 196
2622 153 157
2744 2141 189
3181 28 252
3665 945 337
314 1394 99
3460 1255 472
2661 1983 801
966 602 307
96 3173 768
2261 2537 830
61 2393 237
2785 3373 468
1732 3169 519
3278 1493 34
2003 784 235
550 384 811
2090 1031 880
1671 2132 475
469 1116 174
810 1091 270
1739 1993 324
3357 1640 227
835 1999 383
2784 1419 91
2002 1019 191
3670 1911 406
2355 13 994
3550 867 711
860 2581 170
2155 2223 687
2099 439 998
2256 3252 703
2020 1100 684
758 1316 397
3339 3036 560
1679 3392 573
1151 3634 100
2934 3174 861
414 1985 812
2507 787 131
220 3422 20
3662 440 865
163 917 911
2406 1107 948
533 1410 789
625 3688 21
2856 3657 971
1801 2567 929
1763 3528 98
2868 1713 314
3051 3558 200
3669 2028 599
2651 1888 522
3342 1991 514
1465 306 859
3416 2124 742
2734 1063 647
3529 2259 484
700 2437 814
1219 1086 541
1159 2577 853
1390 2531 994
936 2999 284
296 414 865
1039 2549 753
1950 1545 333
3055 3295 536
28 2518 885
3270 1683 455
1461 1164 570
2223 3695 801
961 1743 196
2162 2100 46
1029 2263 541
1086 1020 835
766 356 450
1209 1534 3
2811 355 484
1908 1254 93
1325 1448 826
1356 1518 472
2910 144 198
3444 3344 67
2355 2754 601
3656 3417 705
1701 3144 929
2261 2502 360
720 1497 8
336 1091 66
2803 748 610
559 1680 290
3037 2002 759
532 987 527
3006 92 71
727 3420 610
94 3297 996
3561 714 416
1477 254 25
2660 1512 422
1713 3016 412
455 2876 256
11 1179 933
1953 1781 628
3301 3318 794
1184 3005 273
1289 1162 985
2372 3160 358
994 3682 787
499 3245 23
3592 3598 850
396 706 237
1761 3151 259
1942 1729 263
404 362 492
2203 1912 436
2287 2022 208
3644 265 43
3069 2452 522
1687 2493 738
1907 2900 948
1558 1287 20
3544 2399 165
2176 3504 482
993 3539 465
3316 815 228
3015 379 426
3131 2742 867
3543 2907 286
1945 2038 334
1566 728 708
2430 3568 991
1407 3577 838
2525 3622 298
2945 2482 928
3395 823 451
23 879 776
1956 2511 634
1710 2780 638
810 209 811
1164 744 618
2741 3284 268
168 3615 317
3016 3209 670
966 3260 431
2003 1649 931
407 2759 895
82 2988 725
3609 495 648
355 284 381
1780 497 939
2108 2026 180
734 2716 832
1071 2211 738
3129 3008 865
3239 979 771
2105 2616 368
199 892 567
3401 2786 631
1037 3658 987
2503 2045 305
771 2089 742
2725 1794 818
3696 1275 800
1272 1649 856
1869 2788 155
1363 117 465
1077 422 216
1774 988 636
2301 2552 676
613 914 779
2556 261 373
1325 1067 235
1619 218 493
535 1007 808
3067 1152 453
355 3490 228
1381 2898 943
2534 2458 860
595 325 756
2313 1642 606
1334 613 203
2428 641 487
2567 977 987
3500 2568 710
1847 355 512
3284 674 297
1287 1514 311
1218 2921 390
3537 2067 734
2287 2114 659
1244 2710 960
1589 2443 385
3608 2519 180
2007 2909 144
1731 2425 572
3033 693 573
2311 2563 990
3281 3584 538
3216 3229 376
802 3591 336
2112 1062 516
2069 1572 906
674 918 482
2677 1185 587
1531 2668 968
1328 2095 38
1313 470 966
3013 2351 932
3395 623 263
3397 1700 254
3452 3694 180
155 2334 61
3289 1057 841
1514 1034 625
2680 2195 2
2198 2053 131
946 595 384
523 2130 650
1066 1269 68
1004 2419 314
2725 903 219
1735 3484 704
1837 2488 452
473 1461 164
1058 2772 805
98 925 834
1516 1574 167
107 2324 81
930 2623 350
778 1479 897
1291 3120 822
948 1346 753
1931 2375 565
990 845 823
1056 1634 974
1929 138 29
2963 2866 647
676 1641 653
819 1791 893
3439 1481 780
2849 674 215
2424 1741 730
1867 541 417
3403 1191 377
2128 2871 395
1498 2614 119
496 2867 878
2631 3620 827
961 3691 112
918 1716 103
3366 351 300
3460 2729 693
916 3513 859
855 1387 451
534 556 644
3132 579 636
2771 624 533
672 2254 731
3181 1205 973
2260 958 912
2931 687 56
2939 1491 105
2979 3380 615
1796 439 626
1112 1174 99
2800 702 7
2658 723 995
3187 1492 893
1239 2423 567
3431 2179 224
2304 2224 613
3386 730 775
2803 1383 28
3504 1576 155
29 244 215
257 1010 423
894 1252 837
207 2216 140
1154 605 179
3488 1403 257
1150 3075 588
1375 3359 541
1840 1573 813
252 3331 461
1701 1624 898
3532 2347 841
2030 1868 203
1614 1297 30
685 251 470
217 867 920
2991 2295 290
1242 604 599
509 1235 65
1908 1818 757
1543 952 471
2957 3143 881
285 1090 547
1556 219 733
216 1553 358
2984 266 839
1285 3071 124
2365 2392 731
1012 1007 66
1353 1924 803
1385 3488 642
1772 2602 174
630 2940 883
1205 2410 882
3356 287 123
2083 1616 443
1535 854 669
1304 815 890
59 828 479
3024 3376 871
2420 2355 66
1162 3050 565
2881 1353 956
569 512 148
802 478 102
1554 1314 894
2038 205 110
3423 1240 132
790 1272 435
1611 282 697
2749 700 19
725 586 43
871 28 689
88 1030 472
3148 3685 24
3489 2635 70
478 2530 84
913 1225 40
1350 991 626
54 109 738
2652 3558 194
617 704 2
336 3174 252
3120 1494 943
2070 3061 271
2603 3083 542
2417 3473 840
916 1643 498
90 1752 959
1048 96 747
3255 4 261
2092 2255 1
2451 3645 103
2328 1266 825
3152 87 373
2768 346 513
3568 3377 761
3505 632 112
1265 3302 769
3056 3383 68
682 984 371
201 2163 634
335 2966 595
801 46 46
2560 2648 658
776 3240 700
672 1686 238
1703 1863 630
1715 104 664
696 3179 187
3345 2391 677
2557 988 457
719 3217 87
1758 2422 33
2558 1885 526
2896 73 993
2937 2115 601
2195 2906 591
2022 13 570
3082 1423 684
1164 3045 174
1420 2046 325
2266 1196 187
1276 3003 793
3527 731 881
3691 2237 182
1129 599 217
743 3406 77
1568 1378 567
578 373 559
2955 2459 714
227 3206 987
303 1590 749
1490 2983 135
103 764 421
2661 258 562
905 181 982
2406 2245 417
2677 2385 290
3643 3058 16
1449 2056 406
655 316 812
304 1818 241
2507 1534 916
1766 2086 422
3139 202 308
869 2901 853
869 3387 680
475 997 740
445 3551 482
635 1516 483
3303 738 685
563 2973 269
467 3145 687
2572 1292 700
3134 1065 313
2705 1856 578
3032 1178 679
3697 3492 260
1575 1618 322
517 580 597
1474 327 153
2146 214 133
356 3342 158
2405 2128 735
8 462 522
1288 1763 437
3113 2414 547
2687 3466 832
1149 97 402
3627 3597 432
2312 342 440
1010 1586 386
816 1066 319
1304 3613 538
124 3288 903
1264 2439 10
324 2396 815
932 3170 908
1698 1532 946
600 1596 44
2373 2809 394
760 58 841
1362 315 769
1842 914 481
1505 1596 972
958 481 605
1308 1708 293
2044 3246 88
2305 2878 616
480 3319 914
3092 1352 270
711 875 655
252 724 296
828 88 975
1180 1886 520
24 652 404
1722 1861 193
914 1790 239
2453 1899 133
3373 359 389
38 1771 101
3447 2700 538
422 3485 148
955 2269 296
2081 968 257
3293 2391 507
2696 1601 718
13 4 872
846 676 613
1883 668 791
3208 2747 304
3559 2416 341
1451 2124 379
2288 2385 838
746 1738 908
3454 3130 838
2823 897 535
870 3637 865
1706 3602 722
1158 2927 710
2096 3379 845
3294 3316 950
945 1823 579
1859 1947 808
725 2373 497
591 1817 667
946 2947 22
3135 1095 97
2136 3196 672
391 3426 510
753 2039 923
2343 249 153
3452 2501 764
2636 3513 895
285 15 541
1132 179 605
560 3111 485
1402 3488 570
3254 1841 53
798 3523 724
961 1905 995
3639 976 411
3673 1577 784
882 209 251
484 1177 49
3491 708 351
200 1235 858
1674 484 520
2125 3090 5
2314 358 620
1226 1577 747
122 616 616
80 700 939
234 1494 310
3155 903 799
1580 293 541
2184 3578 311
1729 2241 318
2566 1577 356
1480 44 712
3325 3474 777
493 3670 88
3452 2328 99
798 1698 823
4 1453 252
1385 240 408
2390 2353 769
2437 2586 683
3675 3069 528
952 1918 489
3483 2728 328
1187 286 393
60 805 653
1386 2796 675
559 2785 758
3311 3658 3
578 2027 1
435 965 680
652 1994 175
755 1481 858
3154 1197 362
1345 2690 963
3598 449 901
3579 2840 706
428 1914 741
72 1817 508
7 3420 285
706 2948 162
3582 3123 584
429 3565 259
853 983 421
2069 2749 479
1751 951 434
997 663 111
1963 505 320
1893 3289 684
1877 1845 944
2284 217 67
2864 1491 476
1918 2895 528
153 3482 988
1542 1334 758
1439 3346 915
3214 36 764
2971 1594 47
3322 569 412
557 1809 773
2592 1481 399
578 570 670
1378 2172 541
781 1340 558
2899 3567 480
631 1976 289
267 2206 97
305 239 692
2691 3180 512
1638 3624 311
2806 798 78
922 838 208
2354 2844 826
1150 3588 662
383 1263 238
2502 1258 949
3071 596 16
885 2416 943
58 3404 457
578 2306 622
285 15 331
2160 503 718
1804 1412 883
3375 1849 897
1239 390 95
561 309 687
1390 2931 803
1718 3500 890
1337 3069 16
456 2370 725
2321 3496 673
3148 3138 154
1187 2140 357
1900 2043 685
2913 315 946
1344 551 782
881 1304 632
355 3412 200
1376 2755 962
3116 2819 683
2152 1205 271
1657 2347 30
1154 2877 606
3611 2310 534
2579 3497 706
1657 2125 542
3320 1356 28
3417 1262 985
1886 3458 1
2015 2976 834
1889 910 312
2913 415 521
477 1050 554
3588 916 328
958 1021 93
1784 3114 885
572 1746 652
1365 2186 804
3194 779 533
807 1532 305
1600 1170 675
852 3183 194
3637 1143 7
2602 2071 784
1801 1507 872
1317 1793 352
3291 2611 499
1370 489 872
2590 3672 212
2406 2638 529
1084 2775 371
1417 1425 14
2755 64 745
716 30 556
660 225 569
1472 3183 81
1174 2144 182
3151 118 299
3262 3101 848
2430 1882 989
1875 262 757
1000 1283 545
1774 1020 33
880 1885 405
2169 3044 130
2386 776 395
308 244 828
1850 879 755
2565 605 267
1584 3414 320
3510 2702 760
2392 136 876
622 22 839
2614 2078 99
3505 863 409
302 946 604
1882 96 740
607 993 477
2761 2966 171
3160 1413 305
3097 2673 9
1430 2976 353
216 1236 536
546 3112 874
200 2036 684
3173 3253 896
706 3431 595
767 1232 375
3526 60 529
1815 563 267
519 3384 503
2274 147 204
1944 486 577
362 166 671
1996 3107 385
634 2766 783
3154 3660 858
2818 3111 555
3520 2533 229
669 235 640
1218 2429 16
2334 784 941
1895 1789 496
1219 2899 432
3567 97 464
3291 239 60
1266 1005 299
2453 112 345
3062 346 654
304 2782 127
1331 1508 792
1825 3459 805
2707 2465 578
2332 3171 683
247 1181 532
3266 49 523
1204 1220 507
1419 1989 75
1310 2994 576
1682 2879 707
2336 721 336
393 1819 200
534 3283 628
2080 3316 890
3446 3612 207
1524 1632 688
992 2758 170
3264 3604 929
2459 131 252
1219 1809 379
1612 724 323
2409 327 903
3554 539 624
2794 1196 570
1057 111 185
3333 3157 943
1412 2459 404
1366 2910 593
2730 2423 882
2068 296 92
409 1268 568
2902 2548 435
1260 3548 421
2008 3547 968
2763 663 908
75 690 973
812 157 915
2254 15 340
1137 499 90
22 1449 171
240 827 324
417 1932 41
2143 1640 599
1402 1128 135
3023 3280 355
3188 579 4
3112 1829 812
1134 2602 721
2574 1338 784
3538 1633 168
2905 2059 237
1105 2090 185
2234 2405 458
2167 3327 301
2798 2118 302
1674 2815 880
932 649 159
537 1418 150
2200 3061 972
1020 2851 861
2239 243 657
2000 3151 617
1051 2955 576
62 2728 476
3593 3487 973
904 970 678
2721 160 323
1605 3011 57
1349 3534 89
729 2091 890
1215 2578 782
3594 610 595
1634 1801 666
3634 997 653
1147 356 601
2378 2572 588
2030 649 737
2991 2462 78
3560 2673 301
1048 3251 845
1869 2967 33
2591 1955 536
2807 3439 49
1566 414 71
2901 3000 151
3678 1299 966
2223 1228 949
2709 312 220
2215 195 326
3529 3471 585
3308 334 519
2568 682 157
155 2503 300
84 17 834
48 1094 864
2629 3293 54
2226 196 957
2026 2434 107
934 2510 578
886 1437 604
1133 3482 899
3131 1693 472
1500 261 401
18 1103 487
3402 1145 680
599 1723 978
1613 1453 347
1552 832 147
1959 1444 641
1823 1317 267
2641 276 997
3578 919 16
2642 900 640
2041 1610 149
1061 2163 123
1615 2672 850
2269 946 373
3554 2182 781
2743 1583 203
2835 496 627
118 2208 137
3099 2558 781
2790 3102 855
2700 415 45
2284 185 120
77 3465 854
1007 2503 830
3149 2688 101
1198 788 881
2546 3165 508
501 2543 494
2643 583 594
2413 2167 789
1164 464 874
611 3499 937
376 3640 611
3552 2498 121
3306 31 718
2840 419 440
1708 2893 295
230 1103 296
1750 2961 8
3698 3197 144
2008 955 126
229 470 489
882 3516 308
3620 1120 312
350 2494 206
2955 1541 721
1767 1041 286
3199 1608 564
3624 2982 560
2383 740 790
1160 2065 468
3229 3118 57
3524 809 569
3497 548 881
70 1140 679
1142 648 461
2844 3012 390
182 258 590
287 134 419
179 1331 243
131 3155 471
1515 1016 186
3313 546 206
283 2266 112
3407 1922 172
566 2217 288
3584 2544 500
1249 1987 685
2736 3597 685
660 2008 417
3388 1794 360
1077 21 474
1294 1815 924
2889 1304 559
2999 3422 823
2076 845 379
1599 1166 94
689 3330 318
806 855 566
1747 3147 650
1120 2611 816
304 3228 535
3400 3299 132
3167 3572 185
997 2982 493
1122 695 425
2791 3034 617
2463 2154 745
1297 430 212
2986 1627 270
407 265 949
1559 2244 596
1211 2803 918
1497 741 102
889 308 445
2778 3660 60
2287 192 261
1062 325 794
1996 3666 688
1955 776 950
3145 2497 753
708 3517 577
2435 656 920
1644 36 479
3548 589 877
847 942 184
1872 3277 915
1475 194 361
3425 2318 319
2181 2861 488
2050 829 369
2691 739 594
2847 630 342
1642 1996 98
3642 380 495
3352 1031 890
742 2736 956
48 2516 742
3176 687 881
2323 2197 943
1923 1869 907
2173 542 574
1124 1518 894
1253 2708 942
735 1541 900
1405 949 605
3556 577 318
1246 1350 920
1200 3263 987
3076 175 764
1921 1993 102
562 3454 767
1338 552 967
2622 2897 210
2333 686 403
2548 58 44
1975 2391 142
2931 2913 758
2104 996 36
2319 3159 726
3545 532 53
3098 631 388
984 1723 562
1863 2373 169
1225 1091 638
1120 2867 201
400 3336 547
260 1344 609
2740 2381 387
3133 1302 644
1889 1686 355
2643 3533 473
2468 681 175
720 3240 985
719 1881 747
3154 2490 781
1858 2663 325
3645 2846 509
3363 695 235
3549 176 376
3298 118 640
1741 1506 176
746 3269 346
3023 2258 771
2340 1228 474
1474 1815 459
829 2413 686
1654 1427 667
2749 2533 177
2504 1337 606
2417 2955 263
1980 197 934
174 3505 180
2676 3206 238
2502 3508 469
59 942 442
3238 1371 412
1811 2802 33
1532 1963 18
1976 141 977
1627 439 606
479 528 182
3151 899 794
2285 2553 77
1951 1575 181
2959 1673 429
2651 315 838
793 394 356
1960 2482 493
1292 527 279
1628 1690 560
1657 3049 177
1369 1385 786
17 351 51
2748 246 880
81 1075 119
1886 2644 32
1104 1961 701
228 2536 869
1208 362 218
2875 1694 60
3651 3289 229
1697 2090 670
1841 411 204
1805 349 880
287 271 808
1810 2069 544
2007 2967 409
2386 733 820
219 2544 582
1535 1774 50
1704 737 15
678 535 945
176 420 680
1825 1888 195
774 787 590
2807 130 32
1805 3568 477
1194 2934 613
1927 145 528
1122 1346 647
2426 1576 521
873 3040 834
95 1062 757
3105 453 92
816 1462 833
2387 1625 460
2140 341 742
2121 1004 683
3204 2250 334
2493 2148 738
3231 2748 220
413 1286 906
2344 1794 885
3049 453 927
822 990 37
2553 176 852
2575 959 680
3495 790 564
2898 951 282
2565 3381 907
3591 1178 964
2749 1019 141
3287 268 423
601 1925 559
1846 1833 855
2864 843 57
3086 1925 992
298 642 868
1511 1781 964
1926 2908 794
1071 762 949
1732 2887 313
1116 2229 974
506 2671 188
651 3695 978
3215 2629 379
1153 3450 502
914 689 674
3285 1304 637
700 503 424
2267 18 722
2080 3249 612
2146 1697 853
915 2674 880
2378 1687 99
3692 1440 52
2128 304 124
3383 2290 22
1816 1168 346
2546 2010 823
1414 2777 89
3043 2244 332
92 3 567
1637 2700 513
869 2562 221
1754 1957 757
296 2163 142
3694 2208 593
3365 787 663
771 3508 566
221 2177 392
856 2488 739
1869 3685 662
789 2541 253
3448 3614 83
2105 1876 667
1985 2036 667
1025 978 466
473 879 886
331 1046 30
1712 2089 528
401 1059 506
1563 1305 500
1041 1847 389
2071 1273 713
682 609 368
834 3197 427
1672 2232 619
2366 167 478
3123 3359 63
1691 1996 321
262 2634 653
3541 1036 242
2116 2062 4
1486 3172 835
748 1000 288
2590 2516 36
286 1859 760
3359 3081 522
2241 269 110
2494 2475 319
410 1284 289
130 1536 27
1688 1458 570
1954 639 896
2994 1607 936
528 851 139
3200 2102 219
429 1337 684
2608 659 181
3599 3367 869
1416 96 364
1008 2391 787
3596 3146 895
1690 1406 112
2785 2549 761
2213 2943 821
3588 3556 96
696 1187 329
3215 3327 710
1448 3130 359
1275 2326 342
3335 213 217
295 2854 769
1036 3117 754
2457 746 238
1836 1848 811
78 2707 440
1543 1169 273
743 3191 345
1109 2481 254
773 23 357
739 103 565
1018 3328 937
3663 2309 610
3282 1559 853
1633 131 502
422 3235 549
375 2076 882
1210 2954 463
1359 1797 145
1380 1981 224
1017 655 982
1206 3495 633
1401 3414 505
882 1977 489
3003 1199 587
2311 296 341
2760 1504 795
3530 3361 644
863 1994 600
2242 263 155
2315 3058 546
902 2125 854
1388 361 175
2273 473 960
556 1364 140
1736 2280 286
1579 3020 549
3379 914 852
1864 3386 207
545 2936 711
1220 2466 998
1976 541 617
2662 916 603
933 2578 162
407 3045 650
2749 3537 750
1387 2329 238
2845 228 762
2829 1721 789
476 3536 131
2002 118 998
2213 2147 784
3132 1085 783
1840 1827 783
1248 1586 879
362 2748 669
2298 351 248
3671 2135 461
1443 2620 169
233 1419 902
1808 10 430
1641 83 148
1839 445 468
782 1570 578
3534 2590 790
2285 2152 54
1163 196 787
3650 3680 872
2799 1084 755
67 1939 551
2508 1469 147
2747 2084 324
1518 1500 903
1280 2173 767
37 142 975
406 970 41
2551 3147 373
2146 1418 667
731 329 818
1393 745 513
214 2374 112
3189 991 116
244 2905 927
2136 3193 120
3407 925 242
512 5 899
56 184 208
2845 2555 607
412 822 372
345 1235 780
2984 2151 570
2767 2932 220
3578 1146 85
2627 867 279
839 3249 897
2291 2611 247
1045 710 810
1265 1751 821
3386 1751 421
2963 1407 320
3327 1583 195
2877 1148 767
203 1000 57
3142 1538 101
2209 1927 428
480 2876 154
954 3433 916
1033 1955 73
831 2376 920
1305 2956 190
585 672 630
935 1167 239
2146 2151 605
489 3280 302
659 769 553
3495 2451 788
3124 934 460
1728 1059 241
285 3115 393
2891 626 26
3439 1948 17
978 1728 47
761 1533 266
566 552 737
1258 2918 803
2470 132 295
2255 1025 812
2382 150 113
3049 483 792
2216 1233 404
989 275 750
2156 1905 875
2956 2729 663
1662 887 335
1209 2850 524
2765 313 894
3504 2531 434
3540 3178 423
3471 384 870
1050 3353 966
2643 3427 783
1298 2965 645
3466 260 983
1190 499 256
1366 684 658
2184 2827 764
1577 2937 607
2055 3483 184
2028 1997 522
3485 2639 94
3076 764 750
2631 1953 956
1785 2009 30
3541 217 1
967 3393 189
2608 903 577
1752 2807 842
1672 3284 975
1803 1862 466
651 2180 540
3459 551 243
155 2787 541
123 2061 840
1987 3389 908
866 2919 196
2742 2858 43
404 1780 25
2249 3578 691
2059 2404 412
3269 146 345
342 1597 793
2913 1229 677
1766 1281 5
1908 492 59
2381 200 785
1572 2947 759
504 325 403
399 935 883
2088 3012 461
105 2238 193
2138 145 302
1691 3240 916
3324 1413 26
2874 152 575
2236 2897 877
474 2696 558
434 2832 191
379 2746 809
1336 3573 984
242 1337 397
400 2183 799
221 2942 779
729 173 600
1816 2389 860
2230 1760 160
1622 367 192
1256 2925 38
2949 2216 919
2781 3333 828
2458 3014 664
3047 694 167
2330 1573 893
2656 758 794
2206 1606 64
3573 2569 112
2025 3469 36
1007 2661 224
3177 2480 25
2078 379 43
1496 269 934
1029 1143 871
2051 1354 930
360 1351 365
2474 2434 656
470 2204 738
3643 2395 944
454 2144 530
1618 2030 788
3554 3078 245
2385 3697 460
3345 2707 175
83 1150 356
1930 1156 646
777 930 795
1977 3464 42
1334 2890 918
505 3362 459
2111 55 481
3471 1146 417
867 609 919
1186 2697 600
2287 679 112
806 625 453
3295 2687 783
2005 527 675
89 2613 398
1231 1332 851
1543 2437 803
3547 9 231
1478 114 946
319 1036 54
2826 364 354
1268 1882 833
1627 3062 463
939 1890 587
5 3589 199
1441 2384 298
554 529 122
3202 3319 649
204 2014 332
3351 1323 353
3548 2726 638
3512 1145 340
173 2107 184
2555 2641 580
3598 53 104
2018 2306 326
3553 3015 111
2391 833 308
991 2066 981
3403 1830 321
2275 2086 743
3598 104 714
2540 1086 72
1190 1945 365
2809 2099 738
3145 446 874
202 2653 992
3433 3189 777
2543 1670 54
3042 2299 891
1470 3385 766
2675 133 489
998 2114 202
2053 2221 247
3431 579 165
2130 3691 148
3585 3030 307
1945 546 221
1365 1888 747
1833 2420 415
572 1930 109
2165 2010 353
614 1724 708
896 3256 987
1714 3436 500
3002 3323 557
929 3210 958
2524 3426 215
254 1244 226
2482 3166 263
1287 1664 767
1795 1450 138
3278 2189 754
1846 3679 790
3114 2899 524
1438 1243 264
3150 2326 746
2804 73 18
133 1778 52
1915 2877 80
876 2030 664
2415 1743 687
1546 2533 377
1454 234 79
282 3609 283
264 3003 102
2785 224 743
2907 2914 436
694 395 610
1191 649 368
1561 3258 125
2861 356 56
3642 1834 209
292 513 296
761 2780 345
2314 3100 200
1859 2413 694
964 1421 68
485 539 473
2352 1428 577
976 2336 275
720 1577 968
733 68 388
1680 3054 480
1196 940 846
1549 2849 639
3024 2614 799
750 2629 228
2376 871 629
1925 1882 567
487 2461 661
1445 2487 522
2512 3380 853
3538 1658 232
26 3545 535
985 772 628
625 1465 648
2393 2905 409
3567 1266 961
2443 1685 318
2084 2738 118
1990 2289 23
2433 2396 789
2864 2207 854
2883 1396 76
1360 2178 314
3468 944 521
614 2300 614
1576 750 873
2791 2427 694
527 1671 468
1876 3188 433
1915 1640 911
3639 2162 579
2551 1794 423
1406 1165 630
1744 1082 830
159 2738 210
727 2034 647
1482 124 333
1183 171 540
1010 2751 557
490 489 367
1066 1156 460
1417 2816 577
372 199 2
13 239 155
2630 253 149
1007 2319 702
456 1927 363
1663 2380 983
721 1043 32
1055 1822 269
3539 2934 61
3030 283 975
1236 1921 95
310 1414 835
1136 3638 307
490 2352 608
2052 3141 779
2080 2128 321
599 1438 863
3250 17 364
910 1529 666
2639 1119 66
805 1280 389
2944 231 628
3164 2372 938
1504 719 887
437 3222 467
1139 1829 846
494 2876 94
3405 234 197
2938 588 960
1195 851 694
811 232 570
284 2510 472
2708 2154 496
3091 3613 826
195 2598 398
613 2439 800
3501 1161 850
3211 3406 54
3214 2226 492
3462 399 145
1937 3425 975
687 737 262
2195 1899 711
3643 2184 705
266 2556 520
1117 303 115
1095 546 554
201 2954 522
1850 3105 546
2035 2855 549
3485 737 985
1005 142 47
2419 808 160
3587 2206 927
1687 1350 366
650 1443 299
2298 2538 437
643 2270 833
619 2586 107
412 2220 684
2796 447 189
1682 1542 247
3495 1726 928
3685 1430 750
518 375 648
2074 3001 696
459 3476 98
477 3513 691
3239 1647 930
337 213 449
1062 3406 464
1666 797 336
1885 3344 321
3206 519 32
2944 3571 993
2951 1052 347
20 2782 291
2144 3501 189
1303 460 782
2529 167 352
2123 3176 684
2533 1143 339
741 2395 896
2384 2669 987
3241 2338 18
1106 143 341
62 132 992
2179 2618 135
3471 533 269
1000 1308 524
1231 2732 193
359 3104 684
3537 2046 527
3272 2570 557
1959 3590 226
2787 117 927
595 3195 115
2767 2209 576
2250 3277 269
3165 148 267
2467 3100 317
548 340 932
2788 1800 390
659 1785 917
2870 2630 670
1403 2481 783
7 2750 473
2136 1656 757
663 3330 994
595 3010 106
1930 3602 877
777 3581 247
3399 151 897
2761 1706 409
1746 2103 286
472 3056 857
839 1066 302
1536 1659 929
1811 1153 362
71 213 511
827 363 31
1657 44 682
1596 847 683
535 607 482
138 2634 169
3247 1072 653
1779 3597 340
2388 1525 95
3223 2505 480
500 3298 775
232 3535 243
1665 369 283
434 1261 440
2719 2827 964
1705 2000 715
2829 2041 11
3620 1072 411
799 1483 328
1009 425 460
576 3400 554
552 1689 848
3534 2579 118
630 1657 801
3545 2104 243
776 2503 236
150 1913 988
2084 2229 5
1334 3370 430
2912 3027 72
312 2837 743
219 3106 209
2253 2114 263
835 3005 110
1891 1571 65
1709 2784 325
1595 460 257
841 2259 305
3312 784 889
3626 3171 906
2814 1688 506
2780 2309 801
881 1673 258
2989 480 673
3572 2139 151
3370 746 248
384 2159 412
1473 3633 643
711 963 592
3612 464 868
3181 3472 791
2400 342 741
3543 3502 782
1649 2998 217
3388 2896 694
2856 1424 375
3184 994 400
54 2487 322
1797 1802 296
3451 2133 657
940 1404 453
34 1011 820
2672 706 667
3661 67 913
2119 2711 147
982 106 951
5 2199 291
1218 1385 868
1211 744 38
1795 2905 523
784 120 39
2393 1739 672
1530 2653 980
3056 2636 411
1829 3064 603
1826 3006 691
3170 3507 812
3176 47 888
2318 844 184
3455 2696 386
2066 2166 447
485 209 380
2558 3050 831
2238 2970 409
1171 728 790
1447 2695 729
1283 800 581
3271 1476 387
2515 2476 986
764 1019 350
2106 2854 505
828 883 158
1989 3057 995
1828 132 902
1603 1193 154
2511 1666 670
3235 115 687
2312 3638 558
2672 2589 789
3035 2059 260
167 555 892
2628 2587 889
1757 1962 754
1672 2034 321
1775 908 161
627 3689 793
2281 188 814
2065 2847 411
835 2389 510
80 3031 492
2473 1605 252
848 2124 260
302 3482 331
3067 3651 480
1750 1856 325
1210 1306 331
2586 410 566
1986 982 749
3542 1575 576
3136 1621 561
2903 1415 637
1594 3259 78
1044 2985 467
2418 3083 545
2606 1770 723
993 1827 163
3661 3226 551
1234 1354 764
3450 2718 720
438 201 110
1263 3549 578
589 1083 695
2979 853 240
1628 1554 896
1952 2358 823
598 1899 779
155 1005 837
1236 1684 752
1244 632 633
1212 2833 72
2855 2929 704
590 3112 368
508 914 189
372 2478 917
3175 443 866
3099 2863 196
2200 3109 973
1608 2552 152
1152 93 281
1577 2076 743
17 1798 393
2895 1090 37
329 1838 206
1421 2048 84
1155 1006 865
2052 350 334
2709 931 762
1083 299 518
1757 722 382
3585 2853 247
2643 3560 768
523 1484 812
3035 2923 776
2650 483 763
948 3429 406
1742 3550 373
1102 359 209
3244 1215 872
3408 1489 684
959 1693 780
1431 3422 878
3658 1055 83
2079 1386 591
326 792 168
1477 3043 206
3622 1813 369
2929 2417 575
3473 47 691
3224 3562 659
2212 58 290
2175 1157 164
242 513 821
428 272 894
2327 195 523
1880 1101 303
744 2349 660
3393 911 528
3020 506 944
125 2812 244
1980 858 266
2693 949 404
82 1539 19
3432 205 524
2927 458 612
3507 3311 177
1416 1089 252
1741 2315 768
196 3439 963
3097 1941 588
634 2521 534
1879 2166 90
265 181 600
3293 861 410
647 3348 610
2502 697 702
1344 1543 112
3207 1793 411
563 1722 964
907 2877 710
1731 3602 90
1056 1680 91
1906 358 880
605 1650 466
2232 849 922
415 1721 2
921 1809 735
2014 1936 405
2119 454 739
1399 2951 404
1758 2516 435
1030 300 435
617 2138 181
1764 2357 724
982 2181 611
2167 878 569
1931 1791 281
2180 2844 618
414 2348 885
763 2549 973
25 2984 221
1583 813 612
1103 754 63
1612 2342 36
1149 2319 673
3427 3312 769
2315 2902 897
1653 341 170
3084 2871 613
3122 1292 104
119 204 985
3674 3173 291
3615 1693 580
397 3125 840
3062 946 827
2573 243 167
2926 1651 546
2266 158 330
2005 1408 565
1761 2875 540
3335 340 277
203 2617 881
504 480 83
1288 1864 750
1195 372 323
1118 2864 754
1188 2903 781
2229 1586 969
3323 2448 128
405 3312 175
3592 3291 482
2545 2241 791
1216 1891 745
3574 1198 21
3684 189 464
2562 1632 884
168 2115 59
2349 149 670
803 2868 803
2478 655 366
2117 1830 826
630 1083 50
3541 2068 558
2994 1443 634
3017 3050 111
85 2454 719
1405 477 985
423 3389 481
2626 2096 65
2409 3418 441
3078 3099 704
2555 2435 184
1307 3126 382
2981 1747 939
2439 538 789
1072 3083 439
300 1944 518
1035 1106 466
1646 244 451
2866 1929 993
3058 2052 476
1999 1754 971
2114 2040 512
2579 1696 578
3243 2510 339
1004 2500 780
1177 1791 717
1827 2892 583
1961 1074 57
1370 2782 351
345 2610 812
1791 587 559
2365 3254 11
239 1422 436
3050 1049 45
1111 1510 318
160 3312 308
2308 2087 500
1490 662 798
3000 3368 513
442 2456 923
72 62 283
485 1599 478
1880 3458 558
3260 700 121
1068 1935 181
2380 3523 269
1433 3190 171
3473 2489 627
1863 2710 73
89 1405 3
3237 2423 350
3284 127 18
3202 3521 884
3268 617 786
829 1889 443
1476 546 437
2700 460 765
505 3227 306
1769 3190 538
2252 351 504
1550 2081 950
1419 691 656
555 2600 240
1018 433 244
2841 2722 403
949 1712 67
1752 2238 365
56 351 642
3537 396 267
373 111 533
711 3363 70
599 1291 788
2411 1209 852
2278 1759 537
610 1726 312
57 1647 443
2085 2886 868
290 569 262
231 1217 293
1817 185 527
402 316 122
1072 2033 191
456 432 426
797 1369 934
281 3282 316
1427 648 773
1115 81 654
2448 474 109
3241 1781 474
2305 2330 275
3245 1326 663
2806 2466 436
3006 156 800
3036 2721 116
1571 79 526
3226 595 809
1528 2898 665
2632 2436 701
2138 2715 906
1398 1236 267
1517 2429 576
490 1271 514
548 2591 682
2846 1229 225
2551 2124 376
284 3627 358
1563 622 972
3151 1877 479
1483 793 956
3317 1181 156
291 255 921
2414 1322 821
1580 3325 482
2276 848 132
2205 396 411
1606 343 180
1128 2550 704
3049 924 940
1998 1160 166
111 2680 13
1101 3140 1
1705 2124 819
3259 1213 99
3154 635 520
2490 780 161
3284 1067 436
3414 1064 172
1331 590 182
2472 3458 172
93 2762 69
1889 2790 881
3141 1241 188
1995 3293 486
1617 2909 234
0 2659 889
1053 297 669
2450 234 972
2376 3121 417
956 2666 468
2356 2316 242
127 3526 8
2545 100 756
2060 2425 420
331 1237 569
1753 952 107
941 2064 86
785 728 227
319 3340 119
3012 3019 795
3696 757 123
2717 9 224
229 90 995
1655 3048 613
3420 1056 480
18 1629 235
1873 171 153
2477 745 340
507 285 563
532 1758 719
1738 376 344
2237 2967 871
3492 1370 472
2461 1301 823
798 1880 440
1696 1318 994
154 1479 56
849 3528 864
3085 3256 588
1077 71 579
1117 2470 407
201 1258 485
2411 1356 776
2608 1098 598
1066 2728 57
630 647 114
319 1717 151
2149 550 811
1890 2526 897
2384 2350 536
854 532 340
65 2354 67
1311 722 575
893 1445 247
1862 1925 466
3086 3114 242
2751 3142 573
2371 912 329
946 1705 507
3623 2127 431
2946 3475 189
1329 3407 251
1063 3362 737
1411 2220 735
378 799 778
1126 90 902
940 1289 309
64 2838 560
634 60 504
2881 2046 890
3510 3370 282
1560 3464 482
2977 3193 74
326 775 140
2242 647 644
1771 1344 984
1865 467 151
978 1924 518
2936 3556 795
1648 2986 333
1396 377 177
2453 996 253
1566 1136 574
1014 3251 506
2318 2725 923
1580 960 792
1446 553 702
360 1717 53
3562 2215 741
2190 2609 971
657 1681 521
1329 3502 428
2171 3233 951
606 984 818
2822 2852 911
206 1018 247
3395 1921 366
963 2468 419
3367 1639 380
1837 1055 811
1147 704 551
264 2389 396
3427 2783 459
2248 1968 476
1526 1327 863
1374 447 467
1377 675 451
3328 1910 451
2724 435 99
666 3137 29
3032 2436 593
895 1852 541
2491 3019 426
1877 1873 485
3336 107 322
3276 2902 885
413 3389 628
3028 1993 982
2065 2717 948
1580 3189 448
1328 675 525
3247 2508 723
1843 2511 328
3035 1225 151
8 807 204
3650 928 3
1855 50 749
1143 2948 683
171 1662 562
1429 2823 426
604 3189 284
978 1911 161
2463 295 320
2444 3176 802
1538 3282 931
3047 2963 197
3232 1939 825
3135 2532 896
972 2055 289
3589 1659 883
2905 1973 800
1248 2098 722
253 1134 422
648 405 584
1898 896 503
2648 2821 934
1110 709 356
2670 2567 752
697 1466 997
1449 2089 126
606 3407 6
3322 651 218
3586 2865 810
1730 3002 199
2007 2948 563
848 2810 366
1960 3377 904
777 3069 728
1834 3695 327
1204 250 967
2581 2979 209
248 3467 567
1442 1086 447
3105 1895 132
1797 3317 312
2123 348 863
2674 2524 719
2710 1658 449
1460 3055 334
3499 2657 397
2116 420 994
3541 811 331
1783 1582 891
2396 1658 498
949 1970 701
316 1312 281
1638 305 558
3374 3124 171
904 1862 336
352 1765 559
1336 2220 290
2141 779 99
2623 1893 178
658 562 172
959 1837 638
686 1057 25
2342 2651 335
2425 2004 644
1794 1335 472
819 143 510
558 2732 178
1606 357 856
1426 1734 438
2612 624 758
1462 1779 874
3282 1920 9
2821 1397 634
880 3352 927
1530 1293 346
610 2181 468
2802 2203 361
1434 914 48
2972 1984 17
1718 2517 713
2066 3369 175
2892 982 152
1253 1395 929
2139 2670 172
2831 2989 121
299 247 215
2941 559 953
1076 1166 157
1812 2891 384
1274 1785 674
171 1632 386
448 1962 756
865 3485 910
2684 3631 999
1835 421 264
2485 3174 372
3197 2065 871
469 1332 960
781 2061 120
105 2704 865
2917 1135 879
692 1779 492
2875 1654 904
2422 2720 364
3500 2281 995
744 701 240
2312 1265 655
869 3131 3
1774 2144 261
2122 2687 972
3417 2997 530
1488 190 791
1014 2957 25
1974 1862 145
2997 1731 784
130 3670 286
2284 789 438
3058 448 104
2405 3459 947
1263 1504 895
2720 775 930
3615 305 446
3045 3663 708
2464 3148 317
953 334 38
2892 2042 724
1606 420 770
753 257 27
2350 2607 266
1314 2810 778
177 1202 95
866 2836 710
3255 2649 406
694 438 275
261 3466 806
1701 2620 456
3132 248 870
1301 2103 619
2006 2812 932
1917 1944 737
339 2301 720
21 2964 804
1894 867 795
580 3115 641
1399 2440 188
597 2873 721
3077 2680 454
1239 2100 434
726 1809 311
188 2525 105
248 1910 244
1456 3385 505
2036 624 77
132 1679 764
62 2840 979
2750 3372 643
3398 591 890
502 3132 27
240 394 896
2116 894 308
606 113 724
3638 521 649
2940 3002 265
3063 1604 659
564 2405 280
2808 915 696
985 2903 576
1410 3288 315
2339 3674 263
3453 3281 766
2849 605 613
3348 1548 363
1386 179 364
1208 1190 782
3412 2364 686
2670 3150 405
2654 2800 156
3366 604 354
969 2803 237
1319 1081 708
2825 1492 649
2425 3453 462
3055 496 902
1429 3527 407
1284 990 924
3642 2785 127
3126 2933 564
1814 2533 402
1694 3241 694
306 1036 682
3513 2622 735
3491 1427 765
78 595 722
3202 2178 625
3116 2519 884
3349 1481 173
884 1158 585
1719 1093 215
142 1654 121
645 2535 815
519 3155 459
416 1836 197
2961 1929 116
1964 1960 755
3618 782 430
1859 3247 109
582 1130 151
117 2232 278
1126 1171 774
1264 923 387
1993 2760 274
555 856 320
2900 226 64
2821 2380 899
2426 1402 950
1130 2735 620
1232 1361 595
3260 940 604
2789 1635 441
1080 3139 663
958 2771 877
2495 1990 140
2187 3533 682
3554 109 576
3465 2877 991
1889 29 357
930 1719 611
2849 566 271
1802 1145 645
3378 2024 101
1185 1174 286
1432 3031 33
118 1096 661
1368 2964 787
1058 1520 30
1727 1884 151
2400 3237 634
2146 2289 133
3684 3532 404
546 3009 271
3355 2716 629
3511 681 982
1364 114 2
157 2742 643
2968 2596 984
2720 674 300
2876 1863 327
2792 2862 54
3637 3405 399
3218 2971 479
3211 2150 976
1096 3014 501
5 2786 517
1374 907 925
1728 1937 831
3343 1660 10
923 2572 55
3251 1898 578
1690 1179 706
2529 2683 597
3 1805 504
3391 2193 276
2489 1699 667
2216 291 116
1483 359 809
927 1333 485
1900 1262 952
1175 3542 19
352 1889 373
1920 2299 913
2503 1782 279
2840 1073 29
617 607 573
2175 1139 87
1672 658 272
911 2402 368
2145 54 357
3325 735 148
177 2935 62
358 1054 383
2357 3406 603
2789 2264 491
1392 1142 723
2802 1583 449
3017 3337 313
1687 33 40
1216 1192 7
3317 416 615
984 858 223
2588 792 371
3224 2490 974
2795 261 580
2510 735 270
3244 3650 962
3699 3534 283
3567 1278 262
1247 2325 508
696 1074 334
2567 1938 973
2666 1773 337
1490 2269 609
2263 1429 303
3086 2809 980
2132 3332 412
992 3251 787
449 3549 795
2907 2952 312
1687 2472 851
3062 2463 107
21 864 89
34 1595 559
3025 2236 900
2618 904 540
799 280 676
1664 250 496
2894 82 325
279 1310 100
3210 962 683
2134 3562 657
2682 3661 267
988 664 506
3509 2992 341
3008 2202 225
2345 2119 327
2336 1119 875
3470 2613 633
3446 2325 675
2929 657 25
2512 906 18
2076 1559 315
1359 2114 641
2526 2194 167
3601 3541 146
229 403 602
394 840 697
3093 3474 671
188 638 450
3331 2742 278
543 2876 590
175 3413 57
900 1369 437
2964 3605 959
1398 2812 878
2971 939 816
2227 3144 671
279 1655 724
1571 1605 353
754 866 119
1521 14 15
2501 1428 931
2569 3506 479
3426 2288 880
2911 2807 654
1742 2674 487
1053 3300 22
1053 2793 482
1979 358 154
3080 2526 915
2250 2342 786
1725 1717 349
1338 104 246
1962 1090 233
2628 155 731
1131 1431 195
2290 29 360
3370 2289 903
1887 851 25
1966 3458 950
27 1122 749
3423 1714 463
1258 2781 258
2712 2235 40
1160 3344 206
2282 1314 250
3344 740 118
1221 1444 737
3020 1706 55
524 531 642
233 360 161
235 2630 609
3523 1098 989
1078 2009 666
855 1017 839
3537 3066 387
1929 1833 349
2489 1009 955
212 548 166
1076 2936 633
2470 808 493
221 105 781
3645 945 189
3068 2212 474
1321 1863 170
1613 3086 558
3629 1681 882
2844 1039 749
1028 1699 73
3224 1226 411
2835 3628 865
2014 2220 313
446 2396 890
1891 286 234
1549 1724 16
1658 3261 819
403 3637 575
828 3627 553
34 1194 30
3381 736 947
3493 2503 530
668 885 878
1740 3153 451
317 2294 683
3059 201 789
761 673 43
3403 2140 907
2365 3350 333
3303 2911 596
818 177 156
1759 1432 956
2848 348 527
3570 278 37
1527 771 832
1872 2128 135
3383 2665 534
3660 1091 953
336 458 665
3052 1975 778
1375 1511 373
266 1807 891
551 3188 96
851 1413 971
1584 3374 353
3495 2368 813
584 1576 425
3334 2280 232
2430 1138 19
687 1422 714
2770 2233 871
1670 1573 611
1246 252 232
1739 266 198
314 3381 238
3527 30 76
1385 1892 592
2438 348 779
14 1244 458
3598 400 462
1125 161 729
3418 3339 262
672 3213 792
545 480 171
819 1572 800
1883 2654 374
3039 3398 328
1289 979 498
2138 199 908
1 2546 349
2449 2649 308
2751 2743 886
3519 3202 791
2865 3132 432
2502 1363 809
1179 2639 282
2354 3372 578
3602 1069 17
3675 625 40
893 1807 408
1140 1084 203
2734 1893 260
210 2590 425
3082 690 273
2282 1812 910
1267 656 950
3103 2346 756
767 2829 318
2599 987 293
2564 1731 674
2506 2490 292
3539 1421 981
1654 2642 493
2524 3312 927
645 2853 825
1828 3300 22
1628 3652 703
3098 3322 76
3235 2696 434
2923 1473 389
3281 3015 120
3693 2084 156
1970 239 468
1372 1979 274
2165 1032 486
1841 535 493
573 119 851
3455 3429 211
3310 3204 112
3643 3003 346
791 148 467
3394 2848 251
1001 3181 424
3296 2936 929
149 2195 250
674 3373 515
3 3259 247
1283 3587 375
1979 2301 493
1097 2325 974
3302 2479 734
3312 3466 64
1575 1307 381
870 2351 787
3253 162 461
1979 387 27
1534 2818 125
778 329 203
1980 57 418
1071 3300 411
1492 1704 889
371 2395 202
48 605 799
1577 703 945
843 81 382
2132 2950 129
1251 3666 791
2908 2441 605
1956 2768 913
1880 2241 705
277 2668 823
2146 1531 612
1710 1814 558
785 3215 708
3148 3280 302
2146 3136 452
1276 1112 543
2088 2773 918
1523 3146 337
216 2203 228
3486 3133 405
846 2762 921
3310 1713 342
679 3336 79
3035 3275 495
3455 3409 525
576 3206 3
1853 3614 991
526 2908 430
2776 1657 789
2697 250 106
3149 3249 702
1011 3173 162
1104 957 677
179 989 483
539 2558 104
1594 79 92
3430 2572 985
2553 483 22
993 1348 22
2683 1726 695
393 720 441
271 1441 547
2575 2936 668
865 1066 493
2957 1680 721
2482 2798 9
2335 3057 379
634 1625 699
1018 311 909
2244 2473 255
847 2747 465
3335 2279 64
2929 1132 305
1036 3552 538
36 2195 948
3493 1346 993
2178 1739 662
2536 1964 164
800 593 894
3247 1378 473
1986 2346 967
1007 1263 6
2465 685 515
111 413 384
286 3490 171
1697 1714 738
3017 826 414
2608 648 995
1024 2725 61
3270 1255 855
1842 97 722
3611 3013 314
746 1250 191
192 1039 641
1754 3307 141
2999 2277 827
3087 3539 389
2070 3414 724
496 2207 656
2079 3002 394
15 3218 389
3127 1036 150
2878 799 970
1106 2758 866
288 3391 819
1747 560 686
3232 2806 699
2737 3124 412
1712 3055 330
397 1940 933
42 3122 236
142 1828 962
399 2091 439
440 3296 568
3398 568 540
2644 2927 712
2409 1415 744
2948 1977 55
3621 3005 166
1888 376 495
2536 689 129
3354 1830 749
2139 1752 310
1183 2025 566
2503 2006 22
2808 1689 556
3447 2231 252
1286 30 70
2523 2077 396
2865 3252 756
736 334 432
2551 128 881
2096 1092 945
1264 1411 616
355 544 196
3377 747 143
1213 279 468
1047 1714 477
1114 1880 503
1919 689 302
2060 3599 903
1487 2064 33
2481 2124 110
958 215 69
3508 2904 456
2479 2594 156
1981 3514 85
2078 2683 285
2889 3420 479
2906 151 118
3616 2999 172
3212 2360 59
1467 2161 737
1790 3397 484
3209 3177 638
2482 422 981
1525 3365 858
1399 209 224
446 2292 67
1907 3142 624
601 3313 738
778 3608 964
24 1334 526
2802 3509 635
2663 767 222
355 717 227
648 1661 313
2818 1934 539
1506 1965 782
1005 3092 404
2954 2927 893
2344 3189 458
655 1732 719
849 2698 372
1072 464 318
872 2431 486
1673 1950 550
785 2552 263
765 2951 436
3249 504 91
2267 2640 548
2865 2933 99
1967 647 893
705 1248 277
1061 2704 305
2461 2830 114
1819 800 390
682 396 149
223 914 449
861 1805 57
315 619 784
841 2560 558
2076 1114 634
81 2983 73
400 19 176
2924 3538 148
1506 3463 63
2364 1068 473
3215 3039 112
1382 1881 514
1803 3264 351
1396 2328 551
582 3633 601
634 1033 109
1144 1721 790
117 199 786
2758 3472 187
872 3559 393
1390 3455 181
2476 2674 885
727 910 867
2674 2536 895
3138 52 396
2143 1466 426
689 837 763
3287 3003 832
798 2881 749
1571 2752 193
3427 3353 673
315 3316 122
1917 559 876
329 2766 683
882 3647 671
3402 553 93
117 3150 170
711 1035 527
803 628 448
186 684 129
521 3461 793
54 3418 808
3570 425 514
2160 2891 351
2234 3308 201
1449 2822 642
2971 155 455
3631 559 794
1823 2703 953
1322 115 847
1293 2048 302
166 1192 474
1867 3268 665
2944 1229 754
1942 89 423
3139 170 476
2223 19 315
2313 3464 231
1313 1113 517
729 2918 663
3509 2614 345
2945 168 725
1418 1663 812
2939 236 87
1852 2245 665
1581 2136 130
2248 741 866
3651 2173 911
2760 3453 525
1583 1311 418
45 3299 339
1474 2445 566
3162 2681 527
2871 2279 379
1903 691 677
617 2162 296
637 501 442
2447 2408 647
1900 2941 843
2354 1308 22
2016 2414 347
3423 2597 24
200 2570 557
2565 437 252
3051 3642 966
2875 2067 377
3239 2454 348
1502 354 302
2581 2959 252
1959 2249 511
1065 3008 52
2172 720 344
3515 3626 345
442 2696 92
1050 508 387
2143 3633 72
3011 1775 764
527 2722 339
1735 1572 255
2551 1355 9
2093 1861 47
481 1580 885
2536 646 373
946 414 125
2963 2551 958
849 1045 934
3448 126 636
309 2174 599
1897 1483 292
2699 1552 949
343 3379 48
2955 2704 324
2587 421 457
3377 2031 143
3074 1153 995
1982 511 941
3159 816 64
1188 2002 711
3377 3039 926
3622 2624 498
2100 3405 196
3649 2783 373
2503 1186 542
2067 2802 509
2836 2218 481
2951 491 632
1983 374 346
1684 1327 378
2746 1619 544
1309 289 640
3004 2392 489
943 3555 383
1392 3535 452
2662 1352 420
1273 1039 345
1829 3628 605
39 834 410
2366 1282 830
1095 2213 11
2023 2692 825
1546 1318 541
191 3597 166
1952 3209 395
1522 1748 440
2461 1485 15
25 143 970
2645 986 604
660 3193 143
2015 2778 707
292 586 864
1361 1794 496
1091 1084 484
2028 3544 606
239 2326 349
213 3346 733
3680 2915 931
920 708 53
335 3121 213
3256 795 437
2465 2907 280
662 3446 146
1913 2885 807
967 1630 84
1879 2218 533
3380 2656 864
2945 958 589
390 2680 221
3223 3557 823
2963 2539 902
2516 2324 965
1759 2776 910
2140 392 995
1848 3695 336
2882 776 135
172 2211 912
1227 1830 199
633 126 112
2517 242 380
3404 3323 564
2352 2920 15
1031 960 867
2233 1493 23
1770 2452 952
949 3150 391
9 2486 903
2833 2044 795
3574 2248 952
2949 1372 815
1243 2638 778
1767 2655 216
114 1221 231
1090 735 110
3001 2099 669
2808 1354 659
3065 137 77
2154 2620 750
1306 1431 447
3411 2746 578
839 2198 763
2237 2951 457
2657 2485 654
3133 776 9
1480 3200 410
2296 337 871
2570 1145 400
2217 584 556
2118 1025 211
3343 887 988
864 2215 344
866 2900 945
2091 1372 496
1906 1711 450
1858 2283 340
2099 3325 657
465 525 576
2861 2526 135
2124 1272 578
651 3603 539
3122 489 944
830 2921 379
3096 63 458
318 1532 37
3528 1425 525
2123 2145 369
245 1515 230
1746 3180 408
184 2246 879
605 3556 408
974 2140 5
519 257 536
3111 1833 784
881 1900 23
2375 610 191
847 3509 308
849 2529 658
1586 844 330
2453 2831 939
2239 1329 488
923 2478 479
3028 2192 348
128 1617 996
3620 2196 821
2270 3376 699
1233 2971 250
1266 177 810
2473 250 458
1834 2189 661
2805 2816 984
1400 2278 140
2368 2860 193
2436 2300 795
1484 1272 204
2068 366 714
2536 3600 712
3107 3611 699
1168 1331 100
566 3066 104
219 2922 450
3541 1424 678
3624 507 902
1608 1395 990
226 2801 258
2499 3289 72
2665 22 499
1301 3675 589
163 222 444
2356 3050 723
439 1968 688
693 419 204
813 3567 464
1187 2200 42
3544 935 674
2107 1615 664
1179 1495 340
1349 2383 153
2826 3548 388
57 1740 481
2391 1662 389
1352 3124 762
95 2560 951
1334 1311 144
2382 1991 546
1434 3017 188
2095 1612 30
2079 874 646
2418 3231 524
1218 2015 437
3597 390 356
2826 780 736
359 1185 838
2177 352 463
2467 1780 131
115 1940 591
2835 3681 957
1334 30 470
3468 368 460
621 367 859
2445 1290 356
3660 1379 64
1879 2026 997
1670 2928 919
601 778 504
3317 93 142
2246 230 98
3020 2231 863
3379 182 371
488 1618 511
989 1977 956
452 1991 341
145 2699 239
2919 1782 845
1358 1254 680
2076 1107 59
2955 260 616
371 241 751
1891 103 908
2809 2664 91
2019 970 918
1026 1053 646
3207 3567 684
3659 684 890
1766 305 718
430 588 588
3177 208 285
2284 247 482
630 2146 621
3397 328 455
986 2821 779
229 540 406
1621 1586 281
2125 1260 636
1685 2625 764
1816 3103 495
1962 2387 747
1109 1047 775
1938 3419 905
2656 2931 838
2664 3678 212
1803 1496 200
1377 1234 326
2658 2902 754
141 3208 923
2185 1951 488
1530 250 934
2084 1936 753
1317 2870 609
3611 3132 993
2743 961 460
2069 2257 275
2831 2044 282
3362 1937 923
220 1285 481
3076 2887 200
400 1250 992
2350 919 787
2974 1286 622
1671 3325 108
1576 2562 917
2375 1330 567
2159 7 390
3244 67 985
3226 2586 93
3255 142 678
2886 2250 179
1302 1146 978
2873 2149 934
961 3360 507
1877 2404 291
2234 727 1000
373 730 261
2454 1285 56
2035 1564 693
1213 1421 164
348 3369 886
891 2114 968
2983 2024 621
2874 2656 629
3558 1834 656
3094 704 597
3119 2407 481
3584 3430 251
2423 709 131
1963 3039 32
1162 1339 238
3406 276 745
1732 2828 231
2235 2078 960
240 299 507
2784 2509 809
1908 296 634
645 762 930
1691 3173 657
274 2179 609
2534 1049 518
2970 1637 879
3462 1640 701
1881 827 667
65 1865 500
1946 1993 980
2509 1424 362
2238 3616 753
3176 1120 81
2345 2954 292
2271 3135 199
2659 428 72
2576 3531 420
1287 3553 528
406 1405 489
3544 1452 331
3379 44 273
2788 2003 495
1961 1369 6
2610 3613 488
3011 3270 366
1664 2491 689
2992 2087 599
3219 2700 431
3132 1898 223
3099 1816 757
3125 982 328
807 2314 253
11 880 720
215 602 516
2434 26 102
1576 1093 897
976 2273 150
3073 1496 373
1032 1476 493
3593 257 766
3587 1878 987
2066 1630 880
1384 3502 20
1052 2454 527
1475 3342 372
944 478 118
2836 1846 487
2193 3487 104
2764 3101 913
2737 1174 174
3453 131 951
2216 2747 800
2384 220 257
173 1765 651
3463 3494 193
2291 376 348
2781 3162 150
2338 2600 434
3250 1171 201
2877 275 630
1398 3605 484
769 86 952
1097 840 425
1607 2938 53
248 3182 986
1684 92 16
3165 1852 820
1421 557 966
3435 536 291
1654 2911 331
1033 1017 480
2322 2516 823
1670 2864 541
1681 839 361
2844 2856 189
1641 2577 668
2232 606 403
159 470 764
855 2626 656
147 2619 785
861 3187 424
488 799 116
3526 3003 211
1981 2218 784
2309 374 474
1413 3573 270
2186 895 20
1391 1878 748
3060 2633 217
1933 2536 270
1865 2269 191
1676 376 875
2415 2909 987
3308 1774 836
1973 696 666
2141 505 867
2007 1255 637
1216 3018 755
2687 690 156
1257 1818 931
1985 2155 240
680 2566 261
501 3640 411
1123 3440 82
1554 567 494
70 380 339
3523 2808 520
324 2756 900
345 2164 688
398 2885 906
1176 342 487
52 1979 640
1566 1101 542
821 1142 39
464 102 1000
1203 3317 462
2426 1625 26
1220 1703 363
2213 3039 332
1037 2271 741
1921 1131 680
1992 3561 506
3119 1560 662
2650 3136 34
1236 1934 446
1386 103 574
2437 2423 215
249 213 284
1109 1994 517
2876 3437 745
616 788 748
2181 202 77
312 1242 697
199 1170 456
1555 1232 712
254 1965 739
1860 2403 851
494 797 476
3500 2620 153
1577 704 756
3671 58 841
2633 1484 378
1362 3426 113
1314 1311 975
1459 3516 158
2287 1212 963
2238 686 914
3655 999 878
1867 958 427
3338 1544 854
1993 1971 165
1394 1204 289
3390 117 746
2939 2488 194
1938 1815 577
1533 3251 718
1019 2263 459
3298 1922 232
1277 1045 596
1743 2627 653
2429 2484 845
3232 3605 654
3392 350 296
387 86 455
1873 1560 443
2440 163 175
232 2174 76
917 2955 54
995 273 104
612 2686 918
3683 2579 892
1324 1204 511
770 3282 256
3492 130 714
3378 3332 960
35 143 483
609 1779 933
55 2577 868
455 1732 414
1796 1081 77
3163 3469 571
2487 3079 284
2182 1778 427
2910 43 198
2455 1366 753
1843 1329 122
3473 2828 908
2176 540 708
1781 273 805
2803 378 897
2076 2953 524
1126 3384 632
436 1235 306
2215 3618 398
1175 287 795
297 769 150
1736 2138 304
2097 756 886
1783 1646 947
2200 1887 255
2568 2344 57
2713 3074 782
3217 49 903
2302 2850 338
734 2689 267
108 691 141
2820 1601 553
2956 2507 353
3484 3142 327
796 461 493
3268 593 831
1674 2267 455
2728 898 5
2967 437 992
1055 1044 146
621 1038 119
3642 2834 338
1884 1776 221
1316 434 804
1016 2896 367
2930 1240 528
51 672 34
3279 407 349
516 2935 699
489 2413 216
1153 804 52
2029 3605 49
1267 621 158
1505 3544 462
1843 3533 466
3458 2763 793
1309 2508 226
2374 2285 457
1641 2087 928
1972 185 707
2394 1995 424
479 2683 5
2895 3080 40
1503 860 120
1080 2171 235
566 1274 319
1739 2232 971
3674 1491 929
2781 3381 759
580 3004 694
2474 3233 70
2137 2447 958
2154 1696 711
1034 2450 64
2569 769 656
11 3253 540
1963 1347 20
1145 2976 480
129 391 480
3038 2424 537
2295 2980 16
600 2882 634
1367 1159 93
2911 723 287
1399 2614 802
2140 3038 40
2506 3607 917
202 1825 282
1314 1865 59
1625 274 284
502 2279 120
2446 2653 654
396 1586 606
2749 2824 155
2330 2740 877
624 1874 817
1021 1436 503
2178 3358 643
2412 1886 42
1570 3140 825
1342 2766 954
1081 2396 448
1580 915 682
2048 1181 347
1271 21 292
2568 3632 225
1083 856 143
3434 1693 633
27 824 318
2048 3033 529
1493 827 680
2792 8 366
2816 3031 613
2962 952 77
829 407 605
327 1557 816
1471 418 246
1097 3612 682
3514 509 662
2562 2870 425
3497 444 206
1546 2269 904
3507 2680 777
2094 3320 203
3625 93 912
1555 1515 231
3169 119 418
3046 1694 352
1077 2625 303
1041 3670 108
2749 110 270
1515 2546 218
3432 326 491
2997 2626 433
261 28 449
1251 742 461
1210 1589 224
1458 2894 518
541 2465 246
3333 3393 494
3123 224 626
1362 294 752
3086 2633 357
46 1426 542
690 1540 980
890 3173 188
2122 2640 703
339 1375 80
3079 2699 655
716 805 528
1095 147 734
2768 3471 148
323 2233 848
2164 173 463
3434 1288 872
340 1190 919
1776 3357 377
39 1610 47
1513 866 171
3511 1246 280
3041 257 369
1649 2590 449
337 2962 267
1889 1987 465
2644 3199 39
2933 2198 803
2058 775 254
2891 3371 159
1079 1000 801
2528 900 198
247 648 497
233 2539 599
52 2323 579
1910 1636 711
1078 2648 812
1556 3130 902
2011 600 571
2469 964 997
851 1285 449
1370 705 700
121 1729 505
2689 1443 302
3258 2106 682
1905 2038 710
1015 2898 635
1024 1291 622
2047 2704 769
3008 1867 173
1517 2209 605
3528 731 997
3048 1277 826
2456 3014 463
2141 1730 272
677 1691 196
3662 2908 972
296 2881 537
1140 711 321
3101 1508 196
1529 2572 229
916 2831 823
2400 2170 922
3160 3264 683
3023 476 955
2349 186 385
277 3208 238
526 1763 596
432 916 983
229 290 466
33 1081 13
426 845 610
3015 1564 213
2572 187 727
1511 1826 967
2363 1955 561
1773 1001 727
3300 2827 906
1832 1040 988
3493 1270 712
2319 1124 40
518 719 722
1588 2806 882
3641 2170 591
3316 1778 221
472 3483 616
1140 3652 375
1574 3456 425
780 1490 110
992 2470 655
2034 2018 6
2489 2071 927
1075 232 939
689 2563 911
783 1744 615
3641 832 458
1454 2883 129
1160 3274 231
1214 3388 246
2816 423 90
1608 1682 268
1830 3523 494
3329 1037 629
805 2261 255
999 1103 776
3554 1014 718
1932 3344 725
2636 2432 219
2577 2833 25
547 1537 477
461 1252 247
3339 2782 690
866 1764 393
3279 3118 289
2786 3672 153
963 3417 744
971 2124 175
1713 1400 486
2892 489 940
1307 2345 894
2312 3194 885
2081 3500 101
1065 2434 114
3369 3148 280
421 1995 498
3355 3547 100
1418 193 483
1284 1604 622
3527 3311 503
2956 603 950
1319 2530 880
966 511 637
2150 2426 751
542 3064 326
1090 2779 441
1675 2939 57
830 1255 454
3654 2200 668
3364 2163 696
1570 2245 610
1295 3645 434
2151 1829 644
3231 3409 913
803 3335 760
87 2800 871
2325 1660 558
2594 3458 456
415 1190 372
3087 2364 853
1596 1018 590
1351 1090 626
705 2015 741
3054 2745 148
3444 713 938
1922 1432 527
1877 1807 396
557 1036 361
126 2842 779
1239 2041 388
2967 2426 372
3404 3654 497
3577 2697 825
405 1080 215
1178 2960 849
2638 2310 410
846 1186 390
3582 1175 596
512 363 452
341 2576 674
3426 734 750
2952 281 236
3462 1801 337
2273 1474 504
2303 1526 793
2110 2115 372
2088 3182 141
2122 1196 407
2062 2081 46
2656 3674 251
375 11 456
1018 180 297
1960 1241 53
2274 3152 684
2067 2149 771
3537 3276 921
999 2484 263
431 843 508
813 1380 117
2396 2383 865
621 2072 342
2774 2972 253
2946 720 64
2949 726 963
785 2872 860
315 96 832
3261 910 659
1836 2945 763
2794 300 586
307 3241 985
342 1761 748
516 1094 402
2428 2420 167
1307 1976 252
37 885 12
1764 411 142
3533 2185 649
289 2134 549
799 1014 215
3597 2771 405
709 2869 268
949 1373 509
2608 637 526
118 1444 897
3003 2312 709
2196 1562 664
353 191 819
1694 1489 678
2224 28 955
2 3173 179
2657 846 977
1643 2840 752
1041 790 962
1245 3478 90
1532 1517 277
603 2984 1000
1381 2245 652
1373 830 879
515 369 965
164 2392 701
714 3595 189
1350 2529 462
219 1074 564
413 2249 768
2670 2558 331
241 2900 805
621 2861 975
3465 116 968
190 3045 648
2 3014 281
3383 1835 159
2297 1647 437
1578 176 84
492 2670 531
1346 2571 500
2189 1338 672
322 1852 667
535 2740 505
2240 3389 290
16 60 992
2362 899 247
51 1375 552
3072 635 83
208 940 17
1086 200 635
206 1315 503
3393 1789 464
1445 1164 957
3146 758 452
2423 2371 543
1332 2949 325
2738 3541 765
293 646 781
183 3416 830
2119 1073 233
7 2373 329
807 3481 271
2070 1950 554
3323 769 63
1430 2410 947
2501 159 738
2231 3608 482
457 1989 156
944 198 986
2073 2914 339
2553 147 568
885 1588 989
1401 813 83
168 928 187
3425 2710 739
2011 500 76
1528 2091 179
3673 2900 921
564 1477 528
1420 189 14
3217 343 856
1407 2445 701
346 3464 832
1522 3289 117
1808 670 102
1487 3324 97
3678 2723 956
1580 601 430
1966 1340 149
1252 2771 396
574 393 565
2897 2619 262
1288 2434 992
1308 1611 782
1943 1578 104
3671 2792 246
3169 704 458
3155 2943 35
1541 1786 638
3399 853 952
3666 2038 993
2575 2800 197
1904 952 361
512 1647 676
2408 1090 125
1807 3696 961
1431 612 969
483 2327 996
2493 3245 522
2726 2591 612
1855 274 191
603 385 457
2588 2304 249
1605 1654 699
1765 2511 945
130 2676 351
2736 330 182
3544 7 662
2577 1706 620
586 2366 980
3697 2471 203
2302 554 352
2638 3299 591
2829 2170 168
2072 628 275
3055 541 36
291 2068 842
3556 2203 26
1452 950 537
2764 612 254
200 2642 671
1088 1042 231
3046 1729 278
3626 1848 900
3310 247 241
809 2557 696
864 111 482
2524 762 361
1581 1690 737
2079 2002 919
3640 2474 635
2431 3516 557
1739 2979 672
1622 2246 485
1555 3471 561
1216 822 811
2231 1050 966
545 2602 475
1380 3664 955
917 1863 95
3349 3435 72
792 3132 459
3165 1701 714
672 628 587
568 3020 727
2180 732 611
3032 2122 116
3322 667 414
1270 2335 677
2508 1686 398
1209 2709 500
303 1386 57
3243 47 491
813 1985 535
269 2508 5
1120 3259 527
3170 1574 501
103 2686 770
468 280 78
2886 1395 790
438 793 438
3503 3686 216
3684 3393 40
3382 3466 167
3381 3120 368
2677 2382 407
636 365 147
1139 1018 463
739 1588 763
760 551 157
612 2003 191
1650 2360 225
1132 2487 510
32 2751 487
1263 2327 279
54 3105 794
2820 1412 27
3617 2448 418
648 562 80
1339 510 256
1153 2352 861
3598 1053 462
2378 1101 368
1738 2870 462
2664 3177 732
77 144 666
775 1243 250
3344 3681 87
3600 985 977
261 2809 655
3608 3599 982
870 1949 950
352 2876 684
1940 501 141
3294 996 470
1065 3619 391
1439 2968 554
3661 3635 148
1517 3353 147
243 2457 525
1062 3409 796
1754 1816 336
3401 1485 527
1820 2479 800
2056 2629 762
168 466 429
3387 139 221
1079 2620 841
1234 193 950
3072 2379 451
3603 2882 171
428 232 836
3666 734 877
1833 1456 14
849 1040 40
446 2575 475
1529 3564 600
2125 1265 668
2622 1451 144
1002 715 50
2509 3394 192
3056 3380 180
2115 2955 541
1888 2764 19
3373 1975 423
1209 3017 720
2973 3309 456
3186 406 200
1135 3100 635
555 414 535
2293 1863 582
587 3280 775
2464 1481 893
1936 3192 793
3567 3288 271
2305 1518 438
2816 686 911
1202 2803 96
3521 325 776
688 585 612
2586 2428 372
522 1655 295
2218 2752 272
2584 1787 505
3296 1459 601
1831 3266 242
1325 3481 680
2674 1795 778
2003 2121 129
2807 2683 995
913 1001 420
162 1847 324
1568 2779 662
1429 2461 212
3263 1841 559
2144 2124 179
514 1142 795
1023 1174 501
78 1133 396
1376 3219 918
1129 3351 270
3674 550 779
3427 1680 983
3553 3006 259
1193 337 794
2317 500 292
2157 1694 458
1439 150 729
2665 3178 578
440 2752 371
2650 2152 644
81 457 975
2399 2622 785
3223 3274 269
2076 1854 261
1467 781 744
2512 993 470
94 1796 479
3041 493 909
1904 1775 400
3385 1550 437
2670 2147 465
3466 436 290
984 530 599
1073 2024 280
1190 1989 650
1675 487 73
2901 1395 328
1627 1377 100
2801 3486 353
2005 2637 668
3192 1134 918
1759 1830 488
1557 833 623
861 2791 274
3538 44 563
1081 400 695
2726 330 604
1028 2453 166
57 2324 885
1061 641 86
3240 2646 916
732 1184 398
2542 2540 54
2430 86 625
1077 2540 191
3030 1893 684
1098 300 103
1188 3108 904
3247 2430 167
1739 2182 849
1956 1009 689
845 729 983
1839 2239 490
3513 611 318
1857 1997 162
1912 3647 98
1512 212 108
551 2817 869
2247 2488 567
1315 2600 150
1611 2039 56
1508 1435 765
312 23 971
2847 2145 972
456 1885 204
1446 701 244
2585 861 572
1827 2361 841
2030 224 478
727 3114 421
1135 3458 429
1418 830 456
1915 304 974
1848 278 553
1918 929 204
3607 1392 440
594 3011 818
2167 3377 170
3611 1958 698
763 2749 346
3630 764 1000
1430 1047 339
580 2701 313
1829 2053 99
1273 1081 907
339 2918 35
1631 946 222
1406 3410 727
1531 2877 670
1059 1162 537
2088 1429 989
271 2908 85
3110 3497 766
1342 1612 531
882 1494 506
1160 396 151
1667 2879 7
3281 2761 263
3336 1790 962
612 3078 594
185 2413 822
807 905 132
2237 6 21
768 326 931
2653 576 262
3123 1269 665
1101 1777 183
2150 1488 3
1374 373 641
784 1334 458
160 465 579
3313 1540 432
2260 3525 157
1410 2257 172
2742 1510 108
2470 1838 788
1553 885 368
2936 1812 847
1056 1887 737
58 3297 67
2839 2881 818
859 474 457
654 6 932
3240 2207 222
3417 1014 454
1541 2228 58
1336 211 814
3291 1958 348
3321 2815 589
1664 1160 545
1348 318 817
212 2062 967
856 3498 607
843 3686 742
2244 3386 34
165 1104 812
2810 1304 310
723 1481 514
3341 3255 258
1534 1946 740
2104 3321 753
2436 2400 642
1379 3047 977
3174 3500 831
95 379 306
727 2471 794
2338 2729 526
3660 2024 832
1218 2577 637
363 2687 620
2203 2550 679
2700 693 371
1560 345 726
611 1266 415
505 2900 441
2415 907 419
1809 552 629
1898 2078 989
536 795 387
1198 3544 680
2667 2689 208
894 1628 350
36 1266 412
947 2881 980
850 2889 990
704 1757 73
474 1444 79
1071 2405 287
1065 1145 892
2206 267 129
3328 487 32
2049 630 112
472 120 134
3636 2151 196
858 1314 805
2807 1235 747
3267 2408 579
40 806 96
430 1869 115
2126 451 346
2952 3327 501
224 2605 327
56 1253 378
220 1294 155
1642 2454 780
1791 213 705
1115 2651 647
63 2723 73
2713 3614 735
1060 996 297
1225 1196 630
163 1353 534
246 364 414
155 1408 80
2614 1118 161
3612 3164 718
1963 2040 670
953 1622 535
2381 2134 401
525 3645 31
2192 3595 954
3666 3642 657
3022 3671 102
2649 3541 939
283 2824 483
1839 1890 813
112 553 997
2767 2098 743
318 1416 493
2335 3061 66
3356 955 487
2682 2648 478
1240 2698 885
288 3003 963
1540 578 977
1391 568 798
2880 891 586
1391 1495 674
162 2490 540
1974 1387 276
1330 3012 775
3259 2225 2
2099 3315 810
1901 1554 627
1424 1134 122
3287 781 981
711 225 499
2552 1709 679
3332 239 597
2399 2421 829
3148 2378 530
1380 1487 176
3250 2529 526
3149 1643 798
2029 333 368
1774 938 225
1700 487 293
3062 847 81
3562 1827 397
1327 180 752
1647 129 786
235 2536 420
1984 3154 837
1510 1401 600
377 347 985
2323 574 630
3301 1915 941
1244 3486 473
3540 2654 907
3463 725 279
1874 1005 475
1890 1335 64
191 2075 562
2856 912 660
3259 932 92
3245 1459 995
914 1909 296
2994 1026 72
2998 255 877
1543 1918 717
197 3336 964
2754 1069 959
111 2246 553
3086 1972 623
86 852 243
957 2613 661
463 561 291
250 2120 623
2136 557 520
2648 1716 612
1118 1126 583
1241 2955 177
2666 3437 784
2456 2316 339
723 79 307
2091 3224 355
2075 2504 788
296 2920 74
585 3662 988
2832 2225 631
2876 1889 675
1647 2434 795
53 3101 311
3465 3640 74
1840 2426 651
3139 3071 962
2007 2227 343
1630 2107 617
1804 2461 125
3432 2004 926
1385 434 573
1265 1790 26
744 2989 970
3068 2656 136
1378 3204 704
557 696 71
1114 2997 30
2872 136 769
3260 784 153
3143 1813 223
2934 1872 271
2874 2611 905
2278 3477 210
319 368 999
2130 3110 450
2514 2780 522
2077 169 75
1904 816 853
1743 1451 731
2976 3534 748
3374 1185 242
1797 2925 61
3406 1358 350
1263 2491 658
2009 606 998
3547 3461 228
2074 3641 495
747 896 234
2193 537 431
1556 3063 737
2926 1604 611
2589 1861 498
3025 1275 781
1718 3377 259
1424 2389 153
184 552 766
577 299 635
3449 3374 414
2344 609 273
2713 185 142
3314 813 807
470 1089 694
70 306 615
3132 2978 477
2168 2784 911
444 2970 621
3060 1454 20
1837 1193 294
318 1645 594
671 3417 937
2561 620 145
982 3587 552
1654 1951 570
1561 3121 38
2704 505 529
923 427 576
1134 1531 722
1850 1361 299
1092 1960 282
1537 1172 206
2640 1324 761
1851 2927 888
1772 1812 440
2257 3032 688
3597 2896 530
2593 1303 509
2066 1460 86
0 2483 739
3149 2754 126
1292 595 885
2845 1147 337
1783 3112 881
2631 2237 536
3503 698 449
3421 3542 700
1621 2390 372
2802 2635 676
297 598 904
1981 2073 682
461 1022 265
689 2999 188
1830 1903 731
1023 1949 971
2267 1069 457
1256 1143 920
2987 3230 735
2619 284 126
2295 2595 234
1174 2613 273
1684 3634 740
3434 148 343
2172 2012 635
3028 1037 72
2252 91 130
3422 2178 310
3020 2218 308
382 3469 992
91 1212 354
2148 2491 469
2376 407 36
108 51 238
592 883 58
165 2750 571
3132 1767 764
2263 1135 994
566 1053 42
2890 956 937
2505 2775 530
3127 2413 957
2621 1260 275
2175 2685 184
1794 3320 753
3535 2193 862
1998 2975 671
1124 1356 317
426 263 580
1320 2635 593
2360 2263 36
1187 153 995
2159 3382 338
899 3415 613
42 3083 145
2477 1712 196
2065 998 788
3665 709 537
2094 3170 994
3644 274 67
1454 1682 538
2280 325 851
3424 2953 672
2989 817 697
2741 1057 172
1328 1117 431
264 3253 945
224 401 410
2355 809 173
3267 2532 608
799 99 126
3598 1837 259
1485 3569 890
456 2600 773
1696 1191 931
99 3644 195
3256 797 401
3068 366 418
3367 1943 513
413 2472 507
548 3529 949
1539 222 48
479 1593 719
1596 801 59
1308 1604 135
161 714 147
2040 928 528
2436 1836 962
739 3259 295
247 310 583
3521 720 941
569 532 370
1891 3629 975
1914 1841 663
288 2745 729
3022 266 711
2379 445 9
812 508 419
2301 2234 349
3058 1013 274
1471 327 504
2695 3480 173
2305 1687 58
944 2700 974
2629 104 410
767 807 560
210 2552 748
2689 2955 717
1195 2116 22
2235 1424 420
2772 2101 718
1004 1445 400
144 1382 552
2915 0 649
2084 244 519
570 2944 162
2876 2670 850
117 1985 887
2246 1666 571
1848 3113 264
2823 1846 582
2319 2109 903
2845 351 166
2847 2039 32
535 1046 926
237 852 496
806 419 523
1866 2139 906
2333 315 757
2060 2847 353
1321 2522 811
3551 66 799
534 823 15
1191 1734 47
3089 165 336
2168 693 805
2936 920 756
3597 278 771
2428 2367 281
209 110 188
3620 3002 67
2205 1608 186
527 2444 624
3189 332 849
1355 168 433
1206 448 57
83 2348 966
733 486 988
2192 55 553
2471 1089 29
1731 635 216
484 1826 136
857 2341 958
2319 2495 539
1691 749 570
3156 305 23
2954 2957 596
149 227 98
740 3445 161
1538 603 215
2136 2023 533
860 0 906
1950 20 726
1423 3 325
1571 1948 880
1190 1987 336
3339 537 126
2795 3061 885
3683 3601 325
3463 1049 105
3613 3255 198
3035 1209 867
1809 2541 892
393 485 79
146 2636 892
2158 92 593
801 241 827
139 1464 499
1961 600 96
2549 3110 142
2536 1855 55
2891 2137 729
3421 409 705
889 3359 695
3404 1107 170
1633 3638 402
2122 3506 892
157 1424 77
2461 591 276
1597 3617 881
1432 3190 726
1873 3478 770
495 1713 93
2425 3010 220
279 1337 835
3381 1753 721
946 443 142
1925 526 397
2294 399 14
1912 722 113
1169 1207 472
2400 132 550
149 3329 544
107 2895 798
1855 3501 541
3237 2063 839
2150 1761 142
490 3157 237
3357 126 236
1734 1167 284
652 2209 906
2053 1642 426
165 3507 224
1944 2378 974
1734 1543 908
3386 340 848
3044 788 144
1816 2528 837
3210 2572 81
655 2740 436
3434 1203 257
2018 2347 8
562 2847 952
16 3624 622
1275 3517 777
3561 821 699
713 2733 645
1491 277 238
1559 447 750
456 179 107
1004 360 966
2248 1231 287
547 2365 771
2352 467 55
3316 65 99
440 345 882
3306 2277 915
82 651 805
171 3371 42
1370 2588 313
2219 3451 646
2383 3209 303
1935 826 296
995 3380 822
3269 1571 825
2911 855 914
2846 2973 675
3471 1902 512
1550 1395 770
1180 3436 890
348 2241 108
3488 295 498
1418 3078 866
2320 1949 893
2536 3158 74
3089 1982 752
2519 750 396
1634 3365 185
131 123 337
3319 2116 39
2778 545 146
138 3479 12
391 1562 49
982 45 184
1236 561 352
1275 2634 359
3255 2782 978
8 3099 753
1467 3317 680
3575 765 583
4 3431 820
3260 3676 960
1444 3652 933
2978 602 721
291 2072 653
825 2648 941
1130 2353 988
1112 2825 447
2143 3351 308
1177 452 987
737 2685 413
1321 717 493
383 1677 146
641 3047 418
917 1183 264
3354 434 274
3476 2913 32
67 3103 428
1816 826 499
1807 226 933
813 2884 970
939 2321 594
2343 948 64
2764 3486 501
628 2563 354
1939 3318 779
2293 1429 348
2337 2049 755
3341 213 906
1661 1413 185
2984 858 587
2642 3388 895
1154 2951 409
676 2381 623
1128 745 359
1924 3502 301
38 2755 574
1804 3028 363
554 468 512
550 2264 739
3227 613 2
1459 142 668
1831 783 61
3475 3445 449
2707 366 598
1038 877 256
1324 186 865
273 2046 340
3416 1118 909
2787 7 854
181 387 706
2976 76 720
1107 960 453
2493 1399 626
1953 2004 100
1413 411 90
3635 1446 751
481 252 106
1097 3262 419
831 1649 6
1362 3330 982
1229 2990 588
2038 719 501
788 797 290
749 3265 363
1361 3095 546
2966 138 518
2663 2449 327
3479 1118 926
393 802 748
1774 1001 558
602 623 472
1891 3432 272
762 1245 440
777 3387 6
539 302 130
3517 106 901
734 1481 625
1317 3096 384
1193 1770 208
74 3519 15
1411 998 929
2743 3226 589
589 695 120
162 2318 110
3190 921 452
2786 334 432
598 1311 598
2395 1407 883
735 2346 498
1049 1960 952
2783 976 549
3535 2300 402
1326 2204 688
42 1284 36
184 11 220
545 504 119
1795 1315 933
446 2447 759
757 2139 108
3670 1850 994
3010 1280 884
515 418 524
1787 3626 28
3671 718 196
1865 2448 235
2917 2178 467
3056 134 725
3283 1625 659
2167 2751 631
1881 3456 330
2417 1514 200
2898 831 73
227 1925 537
225 3640 399
1298 2191 785
3069 1771 135
362 1592 466
1098 2969 922
535 1073 687
2481 2610 537
1650 1821 887
1536 887 481
2679 655 499
379 2612 732
1609 621 240
166 3338 435
767 3427 25
3522 3104 970
874 1784 259
677 888 110
3245 972 367
3208 3395 77
1604 235 864
24 3258 85
658 2670 217
3179 1797 569
3652 2731 328
147 1012 338
1981 1760 549
3631 1956 771
1840 1115 384
1477 903 897
3342 489 489
2590 2910 71
1606 451 244
2576 2035 214
2960 2968 894
2344 1175 935
2721 2268 18
3095 1394 757
1464 2078 56
742 1627 911
808 647 468
663 1243 824
590 1454 348
1542 1018 845
2358 982 145
1087 2065 382
893 3120 813
2051 574 486
1632 1130 896
1247 260 191
2023 952 628
1039 3109 708
1651 1878 490
1280 1838 757
3615 915 828
566 1328 866
300 3130 860
942 1313 573
