2900 5390
639 812 542
1637 193 505
311 2065 850
892 885 385
1652 946 511
254 320 884
1620 658 392
266 2511 883
1958 1676 133
1688 1139 957
1277 2599 663
1955 623 327
2001 2626 423
2128 1315 200
1997 1652 52
489 148 708
1954 146 971
412 1610 689
1157 16 644
942 2826 626
1225 2882 928
2273 2496 313
2887 2067 829
2668 2144 779
2176 1581 33
1621 2801 927
2706 1488 534
1555 1265 599
1519 561 796
700 91 406
328 1541 938
1223 1342 779
2458 1892 138
1990 267 353
488 187 827
1390 10 430
1685 2873 81
1469 2494 400
268 838 786
2756 1071 113
1992 1586 253
1740 700 198
96 141 707
1734 2418 617
277 1208 868
1292 916 8
168 2622 406
2497 2554 796
2039 1692 24
2580 417 484
775 746 848
1785 505 109
42 438 383
2746 762 436
2373 180 368
1062 17 237
1582 172 894
1777 757 669
2183 1357 47
2466 2535 494
2466 2276 253
1364 329 561
775 2647 583
2795 2615 494
1788 1830 483
1632 713 133
2622 474 237
808 626 118
394 21 633
2170 377 784
2335 1825 114
204 301 221
1964 2501 628
1642 1217 961
498 1998 67
2648 2830 438
1182 2259 971
1128 1890 252
658 67 441
2231 933 921
362 1190 480
252 1845 745
1828 2885 59
2868 2187 57
2190 393 75
1242 1510 249
743 210 607
2023 2480 35
2008 2110 98
55 2802 749
1098 2042 681
2056 11 286
2771 910 820
192 1969 564
2382 1690 603
2258 2368 853
538 2106 116
1720 210 258
473 1658 83
508 1191 405
120 2318 451
0 1090 792
1792 2869 315
2607 943 956
2055 441 606
1916 776 820
1260 807 178
23 2158 760
710 2270 966
2149 480 198
2812 1571 776
991 714 232
294 1275 782
184 547 635
1816 1744 823
379 1514 738
305 924 543
1405 1866 627
2826 622 806
1621 2736 513
2290 1078 398
1520 95 410
1478 1137 80
2366 2306 850
2613 2573 375
2229 2316 596
2544 2774 593
2548 293 210
1463 199 130
2298 624 938
2553 1710 9
2630 1897 463
779 2273 899
300 2740 980
2232 1121 738
1311 496 481
1479 2433 232
2147 1690 458
2230 1364 740
2403 106 324
350 338 803
695 2238 43
949 2698 361
151 838 892
1551 1291 47
2339 1754 153
1899 2248 730
1184 1739 716
2571 1685 790
576 2822 286
1254 1488 136
659 1661 420
2188 561 328
2196 1693 760
2113 446 944
1712 772 837
105 2327 160
1797 1653 133
1365 1431 855
1950 2314 180
1223 2362 705
934 1309 635
1655 1162 228
1351 1901 136
2574 977 837
657 1796 391
238 20 387
581 188 913
746 382 613
1783 1555 15
308 2459 493
797 452 318
2637 1705 484
1756 825 238
299 1356 942
1796 547 9
2882 372 662
39 1060 252
93 2555 255
1665 1245 59
1763 2742 62
154 1624 672
854 2780 539
1317 2899 119
711 1787 876
1943 1092 963
1238 1828 317
910 2252 365
2739 187 501
1968 2876 370
946 9 63
1050 1447 76
2191 307 252
1000 481 887
2841 715 486
1695 563 316
2359 917 941
2199 2036 174
987 2248 105
2658 1235 94
184 2311 634
2663 2183 799
1311 1555 570
1573 2322 322
2153 2881 279
2871 860 148
2146 1441 588
1167 247 332
1745 76 288
1758 623 649
1546 1112 275
2078 142 59
2587 1934 665
2748 1290 939
2423 190 9
2148 1153 183
1486 235 933
1468 1451 295
1969 2887 668
2167 1222 940
2187 1337 928
157 1041 192
287 1464 782
1126 2272 888
1914 2325 695
100 2674 204
1592 1216 549
1602 846 975
1060 2327 119
411 914 84
627 2239 394
2425 1416 607
123 517 859
25 789 990
541 1965 726
151 2700 356
2248 652 910
1297 987 97
2227 2880 334
2327 1008 793
342 335 432
2617 2120 693
2415 1896 48
1093 2458 599
617 1869 573
337 1743 948
600 2890 663
1934 481 359
2557 898 984
737 1951 465
1905 748 696
2372 1660 584
2373 445 919
192 1701 139
1995 407 783
649 289 348
1412 2265 543
1610 715 294
2616 2021 645
2699 559 636
706 1775 648
304 1926 438
1996 890 976
566 2873 773
217 1188 75
732 1239 121
739 1771 149
2134 1791 727
2387 76 79
1864 730 577
665 663 10
1851 2236 706
53 203 611
125 643 666
114 1986 868
372 2874 685
1581 339 181
2137 2875 366
874 1824 528
1909 2538 459
1969 2695 560
1813 441 611
616 2150 46
2765 2051 59
2156 676 580
2173 871 750
1779 1304 96
1179 2622 155
1458 2343 672
2273 2051 391
1405 2879 200
2367 2597 225
281 51 402
1383 1450 912
1221 121 296
229 1149 87
1521 2492 270
2651 115 83
1678 1488 36
851 2722 673
1286 2268 332
1103 574 791
1377 973 762
386 1477 285
2144 2826 84
168 32 814
1564 1547 178
1583 1529 911
2697 689 196
1121 835 174
2460 579 818
1099 2860 384
525 2280 826
1499 158 811
549 2186 281
849 25 242
1693 596 173
1965 1812 262
1382 1385 915
296 1303 729
962 2810 85
1123 719 412
104 1889 252
1713 1944 688
2708 2452 234
1083 2836 773
2396 480 230
646 2856 502
1436 524 657
784 2661 672
2660 2121 94
1778 1398 573
2008 1020 491
2839 886 471
1519 2889 299
809 457 806
349 2704 752
603 1946 36
2113 1470 119
1772 1000 155
2143 2785 984
2324 1398 408
1543 1361 279
1754 2863 305
633 2271 42
16 853 556
240 659 877
2305 126 193
1188 1243 820
896 946 86
849 2544 5
2736 2364 115
1902 767 682
1935 1678 554
1891 484 844
1754 1530 71
884 2295 484
2209 779 794
805 139 501
2826 1346 392
1781 572 480
2045 203 12
587 2273 279
1622 1399 198
2711 2761 775
1923 2806 791
1230 612 833
585 1694 736
1875 1487 586
2830 638 360
710 779 374
1493 679 259
789 597 444
339 1144 192
394 2532 268
2573 319 43
1173 148 746
1181 925 906
773 393 422
1592 1717 476
1193 1976 239
1969 2611 476
287 1807 850
2795 557 44
1770 1714 173
2724 2394 124
111 2099 101
2238 2612 8
2685 839 413
1779 2879 707
710 902 723
2783 1343 256
2180 2850 814
63 2419 755
801 1293 995
2136 1112 57
1497 793 907
2840 987 969
1594 2299 496
2663 1494 759
2427 1993 447
2593 1956 143
1485 1363 259
2018 1169 364
669 932 420
2225 2482 641
2054 1197 660
1500 2504 361
566 605 233
2560 1361 97
1040 1453 536
1227 1119 14
2848 1395 881
36 1670 545
625 2051 349
1226 1182 464
1936 1910 175
231 125 302
2805 2851 642
829 153 656
2647 1192 359
84 1789 228
388 549 602
2131 2695 963
2569 2240 152
462 315 865
1536 1516 583
1787 1781 67
2019 134 557
1929 940 33
1445 2760 643
1961 176 576
1340 30 491
743 1688 339
460 2693 58
1401 2510 570
2747 1270 684
283 1082 183
2150 281 189
2532 1018 935
1147 487 681
1526 998 878
929 1066 240
1538 1123 421
1604 396 38
790 800 316
638 224 268
908 892 692
1162 1472 470
672 1712 60
419 1407 911
138 858 3
1718 962 47
1589 2452 976
1945 2084 311
2153 2418 284
1420 2599 737
874 844 883
434 2598 862
1780 2883 614
1289 2426 880
1498 2137 557
2204 2292 800
305 2875 486
1514 283 793
1930 1405 802
449 2642 600
2208 2647 17
241 2663 280
611 295 696
603 2170 97
1335 2289 706
1444 661 878
2763 1080 115
2092 2809 505
2277 498 748
594 476 601
2370 248 703
2187 2162 761
2889 1697 844
1559 1108 846
151 2223 842
1303 1975 312
1810 1086 189
2245 1753 154
108 2876 483
9 1730 77
2405 1625 552
1382 1490 870
67 2169 771
1845 2416 76
463 2806 543
1434 895 456
2652 2182 503
1565 899 81
1550 1677 157
637 992 973
1825 492 295
685 2825 24
1315 728 653
1333 836 276
1572 786 278
1648 1061 685
471 1833 845
725 1501 773
2343 2334 206
1625 785 552
2639 2431 246
638 2345 840
668 254 159
1236 337 585
229 162 906
892 1581 499
341 2046 700
1715 2364 441
2016 2315 450
1142 606 610
433 2190 763
911 269 826
323 2894 890
1298 1074 778
1129 1673 839
2175 1773 894
931 1873 698
767 844 736
2198 2212 571
1680 308 442
1508 2737 770
337 2069 684
1843 1361 998
1849 894 550
1820 52 530
580 2539 803
819 956 677
138 2386 285
2151 2599 165
2531 2108 682
1066 902 218
1760 238 215
2137 1931 833
1156 2737 182
73 1490 631
548 2113 511
1808 1655 77
2455 1476 103
1447 2140 63
2805 581 647
1893 1693 310
1107 2371 693
2851 2152 890
2252 2335 208
1632 414 934
2637 2859 290
904 223 2
2118 582 638
586 1416 979
1248 378 126
729 790 7
2132 533 41
496 19 457
1383 2385 210
1917 1220 915
2059 1262 791
1720 1948 324
522 2670 747
826 2178 59
2085 1017 845
1719 2489 677
2033 1070 256
167 2282 299
2658 449 876
1586 1898 631
2191 2603 15
952 1873 933
2843 1665 777
1818 2357 214
2118 1700 17
2524 1743 85
2027 2794 518
1433 1009 324
1596 2394 437
2602 2384 444
1195 1998 980
2202 2833 593
2337 1868 945
1968 2772 64
433 1186 746
2581 1141 197
465 123 221
1988 2460 85
394 1917 896
704 975 652
2866 117 58
2724 565 178
733 1212 893
754 407 439
2243 28 15
2497 2716 418
1724 1569 520
343 1700 817
187 1658 644
2496 1083 301
1397 2541 347
2603 2391 37
456 1783 791
1914 1245 538
682 743 497
1744 258 619
2793 1855 91
515 2673 284
2015 532 104
687 1694 850
1375 574 80
1515 134 503
2041 2100 954
1651 1923 998
2292 586 444
2592 1768 285
1767 1609 102
575 677 854
646 1025 145
251 1962 993
2645 1171 612
138 2292 450
267 2085 536
2290 1083 311
350 13 750
760 1933 742
2162 2201 163
167 2352 990
2240 2132 171
1663 1880 302
1754 2169 945
1260 1432 260
1282 1503 838
2012 614 216
947 501 498
1926 1325 629
837 2686 708
1305 1807 279
146 519 449
816 1634 327
1991 847 723
756 2605 66
1746 831 528
1013 960 301
249 694 462
1058 693 90
1870 1501 183
74 1598 486
2026 2224 541
2166 2295 529
2742 2694 286
787 1101 113
2034 2117 217
2716 1936 972
213 1824 506
2020 579 871
2221 300 278
443 348 719
44 685 844
1724 228 365
1112 1025 642
915 74 944
1853 1262 547
1574 1999 781
53 774 259
2796 1796 242
1168 677 140
449 722 672
1255 2409 726
1804 181 975
2263 2460 568
1506 1196 290
797 809 490
2752 2426 730
1626 1909 323
1980 512 746
24 316 691
1159 537 448
633 2024 533
1048 940 269
1717 594 882
1839 356 265
2410 2028 16
2743 1912 798
353 745 355
1148 1854 880
2735 303 465
702 2853 917
1284 1714 759
2219 2185 68
2193 1272 476
297 1755 937
2796 2815 633
2744 628 673
2112 602 832
1695 1374 938
1839 1354 757
180 1893 608
1971 1276 825
1438 2074 136
169 221 130
2836 2430 838
1951 2471 275
179 141 906
1092 989 489
2494 2544 588
1399 2065 219
1173 2681 196
1397 2822 126
1506 964 588
2063 2812 450
479 2152 784
1456 2124 244
1937 1651 980
698 2830 443
616 1656 383
648 1793 189
917 2882 825
940 1289 987
276 1361 453
1506 1306 671
2411 263 18
1741 2546 928
1253 705 254
1909 1644 76
1853 435 951
2680 2673 641
656 2310 145
2174 2872 408
460 2640 965
1411 1612 621
345 304 264
778 519 366
1534 2320 25
2107 2224 871
537 794 257
1927 1592 620
1815 1123 5
1553 1925 446
2551 1264 781
1089 412 267
19 1819 899
855 2729 995
92 1223 714
2806 1401 708
1013 2754 380
2726 1348 923
2133 1887 694
1502 1451 365
2500 2552 460
285 499 556
2486 475 587
2074 1812 754
2872 656 973
2748 172 364
2436 1087 874
139 2654 862
2198 2028 198
2375 851 109
1535 1519 53
179 1855 169
584 2561 63
681 407 316
2203 2696 869
2790 1857 780
803 1321 419
1829 1491 336
1549 2547 301
1756 1640 376
379 2269 66
1359 499 807
211 2687 409
648 401 102
1691 636 240
182 338 12
757 2457 47
1209 2030 152
139 2353 686
2033 179 196
1474 167 720
2797 0 733
1535 1264 452
2488 2233 272
1043 2378 235
2294 40 730
1261 1856 153
2325 1301 268
1351 924 343
2281 1546 836
1403 1673 849
131 483 485
2365 2637 250
1879 256 899
403 2846 441
1837 1684 946
2403 587 75
1139 1460 409
2175 2035 856
2583 891 969
911 2628 129
294 2812 648
2481 2359 181
518 2026 346
668 604 557
1033 2603 210
985 128 112
2122 1188 424
2387 1553 483
1564 205 315
2690 1437 270
2817 425 562
2556 2203 145
1597 164 82
24 2702 870
2124 1387 257
33 2603 969
1097 2352 517
1043 1364 826
2589 2125 468
1386 1880 993
2544 2276 322
1480 2427 84
1752 2669 400
1738 2635 645
1932 1802 186
1733 220 614
1315 1279 283
906 631 893
2894 400 608
687 1064 453
1805 2205 750
2435 989 113
2081 37 281
274 1371 474
170 1478 506
1567 331 789
468 2389 212
44 2020 894
129 755 747
386 900 506
2743 2649 505
2459 1217 392
540 220 161
2258 1656 44
2419 2335 927
1233 10 757
10 2804 526
1210 1058 170
1399 389 726
658 179 220
976 1648 857
1999 2795 381
507 424 620
1021 2307 348
1860 1095 456
706 1954 400
2275 1321 890
1316 2285 964
1342 536 923
1151 2531 160
2658 13 543
1374 2426 677
1269 2176 77
765 833 849
980 1822 133
374 1301 727
1707 2435 965
1675 2022 13
1342 2058 257
1234 2350 374
2782 590 514
1841 2595 209
1898 1923 703
2382 518 376
2263 1015 237
2305 557 494
2471 101 769
1648 2533 429
324 1357 9
1256 799 728
2595 85 769
782 1122 267
534 94 293
2573 1110 367
239 1174 389
943 2647 724
1321 1267 793
2064 2542 561
1705 706 952
2442 2513 517
2083 2360 854
2434 2084 376
1609 178 704
840 856 413
605 2553 399
645 2301 221
2249 144 538
1984 2756 743
941 1929 438
952 1243 816
1227 1411 906
606 384 221
2690 1798 969
1134 1175 779
1821 1289 440
738 1428 954
21 1722 971
196 1522 170
664 1601 597
396 881 315
1272 1073 230
1977 2033 1
2035 2811 739
2838 2709 563
2034 2191 853
29 1400 491
891 2446 170
1037 1437 105
2110 94 584
726 695 466
876 2116 807
2487 1499 31
634 169 864
148 1564 128
2431 357 992
217 1857 120
1552 1384 410
2511 969 969
2383 2454 844
1521 1525 278
251 712 33
563 2257 947
494 1909 198
1029 284 94
2144 370 155
152 2199 515
480 279 64
1572 2178 162
768 585 997
648 1131 750
1219 1849 261
1585 2043 922
2577 2621 258
1546 2381 200
1990 872 111
691 1991 975
965 2748 726
41 1649 396
88 1596 47
1810 600 973
1152 1135 952
2103 1373 673
258 652 420
2053 1868 316
2651 2685 838
2644 1442 717
2773 225 587
1153 2435 98
2530 1660 18
2415 2228 730
2522 96 717
2781 115 631
2862 2025 114
2811 485 818
1600 482 263
1253 1448 534
1400 1684 557
794 5 607
2119 288 723
688 1744 868
1934 2380 976
960 1461 931
1075 1811 805
1028 1667 183
120 761 944
2660 1107 849
2444 1219 409
1328 460 61
1779 1536 42
636 2286 607
1942 875 192
156 1587 815
2881 1791 366
1506 1811 145
229 2413 625
1010 643 625
2574 1599 130
346 1658 251
410 1357 917
1969 2089 976
500 702 274
1652 2744 467
1562 1623 411
771 1791 320
1262 1503 60
613 405 744
612 2695 123
2856 1903 360
1922 2569 906
2042 2735 395
1318 1680 566
513 2163 923
2500 772 960
864 2523 632
896 2813 907
751 2669 93
308 604 685
1213 907 33
2797 781 989
986 1477 127
2180 1538 710
2735 1058 888
2068 2893 737
2503 464 65
1059 594 974
2009 1298 711
2199 196 388
1022 1077 114
1430 103 129
1979 2796 701
443 2038 473
475 1230 61
1125 386 95
2400 499 303
1491 174 433
2392 1705 299
2255 942 301
1652 799 970
1671 2356 988
1340 2004 680
2403 1288 951
534 2555 97
1885 2872 940
580 1631 117
2710 1391 218
1357 1257 263
2148 661 321
868 1130 321
693 2767 341
602 281 186
1621 1652 304
117 2142 867
2176 1192 775
2345 821 418
2178 1256 357
965 933 815
206 111 187
786 1658 253
863 1312 16
2603 534 827
1856 2301 472
1471 1269 432
628 745 428
1177 348 678
2541 932 524
1413 446 412
2205 674 307
560 1640 861
988 530 664
360 2127 779
532 1413 734
875 265 763
1642 539 151
484 1957 958
2312 183 290
1141 1091 100
1591 2755 688
2586 431 237
1184 420 92
2466 516 701
1407 1410 747
658 2648 610
1876 2255 117
1644 406 171
1842 142 591
2655 307 34
1513 190 873
1227 84 653
1160 995 26
1250 1403 888
2428 1405 402
2243 1325 408
1924 1941 809
1009 2244 40
1900 260 986
54 2122 606
2009 519 198
2789 1112 878
1040 2382 374
1902 2148 603
274 2103 337
1942 1583 632
2128 1466 887
956 2825 93
2307 755 759
2666 879 927
2280 2461 698
2739 892 709
1080 1019 359
2879 2562 445
47 1275 528
2317 1380 224
2467 2257 556
1287 2145 596
1902 2292 552
1704 2430 572
2279 2402 716
2104 1221 155
2317 1405 577
1862 856 296
2431 2130 358
1689 2680 749
336 1176 700
250 1018 925
2734 1036 401
2513 1674 848
2795 2472 407
1534 1576 154
995 1663 945
1574 2871 911
1488 1935 861
2139 1494 599
854 761 572
617 2669 853
2442 166 177
388 1299 840
102 336 810
997 2703 455
1107 1307 594
407 1117 613
998 83 924
801 2261 668
1554 2036 769
357 2499 83
1228 2495 371
2148 584 387
611 439 854
737 1757 922
1079 665 16
1160 2406 18
297 798 985
2177 1833 260
982 2847 787
1671 2594 807
698 324 908
1194 1090 533
193 1780 909
1867 1241 293
590 1497 190
2125 714 388
173 1890 48
2013 185 285
2873 443 292
1171 1545 6
521 2565 109
57 912 526
987 511 505
2189 265 210
1108 2293 573
21 318 298
450 5 693
949 1919 702
30 2155 537
771 668 14
1440 540 826
1922 127 580
2406 2772 340
1389 2325 574
731 1744 626
1303 2712 881
2706 2028 497
1204 1682 243
1205 1821 484
872 1006 899
785 1471 606
2872 1969 674
665 2025 62
1252 849 494
2879 2819 303
828 2739 91
2357 1131 397
2659 68 595
991 1134 831
1518 643 466
2111 1449 872
2277 1922 164
1306 2782 881
755 313 942
2582 2296 531
2688 842 551
1804 151 668
2758 2508 28
1925 2781 992
764 1605 109
1515 1280 492
2526 1428 175
1807 1491 384
776 1601 439
281 858 973
873 267 678
2334 1072 616
109 1750 813
623 58 346
267 2033 58
434 2566 239
103 621 788
513 2246 691
416 749 74
191 2096 388
2383 446 730
990 32 741
2028 8 349
987 2782 534
29 2614 1000
1087 912 315
1089 2465 380
146 1410 203
2402 2245 940
2823 1776 602
1259 142 538
2104 108 667
1962 1498 354
1478 2113 402
991 313 785
197 1321 629
1777 1204 318
832 188 359
2841 1020 474
1923 832 959
2780 1698 375
322 1703 535
1757 1251 408
2561 2239 852
1603 2584 434
2264 1039 694
1022 676 562
888 201 342
314 2233 48
2817 1827 997
579 474 531
2151 2037 788
637 721 743
1310 2831 33
758 2542 928
661 330 6
542 2704 673
1611 475 191
1206 1179 574
847 2316 747
2461 1377 764
225 635 589
1060 1461 693
2036 2416 404
1834 797 655
995 1316 259
274 1612 261
1780 2169 874
1767 2095 660
1432 641 512
2589 600 139
569 2881 3
793 2296 272
120 431 89
2470 189 753
1398 1035 323
2579 2609 459
2543 91 843
1760 2102 943
226 422 221
1073 2294 493
2829 1519 57
1117 2647 674
2361 1002 745
739 2839 63
1785 2700 545
1602 2123 520
170 1718 56
1725 1230 634
2578 1060 872
2161 2800 492
1188 27 148
1783 1831 543
824 1347 998
506 753 132
2583 2013 283
1468 483 563
854 756 68
930 1627 757
975 336 923
1516 2015 741
844 1954 225
1069 596 440
1140 1233 943
547 2353 15
1048 2112 156
2730 637 915
1342 2795 80
603 2062 710
2440 2130 660
1409 2404 31
1965 1272 1000
185 2820 607
1150 1378 242
301 1985 105
2121 1765 552
2433 2532 711
1905 148 447
2849 706 736
1494 2376 514
440 1316 190
241 1839 858
1937 157 970
594 534 944
972 718 144
2444 2368 569
738 459 299
1425 605 252
860 2443 129
827 428 321
2810 1896 875
1299 794 858
2398 375 948
1812 863 232
917 1717 915
501 1171 57
2522 2772 39
1908 508 863
122 863 268
401 2728 927
199 1879 381
45 2001 148
1366 1664 556
516 97 874
593 2363 680
663 1587 805
2785 2848 302
2627 1402 739
1566 263 251
1380 785 585
2850 403 733
1063 2210 862
1338 2234 897
2055 1023 768
400 2078 781
1485 2661 269
1696 362 541
2485 1083 754
567 230 925
157 2245 723
730 1879 757
1110 2041 117
1964 531 349
2742 712 741
17 724 412
403 728 672
2634 1506 473
2640 2317 275
2214 732 964
1222 1679 284
1962 2558 87
2220 728 253
2853 567 438
2824 190 969
1698 1576 347
1684 1992 864
1061 1431 151
2892 1831 446
2567 320 372
2087 1172 176
1759 837 439
1044 1333 938
301 2647 322
2766 1686 97
2848 1736 224
792 2737 159
948 775 103
1850 617 278
2662 337 920
138 2102 390
2637 1506 224
1267 1673 908
1019 2278 196
2112 371 557
1242 2030 982
806 1497 207
1382 1786 131
2710 1773 604
947 807 877
976 2513 530
991 1779 523
2361 247 743
162 223 896
953 435 852
479 2306 451
1279 2587 646
6 2044 935
1488 2684 398
1517 2116 493
2169 1622 656
1088 1992 375
885 1207 371
207 1673 175
1865 1003 973
699 665 564
434 1390 39
2692 1934 950
1608 1628 298
2831 1428 750
435 1649 752
1815 2044 814
1508 519 175
2109 483 917
276 1285 202
1621 2800 290
76 1326 924
29 2367 354
1929 218 773
2601 1768 995
1754 151 402
1545 1645 44
14 1404 273
1098 1699 47
146 2210 325
202 66 356
1221 2203 307
2657 1497 857
2156 1991 431
1377 2794 333
2709 246 736
993 1990 800
1311 2675 943
2384 2677 436
113 2116 198
2067 84 47
1585 1695 432
1223 885 479
529 1699 723
1276 236 439
1860 2330 910
2563 292 501
837 2613 838
1154 1206 252
2111 2897 754
790 1910 955
192 928 962
2882 993 681
410 2461 854
809 2871 310
1317 1534 833
2438 1658 745
2601 972 701
791 1743 82
957 818 998
2506 1182 661
2111 1028 201
982 427 757
1213 2867 883
673 1736 844
2827 2738 576
1483 2828 505
2550 1494 890
2601 45 84
1905 1795 480
2212 2207 837
1239 2438 135
831 1413 531
1602 481 646
2534 587 607
2707 569 419
1879 1350 552
1270 409 102
465 776 248
521 2106 372
296 992 812
206 96 660
1529 2046 356
314 2420 568
737 1090 39
1863 1832 593
1250 1246 780
1552 265 257
1892 1053 906
1971 242 752
2653 1317 250
1721 867 875
1990 1903 848
1086 855 192
2045 645 9
495 1112 218
1741 790 416
1870 1576 652
517 2489 262
2412 929 663
1294 2741 556
1131 1497 222
1190 1110 671
1447 158 449
671 293 374
497 2206 994
187 1912 799
937 1952 849
692 1513 821
245 433 503
2401 604 419
2409 904 878
245 869 355
1971 1552 95
2509 675 148
443 2620 824
1994 1641 808
1422 1797 286
1936 2592 338
1752 1952 896
668 401 864
2710 2804 817
2072 1263 553
2147 363 285
332 34 389
475 2240 14
1769 2678 579
537 2624 835
1873 111 497
779 649 353
2899 513 785
2567 2549 836
2454 2174 932
1329 59 270
950 2786 231
2229 475 121
1278 27 102
1254 656 954
142 191 564
2738 1444 266
1478 2523 560
1238 852 172
1687 1216 691
2711 2689 609
1108 323 524
1248 1606 105
766 833 977
170 1663 813
1689 295 791
2479 30 484
1403 29 267
1327 1814 875
1237 2729 288
2404 1602 363
2599 2614 251
963 2206 40
1372 2854 599
2408 2582 518
792 1192 335
217 651 426
1678 1284 155
139 530 634
1027 2441 622
1106 2015 597
551 592 65
2424 2798 236
2218 2894 432
1017 2129 201
2545 2072 237
2257 1225 169
1616 2241 937
2883 1069 321
870 2097 911
1771 251 130
2603 571 682
1949 191 799
1327 2574 53
2786 1048 596
2641 2113 205
2692 2775 628
1555 1748 784
1330 2628 501
2175 304 995
507 1664 445
2840 1570 462
1262 2808 602
1114 2077 355
1404 1636 623
2344 2305 938
419 1347 692
2296 1212 473
497 507 915
1872 909 346
2538 369 619
2687 1876 88
357 638 45
2644 1351 542
1255 1865 259
353 259 798
1191 1545 607
2607 2300 1000
2545 2328 523
1165 2132 555
2508 1970 916
1289 2308 910
2099 2893 364
2621 6 590
333 378 727
1291 1395 841
1461 1240 678
1061 354 100
912 1690 201
2122 2792 392
1372 2538 637
1720 414 710
847 2141 842
1809 1379 477
384 703 650
1054 364 806
1079 2140 480
2729 1118 403
607 2084 118
1271 1001 917
1651 1475 763
691 1341 818
1276 744 512
1299 1594 668
1245 1808 722
2697 972 79
1575 890 736
2691 269 365
2227 514 166
1785 1573 188
1251 2701 588
619 1982 606
44 2365 773
1412 1410 560
1030 452 751
29 2557 266
1193 2725 626
2123 2029 707
932 2357 553
1555 2324 700
483 117 768
2848 243 778
984 889 137
1437 2255 264
234 2709 374
1651 1509 347
2445 169 447
699 1996 464
1451 1356 133
2672 2325 509
929 65 941
1266 2537 399
329 1136 221
2238 1953 254
132 906 141
350 547 998
1266 2656 670
31 309 177
1474 2426 822
839 1456 314
2461 397 227
2667 1538 707
1523 2136 312
2133 2454 334
311 2441 937
337 2012 993
2389 2893 638
1942 2812 714
1743 1924 358
1209 2621 345
1041 1579 99
1150 944 103
308 664 789
264 2662 67
966 2825 476
2872 2638 149
1274 2401 438
1016 2863 211
435 1060 117
2544 83 892
1093 1802 539
208 2602 245
2355 1469 791
25 526 548
2493 1248 885
38 488 580
455 951 862
936 1488 369
507 2401 230
596 739 399
2362 1996 577
1399 155 351
1142 933 225
596 217 2
405 1517 547
0 2329 70
79 613 292
2522 247 686
286 2012 326
946 91 498
1714 1108 46
977 527 53
2626 2878 926
311 2681 969
2316 339 331
546 2899 566
1315 1337 451
2211 485 762
1290 892 949
1821 710 816
184 1255 736
37 2407 607
2677 2060 269
629 37 205
1435 2741 672
1844 249 823
1309 655 328
2351 1515 374
637 184 576
498 2008 650
320 2485 198
302 2535 790
1886 2850 423
77 1508 418
1456 2454 332
934 755 837
685 1501 1
1386 2505 115
1633 1934 241
2718 617 2
588 952 987
267 213 918
465 1404 702
1085 250 733
1944 647 776
2085 1507 576
226 1510 727
1666 1395 47
190 994 298
2759 2538 386
438 883 519
1669 733 800
1913 958 596
1607 1952 764
2542 1100 41
2647 2278 36
1973 2040 443
1207 477 700
548 180 489
752 809 225
1842 1031 677
2335 915 77
2015 690 233
2723 407 857
1891 2009 529
2510 349 534
2400 2857 544
658 739 264
1110 2162 494
366 1156 552
2863 2165 582
1353 1364 906
2032 1382 424
1147 1227 579
2762 1453 179
2563 459 547
1354 468 580
1820 2723 126
1123 2129 749
964 1943 795
1331 1856 908
2537 1646 521
97 2069 584
2402 2133 941
1070 225 61
1345 2000 17
1672 1135 17
190 321 364
559 1615 581
726 1840 759
2857 2075 852
142 2379 305
22 2682 898
883 1930 925
381 894 765
433 2856 933
2743 1636 286
1906 2767 222
2707 874 794
1395 2809 6
1065 218 230
1133 266 914
213 880 477
436 2086 241
800 309 201
2788 1333 299
1892 2134 399
1940 1733 196
2614 383 317
165 927 327
955 2464 425
2497 753 413
1022 166 669
963 1673 931
2609 2854 221
1121 2813 516
938 588 679
847 789 696
1432 341 402
1002 758 505
2191 1670 521
837 2868 612
690 589 622
200 2125 290
2140 907 547
2679 2564 295
1677 2859 364
1599 2683 973
2248 425 287
493 1817 545
523 419 429
1795 1838 973
418 2268 373
2662 2721 317
1754 2400 571
1453 2741 179
1731 254 627
1131 2327 252
1130 519 384
2403 2768 676
1422 2343 545
1351 1425 521
2769 1978 414
2848 711 50
1580 717 274
374 1030 332
613 1719 193
2633 1730 161
2870 1104 998
2142 2355 37
1641 2134 512
1684 2173 367
520 169 636
679 1746 495
2286 1293 329
1167 2349 280
837 2516 988
1115 1853 719
1636 1858 211
1689 978 805
1706 2133 515
2251 897 112
1657 2174 493
2314 1418 480
2189 772 399
1754 2243 260
1095 2213 259
1278 1059 293
189 2445 386
88 2824 849
2102 557 794
2185 985 367
2791 368 603
2822 2729 774
1073 9 506
2140 2839 789
2560 1416 279
6 1470 96
2017 2872 705
1007 1320 352
658 799 950
1877 1356 213
2560 974 895
471 918 419
1498 1099 201
2634 1990 941
529 2571 907
439 498 231
1745 1380 762
1897 701 232
697 2027 157
2236 2027 634
467 127 868
2492 1681 8
1010 847 726
870 644 362
1809 2638 936
560 2159 844
1247 2415 339
434 2278 498
2442 2246 857
1935 1506 798
2363 783 504
110 1296 889
1161 2390 254
459 525 178
2496 1087 559
1143 1938 642
2798 2877 687
2767 2669 60
1665 699 551
1075 2437 397
678 1307 91
57 1686 460
2777 1485 466
2406 349 561
98 109 829
152 628 872
1847 624 840
220 638 443
2888 952 295
595 2009 847
2409 574 216
1914 148 695
1017 1708 998
2076 1466 638
932 1013 533
289 2025 801
535 1355 492
1020 2626 1
1715 529 389
1265 1189 455
2267 2488 789
1508 1063 671
85 1190 277
845 396 470
1079 1029 656
638 1411 706
2202 1418 202
968 633 118
1186 1806 103
2836 2367 882
2497 962 921
2164 2876 876
1562 919 721
1933 1504 718
1639 1431 342
719 1214 948
1535 1286 708
1743 1167 22
247 1243 850
1857 2585 336
2261 2406 312
2185 1108 744
2743 2647 478
2189 2403 112
243 1084 502
1671 2072 181
1665 900 445
1480 688 271
843 65 968
1007 1638 734
226 1505 254
2855 295 711
2383 2896 361
1783 2583 881
2600 2057 248
1963 1702 377
2551 1694 812
413 46 82
1770 936 342
2052 455 852
57 1195 330
1191 336 512
2597 2789 706
251 1143 57
1945 1499 213
241 2762 958
1047 975 559
2830 665 480
773 2651 897
589 2192 826
435 1833 63
271 1660 857
5 464 538
1382 254 494
2541 1809 348
2712 2122 850
530 1530 703
308 2006 681
255 1145 18
1442 1190 913
1665 1310 702
536 1593 840
1621 1262 962
1460 214 782
2007 2805 193
1480 2864 870
928 1164 898
2831 1241 736
1523 2035 246
1794 995 158
788 1050 897
2473 2439 241
1502 381 300
762 275 73
2693 1759 943
2236 919 407
757 2172 497
1642 1101 489
188 191 913
1853 2139 353
1409 1628 80
583 775 640
522 421 474
1057 1439 364
1940 2796 223
1482 1312 302
2723 1586 726
2587 1015 921
1836 1224 446
721 789 38
2116 1831 929
116 2750 139
517 793 67
2696 1234 171
1540 527 669
2152 157 793
2537 2580 211
1110 152 420
365 328 209
2783 2442 477
808 1478 162
2797 412 193
1586 1428 797
1197 1723 896
1694 708 915
2827 1118 577
481 828 523
42 435 84
712 1892 722
412 1384 482
2386 1397 95
1993 1878 997
2606 1925 486
1301 2304 789
1216 2248 192
1612 589 779
2082 2012 844
938 485 755
1870 349 503
50 648 447
807 2711 591
2128 1037 632
2290 70 37
2857 2277 785
1862 2874 75
2078 1254 730
2650 1150 410
1296 1963 347
2563 2633 576
715 2305 350
767 464 8
1925 1877 846
2493 2622 988
621 2567 752
941 382 583
2398 2653 622
1935 2028 744
508 1911 821
1269 509 146
1574 2315 163
814 2621 996
429 1411 830
1587 307 471
2103 787 885
2212 2493 151
1215 515 819
705 1105 100
1368 807 340
1919 227 270
1677 609 522
1929 945 845
953 795 410
463 598 53
2071 698 443
175 1451 410
447 659 615
985 1793 51
342 2272 482
471 797 990
455 978 793
2340 623 63
1025 904 912
2226 217 75
645 2709 629
2128 451 536
1126 2048 854
740 20 202
2190 1167 637
2023 1536 242
643 638 567
2733 385 672
1712 196 439
209 1117 892
627 118 633
2360 2299 515
794 554 263
2211 1324 406
369 1519 408
365 2864 642
2228 1072 265
2826 793 687
1924 2888 391
181 2303 890
2425 1915 878
1970 1567 901
868 2156 324
794 2429 965
340 1814 833
278 2694 261
1261 180 767
1264 961 733
2097 1409 54
2157 1279 322
369 2460 710
2154 990 455
2236 2634 55
903 521 714
2173 761 41
2740 18 932
108 2776 972
2789 1957 683
2278 1577 805
642 2528 825
271 862 845
927 526 980
2634 94 959
2192 1442 711
1430 2460 702
1316 2264 951
951 201 767
1368 2426 566
1449 1920 959
1676 2559 597
2658 1731 958
2594 2468 947
2216 1747 342
1758 1126 106
2332 442 949
782 453 8
692 1 19
441 714 910
2622 562 540
97 2186 203
1494 496 222
361 1237 589
208 1132 68
1511 2275 871
2610 785 952
1099 1117 686
1813 2264 282
2508 2556 855
625 2655 28
2594 1762 151
1746 814 233
1702 707 594
1280 1748 617
2165 611 594
2813 298 883
2636 256 521
2639 1419 143
302 543 320
2244 1085 531
2262 2734 548
1455 169 82
65 335 434
323 185 954
2023 2042 347
2892 1249 654
2130 837 536
819 2818 332
1569 1210 217
2281 2222 184
1453 2847 739
1302 367 870
2101 2868 67
1494 2447 830
2672 1596 701
1760 947 927
733 2869 407
1767 577 220
856 1009 104
1243 1432 624
1185 2297 576
2795 2458 747
1769 1177 907
1327 1162 585
1166 1686 95
2330 2175 320
2871 353 448
1812 1650 210
2463 1517 635
1537 748 125
1517 2241 162
2654 1463 139
799 600 777
2841 1676 966
605 2875 204
2432 1778 40
409 634 496
1104 2372 419
1559 2002 420
525 326 900
2574 813 348
337 2305 366
468 335 38
2784 174 553
928 2043 651
2633 2294 882
410 65 949
858 2274 74
2500 2671 940
2870 1411 383
1921 1855 620
1858 2429 205
1850 367 563
2615 1380 405
1130 1179 258
1581 1857 528
14 2679 666
1755 2442 252
2137 10 955
216 43 63
519 1397 475
1621 116 684
197 304 819
1907 442 696
2496 97 712
2676 292 495
1739 2510 222
2204 355 419
423 1176 988
1900 1800 520
2611 913 530
2014 1862 897
2497 1573 787
892 2283 223
744 629 685
864 2347 448
1031 1099 741
468 2417 916
12 452 322
2294 1193 480
1224 1198 17
1176 1927 397
440 1354 878
2274 796 422
2297 984 356
2066 2541 541
1369 1451 593
1363 1446 544
388 2276 226
702 328 139
2796 1647 581
1952 2410 13
368 2102 986
1909 148 948
2514 2686 274
2712 1114 428
2609 2057 681
1491 880 841
1827 1038 717
1415 2011 702
888 1659 326
2033 1829 841
1796 100 250
556 1307 870
490 891 480
1128 568 335
581 9 452
295 1319 595
1968 2893 306
736 29 954
1149 1755 853
636 2446 358
1325 2113 810
812 2373 388
2062 1597 497
188 1065 211
874 1489 120
573 2694 712
691 1987 716
983 651 484
2545 1986 153
2642 2568 988
957 1677 341
1373 917 496
506 498 648
2313 1158 439
2720 92 7
155 2480 554
2443 104 862
1113 590 518
1825 1072 428
850 430 133
566 1959 246
511 1971 46
1745 2737 357
2182 1434 621
1441 269 247
3 921 702
2451 2270 345
1164 1699 297
1897 2424 535
2315 175 222
923 2825 568
1454 2458 380
2117 22 737
2851 80 512
995 1607 748
745 2709 427
2447 1078 131
1324 2763 975
448 25 141
247 2876 880
2033 1887 94
2251 38 229
2627 1491 518
374 714 700
2482 2140 603
2626 1314 455
1037 1485 264
263 1831 395
2523 2610 527
811 1646 356
97 214 170
1580 2439 881
2817 2067 739
1249 911 137
1115 1338 834
2615 165 442
2489 769 862
1930 1183 53
1385 1760 529
265 1518 401
2419 22 583
1076 2436 939
2875 1681 21
1213 2899 757
124 914 740
2651 892 738
2500 708 57
1201 348 173
1724 399 567
946 1633 526
2322 705 962
295 2584 733
623 896 146
810 2441 126
1695 199 861
1666 1753 763
338 2134 199
871 720 891
821 2444 631
1877 686 70
2103 287 533
2802 1413 405
243 2619 151
1165 2620 524
158 2534 566
300 1485 427
243 570 398
1932 796 943
1125 1383 158
2323 538 903
972 2190 176
2471 787 588
2204 2765 438
2360 2471 644
210 1269 955
252 2895 290
1333 2066 949
1804 1749 22
1726 2814 957
1925 2389 882
1935 606 128
2399 2361 84
928 2824 698
1882 372 224
1587 2733 424
2683 954 892
2395 2160 787
1541 2697 821
2257 1755 313
2346 379 180
18 1 835
281 1958 663
457 662 490
1196 465 16
169 916 860
2808 793 47
185 1767 503
2319 883 804
1777 750 95
2519 785 958
1067 1729 533
1972 2843 968
2818 2598 584
1813 2360 973
164 1087 45
1828 2077 483
58 1926 273
404 1960 350
940 521 177
1397 1627 767
2198 545 158
112 109 99
1961 2672 124
351 24 375
24 2459 390
2344 2880 162
426 2803 330
1807 1442 351
481 1455 873
682 2442 322
497 2510 968
1726 2135 488
323 1730 925
71 1276 863
2354 2605 615
1646 1741 694
2879 925 404
1898 2538 301
1256 2412 553
1387 1821 744
828 668 169
1756 2012 827
2674 582 870
2541 2730 923
1578 313 495
856 2396 414
2655 2553 616
2355 2654 76
758 1002 82
1192 1239 552
1814 559 625
1980 966 208
2060 854 976
1466 1055 996
1840 2839 495
926 2125 579
1612 1023 912
137 1845 592
701 2055 461
1228 1854 473
2716 73 604
2434 2429 527
1390 193 594
1795 64 524
2710 2275 737
2324 185 992
2721 840 223
1009 650 546
1665 2053 963
33 436 144
1107 593 88
1071 92 922
1240 1301 655
2053 749 801
1463 1724 102
250 1650 276
626 1502 337
1048 572 276
656 2626 363
2661 2371 826
2119 1467 28
2752 2674 825
2857 2751 452
226 2262 23
1845 461 48
757 2428 257
529 2545 181
1346 1172 923
2396 2832 517
1762 1529 93
2487 1372 509
131 174 720
447 2296 639
2225 861 398
1815 442 177
2102 827 139
2227 2404 851
2278 682 89
642 2524 878
1029 987 426
467 2496 350
1238 1839 965
297 303 129
2867 211 79
690 1165 190
1895 1644 780
37 2888 288
2515 200 791
2073 1582 320
593 832 83
2493 2101 194
607 2095 386
2232 414 49
264 1938 607
1732 2603 603
1327 2399 335
387 896 617
2335 1191 29
168 2285 322
1034 2170 35
827 75 865
1437 650 189
1687 355 261
1556 2286 670
1212 2456 222
886 202 988
245 244 235
1106 111 491
1911 377 943
863 725 155
2686 2753 49
2554 1087 538
1316 1491 384
2056 1394 96
1392 1632 358
1164 494 331
569 2384 634
763 761 8
148 1701 385
155 672 113
2335 780 658
558 1874 287
164 1072 506
693 702 816
90 1595 934
0 2224 581
1811 512 269
495 1728 581
2168 413 127
1365 2188 942
2601 2191 754
2031 717 57
1930 1909 552
1012 2835 45
632 736 393
1955 2653 593
1094 1827 869
198 2313 541
1436 1411 163
2303 2013 278
1446 2205 536
1058 2124 996
2244 763 404
1556 2313 804
1626 1758 142
1280 2869 213
1354 1762 652
1514 177 881
1346 1430 870
1155 2768 722
608 1801 188
1736 906 524
1279 2717 202
52 45 676
326 666 573
2145 316 983
1876 1894 822
1868 730 160
2331 2865 316
1750 482 51
1970 1944 902
1854 1085 302
2419 795 233
2879 1996 423
2684 2049 734
1753 1135 144
2639 307 750
940 1201 292
117 1756 33
65 1814 805
804 1327 909
590 2355 720
1943 2318 867
2227 1333 648
2160 2813 74
2587 2182 782
1620 2343 490
2594 1073 232
935 2568 591
1807 357 702
701 2175 32
1341 745 166
1470 2385 318
1464 118 134
667 2892 92
2374 2335 6
1754 1580 816
1065 1522 420
1079 135 79
2341 2494 691
1495 236 748
1756 413 295
2338 228 147
599 1339 251
108 2806 603
2674 804 241
1410 1474 598
1614 372 187
1666 779 232
2759 1828 412
701 2148 453
558 260 359
269 2308 29
1006 1003 206
1714 1070 724
1974 1410 682
2447 812 304
867 1782 738
1946 440 738
301 1513 373
885 1986 779
257 2065 501
1529 267 770
736 588 447
2417 96 378
1081 1191 82
1714 1345 941
2729 1812 217
1426 1724 127
449 483 771
2282 2426 651
2173 1626 235
1343 2750 394
1132 121 547
2593 1321 201
384 169 207
1182 1274 44
1470 1971 325
383 416 933
1483 2524 265
2876 397 818
1456 1759 851
2113 41 485
310 1068 377
802 583 230
2108 1352 956
2880 1998 750
1171 1673 222
2804 1940 377
2704 693 630
2652 1437 161
2662 115 424
1839 2444 908
564 430 491
635 2013 65
776 10 577
513 947 509
105 2383 116
608 2325 912
2049 905 464
1624 1075 775
1812 1935 823
902 2287 39
2650 344 67
1731 2142 777
2784 1370 21
1494 2560 228
1288 1032 679
709 161 913
509 2848 885
512 2574 895
2406 917 30
34 2704 497
1775 225 639
2459 2115 358
2197 1493 878
1456 2542 782
79 1710 318
2693 34 559
2526 340 16
2683 1000 801
721 2746 597
2234 2665 756
1249 2460 285
328 1342 575
2651 2110 76
2306 1839 392
386 413 184
1231 574 467
2413 2848 600
2297 2175 41
630 646 905
2761 1030 18
522 2387 765
1278 813 919
1335 1843 271
2592 1461 942
639 2735 168
980 972 641
2620 2059 495
1975 1954 308
451 47 646
1521 718 519
1316 1250 423
1818 889 272
2891 1600 378
38 2040 626
194 2504 713
1911 355 112
2720 2778 711
1972 2894 65
844 409 94
28 1469 366
1760 2890 539
1584 2784 165
2737 2458 191
2893 824 486
2190 2867 876
582 603 173
1992 102 465
2813 621 279
2137 1674 298
925 2567 916
1551 2890 182
85 2856 486
552 710 504
7 474 22
1336 2586 484
2137 395 685
1764 189 801
1077 997 659
1072 2812 508
1890 2037 882
1179 572 83
549 1210 731
2754 455 631
382 1444 540
2278 1194 98
2878 2411 336
1970 1169 567
1531 1505 440
414 1295 36
1834 1598 689
948 1866 545
788 1834 985
1599 2253 28
1534 2739 186
2707 1725 740
1033 2063 126
1278 2268 910
1901 1643 946
64 2369 976
834 411 301
2737 2595 423
2892 830 726
2132 2294 316
2687 2321 485
401 908 269
2465 2352 858
2082 2579 189
482 1875 793
1236 560 2
399 680 366
2279 2211 127
2488 2062 247
1365 1496 745
272 2712 853
606 2767 795
2257 200 488
1166 308 210
1687 2689 433
789 935 277
231 1444 674
841 941 80
1202 302 723
46 34 415
1042 2269 113
1311 2087 357
1845 1165 151
467 28 422
1330 2466 220
2274 618 879
1968 717 236
1485 1459 328
2035 2700 90
2645 45 513
2062 455 722
1531 1157 352
2413 2009 261
1938 1241 216
2783 1457 149
1859 589 166
964 1006 63
791 2440 81
580 1044 438
202 1329 575
758 1149 936
794 686 683
383 418 506
2546 1172 518
908 2290 161
2337 2277 742
1389 480 355
2258 2162 349
1657 360 506
1562 1181 561
1205 2810 450
102 2661 771
798 1499 952
1064 1440 288
2011 2186 366
456 828 778
2418 1789 482
1274 1719 658
2502 1786 663
1915 1406 709
1562 478 914
177 1017 398
495 1047 516
2090 1828 404
1653 1896 888
2606 1546 21
1069 2239 764
2209 2031 844
69 2180 602
2874 2720 608
1915 1450 480
1332 1429 199
2787 2475 535
2405 2259 559
338 2473 118
129 709 604
2298 1474 898
885 1223 219
2176 2796 640
946 1807 676
1959 1870 68
880 1810 176
1734 954 11
936 2190 306
216 1263 234
1511 2787 987
2205 2567 13
2555 1860 301
42 2552 229
2447 125 836
1260 1150 55
2094 2227 492
2525 2275 952
1484 491 409
1627 265 33
2046 1674 469
260 583 172
21 2670 239
2116 2663 419
799 1479 43
1124 4 854
279 2557 725
2211 2441 31
315 1164 83
62 111 730
851 2549 391
1156 1805 764
144 2546 418
2591 2280 440
1995 1016 163
1484 268 239
876 1165 334
1701 128 788
448 344 636
678 854 443
2356 2159 343
2633 1511 380
502 1689 425
871 1104 983
2727 2009 657
894 1839 738
1769 1512 353
2241 397 439
2654 471 16
707 1424 673
1456 1319 494
230 238 828
378 971 927
2573 289 67
1508 2137 835
1416 113 997
137 948 326
2682 2879 96
2175 587 251
250 2202 423
1705 494 910
1342 916 699
2711 406 207
453 1806 217
1065 1471 948
2063 835 815
1023 333 12
2890 64 433
950 2509 335
1105 1148 862
305 2291 767
492 1785 275
963 505 825
936 48 602
1686 965 386
203 2816 139
730 1158 535
2430 1946 951
1438 2344 208
1023 227 705
2444 1008 858
508 1539 9
400 336 109
345 2540 840
1801 349 935
2841 1918 479
2784 1127 965
1921 562 612
2810 1000 74
1873 2867 234
706 1677 824
980 260 711
2650 2705 109
624 1039 878
1986 2756 27
932 1536 678
360 1359 960
1003 1825 42
1014 832 945
1368 1563 499
2223 954 114
2301 2257 732
1104 2117 890
96 117 264
1506 1315 726
1001 521 147
2334 2041 593
666 1353 527
2124 2066 82
1334 157 33
2441 402 739
528 1725 723
1792 2335 970
2524 1313 196
1436 1718 731
1502 911 722
710 2576 658
2477 965 969
1970 1922 10
2039 1208 234
1460 2127 265
2505 928 292
1302 2281 627
1463 2451 980
260 2808 753
1330 2722 591
2155 1549 804
478 2215 682
1597 1307 707
2046 1736 846
2091 2709 112
2434 58 113
2306 1208 224
1975 200 308
2238 335 634
1468 2273 835
2492 2628 626
1268 1682 261
244 1741 555
1921 1917 956
2898 2527 634
1782 1940 616
2896 2454 76
1607 576 639
1685 2887 555
944 2865 191
285 821 599
2022 1145 988
1346 2729 884
2048 2561 406
715 1499 599
2255 2598 808
1096 467 556
1236 1435 349
2506 2687 144
400 1375 97
1230 1155 462
579 501 963
11 2556 312
1390 2505 781
2718 323 61
1758 2796 712
399 2690 548
11 2073 598
1059 2734 810
1106 392 85
2473 2421 296
219 404 44
2208 2602 624
1242 2830 140
1481 1703 69
823 1364 7
1229 783 769
1989 1781 895
1532 2790 454
1886 596 352
1445 1037 441
763 360 982
359 2207 454
2072 2537 11
2346 883 401
1135 2165 330
2071 1374 73
228 1276 843
2769 1732 519
1742 1355 576
1295 814 650
402 2776 490
2745 1651 498
1553 1034 236
217 2563 756
2751 609 699
1383 1306 386
175 1661 283
655 103 289
1725 489 654
2729 1535 572
2326 2350 756
2854 2143 512
2318 1188 743
2628 1731 868
2822 1949 163
721 117 452
440 870 700
2860 1357 971
2733 382 754
407 2740 214
239 292 250
1554 2200 825
2066 2673 366
108 1515 924
865 2815 523
1137 101 893
1208 2049 354
1651 2646 995
1216 133 542
1263 2497 303
722 2445 843
1709 1637 471
2029 2811 794
2859 2482 95
662 1663 680
2573 511 915
2656 2661 24
44 812 295
1399 1370 893
175 2113 228
831 2857 197
420 2442 132
988 146 340
1279 2357 55
2685 1861 401
971 523 194
546 2185 743
1760 722 394
1153 2228 583
2812 1608 398
470 1213 406
2727 761 48
2212 9 577
1590 601 438
2893 2585 377
1234 277 238
1252 60 751
1324 1513 499
1809 1876 73
998 843 250
2890 810 140
1146 2502 31
269 1417 256
128 2222 626
1598 1523 438
1908 2657 90
916 767 731
132 1376 954
2042 1399 496
197 642 519
2592 2452 424
2167 666 551
306 2813 734
2478 204 204
1730 592 169
1875 1022 961
396 2005 396
773 1613 655
1007 2787 941
814 1822 125
705 885 651
1473 2350 852
1494 1197 174
1452 2120 87
231 971 425
2083 1598 140
2323 883 836
1127 2033 350
2521 430 340
1903 2301 456
2768 2784 668
920 359 401
2137 315 819
2598 215 420
1883 2726 677
803 508 503
1645 600 905
823 2503 895
2029 853 960
261 341 436
2034 391 656
302 1047 310
250 442 746
807 2424 407
1109 2037 838
1300 2034 609
706 2893 888
1703 2302 713
83 770 38
1122 1269 350
1032 1889 119
162 45 255
1957 1294 725
1542 2781 354
2538 1117 543
1752 2130 568
1741 297 343
371 422 551
1969 1856 914
2049 179 89
481 1768 918
1577 1242 8
347 1104 846
861 348 181
1734 1696 127
1251 682 840
1503 2236 484
1203 2292 970
537 2195 657
2713 1250 801
2440 939 691
1540 2459 78
830 2019 842
1403 567 713
2794 1480 405
1322 134 193
2117 2774 888
1289 662 159
1531 247 756
2404 651 291
1934 2649 770
710 340 683
2530 115 130
1309 1323 878
628 597 768
1619 1058 676
551 2703 940
2249 1699 38
710 1161 158
2573 1503 460
214 968 337
1004 1544 492
2439 875 744
1114 2508 639
2129 832 235
2030 1455 353
2885 1760 50
669 2540 249
2222 1012 778
620 436 47
2250 843 447
329 129 398
1302 2512 609
517 1701 780
2151 2225 964
89 1839 11
1832 2572 430
737 484 527
1888 2115 745
2050 933 194
1541 2155 506
1403 1575 812
1685 2882 931
2221 1733 739
2397 1476 18
2507 2009 236
2234 2176 442
1433 514 174
1408 474 193
2026 1154 341
550 2069 233
2384 573 606
2780 214 492
1610 578 321
1404 1785 767
2371 399 280
1707 2472 880
874 1995 130
99 2145 713
2848 827 322
1275 433 835
2426 1498 538
8 1912 66
928 2044 144
2461 2483 85
2445 148 208
1689 2 393
2498 1506 48
240 2075 985
1320 2738 223
505 1576 693
58 2743 533
1885 930 261
608 931 200
1219 2897 768
668 129 377
1644 2277 307
1816 2117 223
1020 2695 636
1924 1287 124
1477 830 907
632 1916 354
1905 1250 774
274 2676 89
2237 2314 118
1433 2627 781
1091 1700 943
2296 1115 81
487 1248 904
2561 2729 428
1258 1957 185
2221 1998 232
2899 148 531
1853 228 111
2812 98 636
2298 474 875
2750 2626 371
419 2220 73
1364 1486 205
1319 2869 428
661 2196 706
2767 1829 811
2085 442 775
1263 2756 189
709 1214 122
441 1414 98
2506 65 930
1657 2199 985
1192 1733 329
2819 905 577
1389 2092 205
1315 470 705
1206 2295 325
1253 465 217
1847 1656 209
2242 1869 490
29 645 429
1262 34 61
2456 687 371
2868 2296 612
850 2292 856
456 2245 378
771 1097 93
2210 2574 150
1294 589 134
2776 1572 930
990 2446 2
1529 2089 413
2058 1348 160
2556 2605 17
1628 1681 436
2872 995 644
2596 2728 965
2061 2615 713
1727 308 588
1193 1687 734
851 1857 828
2628 1481 943
1692 1772 694
1085 1995 583
1269 1197 208
333 2524 912
1374 2177 839
1735 2611 954
2051 696 412
2231 1716 21
804 2702 436
2216 2595 556
1457 2631 579
1561 2691 308
1628 2899 456
2592 2650 582
109 72 107
2294 2162 920
2345 1996 1
2796 2570 800
576 775 415
2148 2617 608
1253 927 255
1320 2599 689
1120 245 839
318 358 372
80 1910 979
298 2845 563
1185 1386 686
475 2390 611
2676 2690 168
2029 850 20
697 2533 719
2440 1101 839
1640 556 233
1942 2251 35
68 846 316
2858 2854 299
2021 1598 924
2221 198 845
115 1362 811
858 146 393
98 3 721
2711 2738 822
2395 2044 78
1006 2604 663
326 1556 704
2400 2185 532
1928 2489 664
565 66 135
1656 48 556
546 1601 345
87 2523 10
1819 34 306
629 895 554
1053 1345 93
1057 1936 832
2012 1694 687
371 1259 172
1186 808 240
1628 1928 26
1313 1622 963
2776 1650 459
768 2733 866
980 1314 462
1794 2011 558
890 1392 835
555 1662 969
1287 627 907
344 1760 950
2256 579 608
362 1318 943
103 1837 737
1519 545 771
214 785 143
864 2562 326
181 2331 389
2500 265 960
391 1743 998
772 1469 601
2580 1343 833
2842 2774 610
2439 2856 972
1435 2304 496
1720 1178 296
599 2855 215
2113 2216 877
1455 2196 943
1788 408 247
2666 1593 493
334 1084 981
1042 462 468
2638 1912 384
200 1154 933
595 2103 294
1208 129 355
1032 2033 65
2456 2079 892
2897 2471 845
1454 1063 312
1278 2401 402
2468 627 277
415 682 494
1413 1535 273
1384 673 804
1758 1698 613
1471 1088 302
1435 1832 277
1863 1845 917
2011 2020 291
34 2713 921
2248 711 965
996 1224 768
2120 2490 634
1566 2293 874
1892 786 533
1558 1273 307
347 1254 334
1673 185 887
1893 1397 815
34 1855 745
265 1779 809
2495 832 623
410 2683 845
385 2087 438
2527 1436 584
1890 342 291
428 249 961
867 1392 993
1258 1386 254
1834 196 625
664 1143 91
2224 1539 923
640 302 595
2677 1275 575
2725 2331 855
22 2321 399
104 1889 881
77 1228 228
887 415 371
1303 1178 514
159 91 65
1737 10 567
2132 7 345
197 382 197
2290 516 14
2897 1703 483
1450 2801 648
1158 993 606
1672 1186 228
1593 227 1000
1239 2529 980
332 931 226
2189 424 29
1071 2611 94
1803 48 105
127 6 891
2867 1438 550
1377 2720 683
374 2556 941
2829 2113 332
1060 1395 7
2067 2283 610
1945 2746 982
1890 1586 111
1881 1428 871
557 2125 729
347 1964 18
2562 2149 733
961 1147 836
209 91 565
2215 86 678
657 1830 602
2865 2475 817
2105 227 733
1636 1342 837
145 1997 651
1803 1236 864
1162 2790 681
2037 1899 697
2770 1037 61
2631 1356 200
1313 498 390
2563 1337 688
1147 245 890
1058 2361 656
1497 2073 305
810 2548 941
1806 571 331
898 1746 538
2222 2484 220
1267 152 503
1631 339 277
639 1192 972
133 2094 481
2325 175 687
46 2781 857
596 1805 208
1309 1700 89
2306 1234 474
2891 2257 573
2062 2802 659
1099 2841 816
101 228 846
2182 1679 856
1137 1490 243
2190 2424 616
1946 1207 721
436 2426 238
1329 1191 618
1147 1823 696
1933 1553 725
958 1614 417
1792 483 328
1960 255 8
1474 2572 231
53 2426 783
367 1140 814
1570 722 747
2193 1499 414
726 2784 126
1279 2302 630
1201 689 912
2402 1662 240
1519 2735 978
1014 1114 462
1144 1643 414
1559 1896 856
2640 663 958
2498 689 83
2703 1611 939
70 2544 131
1140 1841 631
2441 1839 291
794 1941 192
2860 1110 826
856 639 392
2809 2110 620
2448 204 292
1047 872 401
2683 2155 587
1371 1519 241
128 716 347
1853 101 869
444 139 870
1496 1472 930
2311 396 114
1485 857 253
613 360 5
1655 2383 123
1519 252 848
1863 2167 519
2764 2149 186
981 342 430
1212 1875 731
1853 845 499
2724 2824 230
1307 2552 347
854 1783 981
184 2522 460
134 2784 586
41 1313 575
643 671 915
2761 2443 241
262 2837 703
1993 463 936
23 2675 402
2152 1947 611
1646 304 415
2420 881 358
438 2712 325
1276 292 129
2545 419 30
1694 1881 190
429 479 126
1349 316 760
65 2346 512
2729 1198 194
1050 270 471
2475 748 262
2271 1749 256
2082 2659 979
1822 1741 389
1912 1913 725
2112 1157 418
2844 2035 502
2241 2287 921
213 1157 891
959 2078 14
2530 2633 317
474 1099 852
1835 1649 55
1016 87 802
88 948 533
824 215 949
1688 1005 552
1448 1558 866
227 758 158
1749 2888 913
2609 2856 760
375 483 367
630 1731 863
2561 1979 679
786 919 798
2523 1535 450
1033 2457 216
2807 2690 126
2170 393 760
2693 2261 155
2872 133 498
1288 1935 533
2755 197 718
2204 2180 715
2830 2779 930
1197 2779 869
1581 2028 411
754 2865 746
1147 1060 955
128 2201 998
2898 1686 774
947 642 805
1176 2095 433
368 2769 204
2084 2564 742
2704 1721 560
375 1583 283
398 380 629
1119 2288 869
2583 2794 380
1247 1367 320
260 494 769
2156 2373 363
2469 271 934
250 1991 579
2316 246 758
948 1725 66
112 1225 900
2053 1031 90
1744 1099 654
1923 2785 177
695 589 364
934 314 744
2530 883 982
1704 1145 953
2712 2090 698
937 201 603
727 2261 629
1812 2681 213
1118 1677 46
1456 1254 784
87 2516 766
2675 588 519
1356 243 913
2801 1692 603
1664 1431 259
919 2268 269
201 482 202
2670 1721 963
1903 1622 63
958 959 938
2046 2655 993
676 856 907
368 2646 319
1776 293 888
1850 758 639
2474 1437 332
2612 2725 774
1353 1375 146
2273 1555 495
1305 435 719
2862 2800 570
1740 2436 816
1585 2714 110
1993 332 7
1472 2605 647
1031 222 579
2241 2673 859
1627 1740 843
60 1290 952
775 2872 800
328 1549 899
2134 1104 713
428 1365 245
2898 152 290
1803 2349 547
2428 1078 751
1942 1695 332
2261 2461 823
2343 126 635
1157 511 332
2345 536 959
584 2722 860
1969 577 636
2651 220 787
2425 536 886
853 850 612
2291 674 702
2801 1834 816
505 2403 946
860 1755 811
85 657 376
762 1424 332
2748 47 847
1821 325 136
678 1155 101
615 124 571
1221 1290 53
1980 1302 433
2362 2779 680
2433 1523 710
2057 120 386
1818 2761 664
1728 2561 739
2545 2130 723
427 1519 966
97 2028 243
1635 2304 386
1234 2543 32
2894 2087 892
1129 838 561
1577 1200 831
1084 1032 503
2280 258 856
1034 173 767
1153 406 506
2543 478 652
607 2580 819
2256 2017 267
108 1740 975
1267 457 178
2638 1044 624
246 1967 759
1696 1209 187
1372 2816 445
2026 2506 905
55 1105 110
457 2085 621
1286 1113 273
274 1710 578
1126 2396 893
2416 2559 813
1298 1268 727
2588 2234 120
1344 1711 176
1309 2632 588
2005 489 977
366 2759 887
2637 678 246
2116 161 456
1490 1496 979
461 1938 974
1308 2760 878
1225 1153 18
1631 1004 98
2802 2333 336
1688 1597 488
2570 500 494
2056 572 993
2075 1382 17
2871 1369 208
1797 44 6
652 262 231
1369 2010 698
435 2450 860
2775 73 788
1342 2826 253
1068 2671 282
2869 1204 38
1184 305 986
388 1572 460
399 419 739
1271 904 612
2065 1706 136
319 1033 420
2614 2316 205
208 971 829
1941 1811 121
430 2460 127
1391 2817 722
2373 589 894
1663 2883 866
805 2661 804
1398 1587 526
440 1030 715
1597 553 944
2050 1128 200
2889 1005 914
2766 2401 17
1826 262 285
2848 784 16
2035 2575 652
2748 1484 815
634 1613 776
1588 2434 585
775 894 829
2254 1156 564
753 764 670
324 1273 457
1134 524 273
2015 2218 707
2333 24 680
460 127 856
671 1372 116
2405 2214 859
1877 2739 627
888 1516 151
1480 1621 22
1949 996 331
74 930 430
144 1192 257
2166 1712 788
883 2709 697
200 1414 860
1170 1082 223
353 2264 761
2683 401 659
2322 900 22
2854 2115 437
1357 2477 25
624 236 327
71 1497 691
1688 1227 435
1097 2493 313
1315 2231 229
1603 2532 503
227 1633 54
2723 1422 78
705 577 916
1199 647 718
1891 1202 566
2061 2039 591
690 1462 458
2533 917 348
1213 2593 449
1043 135 417
1897 2594 452
1434 774 858
2060 655 717
2593 839 478
2588 391 236
253 1561 367
723 2196 684
2892 2548 265
337 154 34
102 655 9
2090 1483 31
178 2844 858
496 417 731
1228 2789 62
1749 681 990
1040 1390 938
1649 1544 391
121 64 540
783 689 103
16 2821 579
46 1345 22
1792 2546 833
725 1321 458
2247 1310 119
414 1573 961
1716 2796 911
1015 1038 222
1919 1491 714
381 1972 350
1552 2123 760
2465 1027 228
883 856 597
334 1497 892
1815 1503 547
2523 587 314
1357 1841 81
2755 656 439
435 380 816
1991 2552 435
2653 2394 486
800 1169 973
569 545 142
2280 2511 778
1369 1414 902
2028 258 911
176 358 670
1468 1523 534
39 1927 753
2818 2616 187
451 751 843
2226 911 279
224 1840 191
2703 1623 389
565 8 145
1286 1089 327
951 401 445
1890 469 390
2852 197 431
587 2243 605
1886 252 901
2888 2566 235
2054 1753 642
1211 2484 996
14 1160 934
894 350 616
2717 1899 472
2294 2516 185
148 2019 468
293 830 782
2206 1118 830
2316 1545 898
2349 437 13
1024 976 879
145 1532 702
1061 192 962
2366 2500 464
2094 219 753
2244 1501 801
267 2828 241
2741 1385 203
743 2208 520
1333 1038 13
2444 2563 25
1933 1268 184
1633 869 447
2305 1261 187
1418 1146 795
2521 2692 500
1928 239 774
1184 1414 703
231 2394 81
1521 661 237
799 2698 62
1171 1524 933
1814 945 981
1125 2279 927
2211 1800 442
470 281 165
1617 1562 831
2603 2637 914
2282 2038 997
1591 1696 707
410 2667 613
995 2026 26
2168 2377 578
335 1868 790
1884 2024 684
246 1797 365
2246 2073 400
1368 2663 867
1706 1109 827
412 1011 202
2696 869 523
1288 1573 397
483 2049 999
592 123 563
577 54 991
790 820 427
2493 1942 841
1847 1058 464
1962 577 911
1819 2573 150
1364 855 452
2156 1656 5
619 812 475
951 1044 501
1192 220 636
1327 1060 675
2138 613 856
2738 2717 559
1895 197 248
1220 591 360
1347 856 9
2490 174 165
1765 1764 993
508 1213 683
6 331 843
1555 1810 42
578 1221 283
563 2629 135
1052 1335 206
2702 1039 840
1938 397 601
1713 1870 482
1252 985 318
1707 1669 400
367 231 510
1811 1783 922
298 2339 249
266 2684 246
1632 1328 614
926 604 308
450 2126 227
2670 1304 926
714 2618 411
655 1296 322
2451 1570 605
558 2592 479
1012 1956 60
1374 815 271
843 2268 124
600 2020 642
2201 1356 784
2401 2249 953
2675 2271 318
295 791 95
1898 802 17
2663 2561 723
268 2494 318
855 837 597
554 1513 965
2603 144 549
1088 2210 47
145 719 885
2153 2465 502
980 1877 513
1324 2330 431
2311 1925 570
97 408 785
1476 1838 220
2164 748 915
1875 906 734
1533 1341 460
1009 2665 502
1833 1114 416
1640 1158 660
2552 2807 2
23 1685 31
695 354 273
2699 233 269
2438 594 433
447 2893 128
890 2546 604
1988 2332 2
1150 2781 27
2409 1551 218
230 1328 879
257 1129 189
1439 893 673
1234 643 926
1623 1586 703
1134 625 277
1809 2773 524
769 646 664
2867 130 24
213 581 524
1916 812 718
980 1101 146
2668 587 296
683 2242 382
2592 2019 902
1206 2326 10
655 204 166
79 678 281
881 260 201
1781 1890 1
867 1653 129
1641 2847 131
2463 689 980
2794 1047 520
491 2840 546
1768 2580 477
42 2593 959
2337 842 912
1338 1129 178
446 1219 562
2538 31 140
132 1721 390
1372 1087 344
274 1402 788
2129 2268 966
502 1182 999
2431 515 738
2881 1594 179
599 22 301
1425 1714 295
1017 1431 485
137 526 819
2004 926 70
1294 1838 665
60 2868 999
2423 1755 473
1605 2158 359
1793 1597 243
216 2720 105
1883 1539 522
100 718 185
546 267 576
2112 1632 785
2574 2732 408
270 1346 79
1058 946 730
632 1465 133
1343 1154 690
2356 2662 875
746 1657 420
1140 2891 180
1791 1693 391
843 2885 809
298 2311 209
1266 459 926
277 1831 422
2240 1519 259
2858 878 668
1743 934 908
2258 561 438
1759 2398 884
144 470 355
1680 176 321
187 1022 301
2707 812 265
1757 1854 449
2072 1005 503
1732 516 327
1772 819 537
1801 1345 352
138 1956 158
999 2635 21
2779 266 750
1935 1095 209
819 921 262
430 1440 223
1386 2152 573
822 1258 673
2669 261 950
22 1330 591
584 1780 376
2643 403 112
1124 2782 317
1191 928 333
1187 1824 867
1247 1453 568
2755 405 973
2777 1288 289
1185 1063 356
1312 2645 135
288 2242 831
749 2305 464
2889 54 148
1692 1597 26
1410 2010 65
1521 2429 678
1715 2477 91
1087 408 96
855 1158 475
973 1945 875
2112 184 392
795 2536 319
293 83 617
263 2464 78
1100 1328 182
2761 322 926
761 1134 635
1806 1107 340
1990 1721 811
1218 435 31
2183 764 816
1403 571 747
1534 2403 386
2424 2175 120
178 2384 504
1817 2446 487
1814 1285 729
412 627 630
568 821 392
1644 1972 767
1926 1887 510
1997 1676 917
1579 2834 968
1949 2647 926
1550 229 403
1027 2383 279
786 1064 256
2872 582 962
1398 970 480
117 922 448
2358 2620 665
1346 1454 34
798 1199 680
2525 1660 83
2189 2798 967
1755 1019 209
484 197 252
1172 609 60
2714 2190 100
805 514 274
2715 1759 877
1182 2629 794
404 2005 271
547 924 487
1322 812 174
388 1490 792
2257 1996 411
245 1007 274
541 2438 126
1195 1397 159
1691 1922 44
2112 273 462
2832 1611 755
2288 502 586
1361 796 179
2498 1089 571
2806 841 939
1184 2429 399
2052 2187 483
2464 666 181
2886 998 989
2014 2604 550
2185 2741 980
1116 632 856
513 2813 12
1893 1463 569
1279 2353 339
554 507 587
1500 1292 252
179 1940 79
326 1437 301
2735 2159 61
1512 1275 30
338 552 150
902 389 984
1502 1794 288
1724 854 47
476 1467 539
115 424 229
1417 300 408
2216 416 719
2876 2599 291
2677 1819 675
497 2396 597
1892 2236 720
704 2081 858
2676 2188 126
29 2163 537
1949 720 419
301 1256 930
2583 2612 794
1801 1635 422
93 564 457
1519 2533 657
875 2799 932
1878 919 754
418 1365 671
2896 2447 235
151 293 407
1986 2281 23
1010 942 984
1614 66 853
627 2129 850
2100 1422 287
2253 2726 756
1744 368 917
1468 2265 137
345 86 685
2626 2576 204
2079 826 719
787 2413 478
642 2288 310
495 1626 761
1682 79 161
2582 1380 419
1481 2332 221
241 7 440
425 2192 526
2068 2703 638
518 2128 702
540 1367 941
2664 201 824
219 2070 856
1747 816 482
2736 2535 497
2127 495 231
2417 1611 498
1985 1842 256
1322 1395 249
2123 2192 839
85 1811 975
102 911 565
1642 2619 244
939 807 119
349 1649 791
2133 809 602
2389 1515 89
385 361 108
1845 1081 254
1700 2545 27
1027 2383 659
2649 465 476
2293 1064 313
525 585 767
2031 647 658
1252 283 863
1080 2709 289
2532 487 147
1163 1461 96
1587 46 472
1681 2185 391
1397 1400 913
1744 825 212
54 1552 194
2248 2547 99
1283 1417 213
2810 2013 182
1015 1463 278
2675 2325 418
2555 2732 952
1137 1713 344
2483 854 441
1946 1471 898
2112 1259 213
604 2334 86
2196 1821 635
1717 526 60
1876 1769 145
2835 520 385
2407 2501 443
1693 1267 510
2613 566 479
1005 1544 774
2378 1497 990
1890 1567 627
2246 2323 744
2244 227 566
1674 1638 823
2036 1359 993
248 1123 985
541 2304 946
854 1535 226
1156 2228 942
185 188 815
1715 672 29
335 2781 545
446 2296 39
1374 1065 941
0 1347 502
924 2581 88
1630 2688 997
1534 1088 893
475 2385 96
242 2521 260
1492 522 349
2660 133 581
2189 116 536
1217 1260 518
213 631 364
2759 2792 984
103 2429 130
2507 2542 974
663 2602 861
1174 324 485
2673 826 24
2446 1288 403
1541 773 703
130 1745 853
169 161 121
1733 1341 463
1905 285 679
15 790 437
2176 1343 43
803 23 976
1112 94 726
1990 2648 435
939 1677 413
1551 273 723
1208 1288 232
1876 1592 93
645 1220 906
2165 2809 217
780 1156 993
342 715 364
1071 253 598
867 2870 972
512 1571 333
1978 2285 63
1764 1376 22
1025 2051 99
2388 1660 708
1197 756 276
1677 1741 32
1147 592 81
616 1319 654
1368 2884 801
1918 2341 175
2604 455 485
1310 1410 458
2392 2260 537
1100 2122 448
1739 1127 11
1037 732 423
2778 2738 873
619 971 150
1245 1413 920
1396 2001 380
24 2555 762
1358 2444 790
2238 2383 955
519 724 49
497 2886 672
337 1349 353
2843 871 159
734 217 730
777 2433 457
507 270 124
354 2736 837
917 610 980
785 1664 465
1754 2062 837
237 2348 336
1110 325 143
1183 1569 761
837 1222 245
676 1270 609
524 2033 823
2590 1656 607
2085 2205 900
2804 903 313
97 550 95
2536 943 408
1143 2702 750
697 2728 717
1489 2471 820
1801 590 259
1362 2018 336
441 2647 908
386 2663 187
2432 2802 823
1385 1892 142
2617 32 981
2391 419 552
1365 1720 900
993 2588 461
861 2826 676
1225 1539 187
2597 2697 942
2225 192 464
2447 1371 20
1825 1396 207
1426 1988 525
1218 1406 65
136 389 711
1487 803 49
416 2269 402
1806 94 574
874 1756 633
415 713 106
178 2405 412
1701 551 382
547 1102 99
2070 301 59
2082 267 320
920 77 623
2876 1893 483
1328 1263 492
1091 1122 822
1526 2702 797
1887 1783 865
1318 2338 255
493 885 775
960 1183 928
418 239 533
2695 2794 183
1363 656 396
1956 2331 139
1236 1192 446
712 1106 472
2893 1856 394
2739 1975 277
822 1144 532
1569 1277 850
1357 1747 217
409 617 126
1011 100 293
1871 2608 215
1644 2086 980
182 2149 80
2018 2631 741
2180 2858 469
1690 1500 682
1974 2134 967
733 869 134
1958 2607 681
1859 2540 418
581 2751 951
158 1129 360
2088 2544 153
366 703 229
906 47 944
1474 1399 611
2310 2284 581
1771 2415 901
2619 135 680
2542 2136 600
140 2545 283
1648 1596 108
155 14 606
1995 1979 190
639 1762 965
237 2278 415
567 34 959
583 2451 481
2193 2276 513
2166 2268 704
2165 1358 79
2189 1463 230
38 841 316
1639 1704 234
1447 2553 790
1018 1282 281
2620 2268 66
1407 2400 454
825 807 820
2721 2784 656
427 252 253
14 305 644
171 2619 634
949 713 41
6 1625 489
2188 1263 406
1451 679 246
2831 149 342
296 1216 249
2334 29 566
646 1237 731
522 2832 745
2790 355 760
984 2447 247
1989 3 899
2227 2389 827
658 2583 791
2418 1018 361
1986 1967 242
1346 1926 592
2528 458 8
1728 2815 197
2069 1137 361
1067 927 749
213 2830 732
2442 2565 976
1642 2660 692
1395 1749 250
1306 1977 238
1289 1437 21
805 2096 752
1047 2726 283
1227 1232 148
303 1575 26
1691 1242 604
2359 872 56
2578 422 238
786 952 796
1620 380 459
1393 1442 277
726 1509 941
2387 23 374
477 680 251
2492 1962 269
948 1696 707
951 2269 579
690 1320 830
275 1324 568
2598 1525 906
1239 1997 933
444 628 243
487 1688 324
167 1222 42
665 1916 646
2802 1870 351
2273 384 655
99 771 412
835 155 388
2188 2423 422
158 1377 147
2391 335 461
636 2495 57
99 1127 744
1604 1489 100
1865 1183 529
1675 1802 303
1879 2660 506
1998 1382 555
2739 508 789
591 2228 842
1261 1485 482
1384 2134 205
1142 2433 928
1573 2268 744
563 1922 486
1126 2567 198
339 1969 118
1673 170 107
931 2772 298
2484 1797 808
669 1556 385
132 2374 790
2601 166 596
1398 1690 377
2349 2473 557
35 2600 910
2179 2602 7
2065 594 513
2472 256 183
1245 2218 167
167 470 120
1265 774 936
1163 1430 27
2019 386 607
946 1747 536
2772 896 478
1485 1929 889
1505 1685 240
1324 821 718
36 144 125
2253 1507 746
1321 2745 342
219 2538 496
854 1749 602
859 2559 19
1264 565 288
518 181 479
930 1874 346
399 1382 430
1869 2159 595
1235 167 836
2426 1464 496
761 628 456
1366 2487 745
1421 284 395
195 2442 275
1651 1295 660
2371 1773 177
129 1268 690
1386 2113 140
424 1342 410
505 1583 224
2280 213 390
122 1146 454
1014 2139 276
2759 1351 84
2259 2437 427
714 1770 247
415 1326 286
2177 86 432
117 372 806
1947 2517 803
1302 1754 185
622 1406 715
1617 2480 313
2108 1099 296
1877 2595 876
901 1781 899
160 946 866
1254 2203 196
287 1522 694
1584 294 783
479 610 856
1980 1665 228
1617 1817 140
2563 1662 850
1648 1528 507
118 132 855
593 1074 210
1604 2065 403
2518 996 647
2878 1073 447
2859 2371 688
1817 1118 216
351 2139 301
1127 475 88
655 1241 556
2076 2876 306
2072 1416 222
2571 356 545
2492 1338 119
1839 354 212
64 2391 957
1190 1830 352
2000 886 942
2711 2784 317
2520 1594 120
1292 2875 651
553 512 638
1911 1074 989
2123 1949 403
2704 1927 985
2728 962 516
1770 1509 899
1126 1660 1
1070 664 64
2797 1503 336
333 75 724
2782 20 104
171 846 72
2199 2053 892
1280 2643 455
2249 1655 968
1721 1126 405
509 516 590
1764 895 878
1847 425 743
2762 2009 146
1934 229 847
2486 1387 559
560 472 957
2278 1723 617
2738 1950 534
580 1584 415
1540 868 31
1936 2466 24
1280 1234 293
520 1397 152
2655 1260 146
938 927 758
45 1040 678
2862 1994 201
193 1002 38
2326 153 484
1077 2705 795
1223 362 755
1037 2077 628
2677 665 239
2293 1891 704
2096 471 596
1982 2629 110
1166 1071 10
1964 1058 455
1361 2603 579
1807 1656 626
2232 1131 345
1283 2242 799
2462 2085 4
2850 571 170
2897 2567 904
17 674 944
1925 1043 93
1752 141 11
2024 1425 51
1499 516 319
1227 2758 118
1620 388 64
2559 1453 183
561 1298 961
2645 2051 680
394 2175 955
2294 666 982
2527 646 663
2114 1417 460
2599 1508 111
2894 58 217
2356 924 118
2650 1983 899
87 629 501
409 2523 134
705 2639 625
1478 1462 749
238 1554 617
2176 620 321
836 2473 325
1684 1253 746
299 1971 744
423 1950 416
2040 1483 703
2536 2581 574
2603 2345 577
1318 2305 935
1194 2585 421
456 1624 594
174 1116 301
1576 2071 306
2218 749 902
1256 1036 997
1442 2254 437
1318 2740 282
1964 2448 816
1349 2036 377
2866 302 310
2114 1383 327
2461 1346 814
2748 1880 953
313 1568 115
562 2145 28
1647 2142 611
2108 28 535
1200 1497 319
2761 332 489
277 2336 262
1401 2212 404
1844 1677 278
2191 2195 106
1053 2443 987
1893 2385 664
1158 2884 543
1625 2801 174
1215 844 859
2216 2475 969
2305 2759 808
2087 168 58
1570 990 792
1124 1510 88
1622 499 503
671 2317 284
275 1081 768
1928 44 727
1440 208 328
2736 1530 12
933 2529 5
2173 2402 391
638 2625 784
2721 1040 45
801 1792 582
639 375 692
2235 342 637
2272 762 898
10 284 540
2665 135 75
1681 272 943
2277 2510 340
6 2282 284
1840 1044 820
1458 1012 551
932 1540 576
937 1192 957
2367 307 337
1026 2400 395
539 6 686
194 1106 78
2369 666 184
2030 264 572
414 2099 445
884 988 462
521 601 229
2115 1841 876
1293 979 587
1354 685 929
981 1920 824
1812 248 951
2043 1348 145
2584 1044 667
437 2620 6
1147 192 469
1769 1811 475
1106 340 171
2063 542 67
977 2070 681
1742 1334 830
2206 2297 158
2217 749 939
2873 2614 137
506 2399 626
1895 2794 334
2824 271 537
410 172 930
1963 1958 920
405 2363 295
2192 1128 449
2882 2522 960
1032 159 366
797 59 333
2580 695 200
428 2653 255
110 2151 533
2157 2588 228
711 1530 908
2189 863 545
1480 1981 716
2383 1159 220
1965 2344 285
2372 2455 717
1762 1201 789
1372 1475 143
2505 482 386
1908 288 896
370 2077 775
1673 902 538
1249 2392 263
1395 2472 3
1579 804 620
2235 1286 990
2511 883 524
228 2052 264
2844 821 41
492 2890 233
2856 812 321
745 249 74
417 329 76
2572 2340 828
974 375 596
2792 306 505
2457 1525 424
770 257 227
1799 1385 125
1780 346 383
2159 2491 381
1901 513 796
977 880 944
813 667 842
631 811 419
2603 1009 245
1324 1821 738
2473 1196 886
1045 1449 925
733 2182 757
2008 2093 183
265 800 302
1377 374 523
888 1222 470
1399 2122 743
537 1207 231
2547 1549 880
1405 2642 366
509 1752 216
919 1441 81
2434 713 251
1013 1204 24
932 1884 518
115 1339 275
1468 897 882
2191 1865 266
1242 1032 638
2576 1881 882
1245 2616 889
1726 2370 396
977 725 658
2715 151 591
720 1579 657
1983 1387 979
2348 1979 871
1442 1952 458
2760 256 859
1001 761 608
2049 2535 674
1511 1241 982
2100 1901 300
1249 1178 42
2700 2287 593
1003 1788 450
33 1834 867
2609 1336 148
832 243 172
1498 2040 297
1905 1888 239
1543 426 467
2737 1152 132
1081 2865 184
2405 491 789
1598 906 471
2168 2715 548
2096 1089 482
1414 1752 533
462 1311 260
1979 1855 363
278 2726 521
1489 2108 708
462 432 365
1942 847 276
1879 2363 59
2403 1660 901
540 2460 493
2828 2643 676
1157 226 846
1583 62 761
80 320 330
1515 1206 673
2310 16 265
1555 20 831
374 2174 648
1943 98 700
1937 2628 505
2331 1273 957
678 256 599
1169 2364 469
28 2395 766
1243 282 852
2890 1621 185
452 2603 308
2123 41 328
1060 599 242
23 2470 347
285 2336 864
1780 2508 889
1761 2123 138
196 1424 709
127 2864 456
659 693 888
1868 1117 767
389 2730 385
54 1851 790
2633 680 815
2003 589 878
1640 1685 838
1433 320 939
676 266 57
1341 1919 145
1798 2355 199
125 2277 764
2386 1466 508
2374 2815 896
740 1027 588
2877 1449 28
1684 485 55
2763 2455 851
1605 46 763
952 2149 948
429 1999 952
144 2822 147
293 1236 99
1441 2733 837
1760 1767 982
2100 613 352
1769 2234 95
2593 2516 797
2559 2768 558
2766 2680 812
146 1020 187
740 2647 127
1155 1466 563
2567 2571 172
471 675 141
2130 1336 812
1589 848 847
2328 595 207
458 736 729
1595 670 743
2106 495 441
2038 2405 263
2878 2116 474
2716 2157 887
1434 147 770
2049 581 29
1541 1737 865
2400 1796 493
1655 1570 944
1416 2364 18
2029 2214 213
260 1658 877
1950 366 757
1136 948 529
2041 1147 615
626 342 993
2109 2745 933
509 349 649
2011 220 711
1651 2451 528
556 2233 891
986 2246 159
472 2526 672
911 565 165
280 470 728
2521 705 920
776 989 564
489 2006 468
2030 0 863
938 2645 564
595 317 556
1917 1833 982
225 417 56
85 1170 367
849 657 767
1262 2490 157
1864 2083 942
112 131 777
1459 1243 789
147 2439 43
1230 83 551
1203 77 563
1644 2891 198
1074 2404 601
2274 383 944
1721 2088 75
721 1091 810
591 892 910
1766 2030 874
1935 1017 257
2146 755 305
1841 223 854
1990 1433 464
1458 1938 562
1703 1528 877
1293 1141 222
676 2516 664
233 2382 457
1207 2133 933
2299 2794 307
1051 2239 322
2611 2189 56
164 1849 745
1758 1502 246
532 545 64
2283 1559 602
1577 2010 707
915 1782 284
209 1333 700
2475 1780 511
2149 1822 386
2090 1958 199
729 624 948
2354 502 302
97 940 640
2613 1115 366
532 1568 994
1660 2466 905
2146 1884 68
1379 265 117
323 2693 952
750 686 967
1182 2549 507
2557 2217 538
793 493 8
1695 2124 195
2003 1141 511
1623 418 124
2332 1438 857
2353 1512 77
1888 1343 442
1437 1642 593
2283 1060 213
890 1050 162
1799 2229 645
2152 2145 963
1033 1911 128
1308 18 133
1095 1520 49
373 51 87
562 2125 355
1104 2783 761
1116 2773 592
1814 442 684
2515 264 206
2103 1732 905
959 254 100
69 1776 835
984 2200 443
2653 803 207
372 1995 797
1545 1997 408
2071 1237 30
56 1242 318
1370 326 825
2607 1405 116
760 1515 522
2249 1046 940
2700 1718 916
419 1885 701
2371 1212 62
179 16 855
2670 1816 111
941 2227 292
1566 2116 286
1065 2204 155
1913 952 238
1887 2142 26
1047 1453 231
889 1619 501
985 500 578
2251 1512 615
2378 1167 234
787 1817 696
1128 1611 853
913 915 288
545 1472 577
2387 1406 98
447 1617 741
488 75 604
361 1693 367
513 1465 961
976 2050 201
1155 274 658
1570 31 840
463 2091 280
2872 1588 975
2517 1866 657
2084 701 801
277 2223 88
29 695 294
1397 2391 253
2880 2511 547
749 2215 341
256 381 839
1374 2205 770
2033 849 664
537 627 806
804 431 599
1407 2557 759
714 659 904
2182 2082 512
2113 2367 785
163 2360 441
573 1392 829
55 570 152
24 422 511
2697 2054 777
1972 1925 17
2303 2289 180
1174 1578 472
783 109 653
2373 2665 498
2212 1506 341
132 1330 379
2665 2178 96
456 1563 363
2689 1067 626
2187 1803 537
1697 1321 485
656 2616 179
627 924 860
2720 72 882
49 2801 998
2083 2282 595
724 1313 274
1598 2017 519
709 2722 829
2715 2851 504
2133 685 865
260 480 117
800 1906 996
2103 1064 640
1631 2431 233
2297 2544 794
2174 1480 431
731 381 672
1741 158 727
1161 1952 808
185 2589 515
1898 186 956
2177 1617 411
750 656 87
1081 1998 241
1174 851 288
1224 430 573
600 199 504
2465 1958 965
1886 937 523
2628 903 873
1146 2214 500
919 357 245
1394 1141 467
1157 695 716
1397 1117 740
2364 1401 31
1256 2875 378
1500 1738 482
2428 2072 122
2510 2297 914
478 2536 912
1437 1596 85
1370 2416 708
2398 249 712
1912 117 138
100 681 69
864 2004 458
2067 1116 406
2483 881 735
2899 742 535
2082 2583 893
653 77 57
657 1285 668
2026 2497 667
1568 472 488
2643 2701 678
653 982 629
783 1027 350
179 685 612
1864 55 117
1147 384 835
189 1399 560
183 2293 851
461 590 635
2584 2815 868
134 2627 571
2753 2845 623
436 1572 921
1104 2084 149
9 617 433
125 155 540
1380 1236 653
1352 377 261
1458 1092 81
2289 27 440
2394 822 172
1612 1201 611
1736 2021 30
1130 2490 923
1688 854 498
86 680 815
1184 2514 372
1864 352 722
1717 2307 431
861 35 77
2202 2731 600
2569 2565 398
689 2427 631
2329 1753 125
401 2535 235
1222 224 723
339 1364 765
2611 405 551
448 1594 819
2669 1497 971
969 438 52
23 1378 36
3 2612 278
2040 1674 456
615 2827 442
2550 1805 352
2099 356 11
1575 1425 129
200 1415 834
182 435 475
1303 2539 847
1070 1617 573
2715 1045 478
1216 1809 486
205 2731 905
1591 2198 219
250 1 319
1204 2450 34
2013 2356 523
2638 2235 27
2241 2821 138
1052 2415 900
173 2821 294
1775 148 454
86 879 511
68 337 540
1301 1105 449
1220 2104 816
1229 344 216
399 727 588
2541 401 278
1228 1129 590
1115 634 123
987 458 686
2462 247 712
1117 2394 179
1188 2096 166
2710 472 126
1786 1161 77
1477 739 246
18 951 373
1016 2829 782
2305 747 924
2021 1902 246
833 2602 338
610 441 632
1645 1255 627
2506 1665 310
560 1759 537
321 1315 941
1081 22 504
1981 1692 667
1254 509 189
1116 286 396
2723 1816 850
1120 587 203
1679 2077 204
808 767 446
111 1110 596
442 2309 304
898 465 363
2822 1771 470
584 1476 253
28 2242 202
913 2164 814
587 327 766
2290 2403 423
2516 1363 716
435 2745 951
1716 674 956
1598 2665 138
2643 1824 134
873 1704 306
1158 387 738
347 1015 828
389 1741 344
1024 965 218
797 2549 36
2506 1644 999
1081 1371 222
2496 1532 739
472 2719 765
109 2759 919
456 1927 48
2171 1181 644
1940 2096 114
1947 740 575
2846 2569 713
2060 319 344
2810 748 287
1384 192 47
1051 15 951
1938 746 857
756 121 240
57 2607 628
1645 703 979
1177 32 1000
1613 746 479
836 156 125
994 1191 631
2372 180 668
1185 1090 61
2882 35 141
2221 717 621
2530 1745 125
911 1537 291
2634 2767 818
1287 2116 599
64 1539 685
2285 2344 431
686 2403 105
2115 214 833
615 1469 579
2398 699 332
1404 2431 139
1016 1299 548
2048 1763 116
2893 784 649
1351 1956 569
1291 1043 204
