3300 6539
2977 1351 778
2332 2180 508
3078 348 385
1920 313 53
693 758 136
3030 1089 10
218 754 314
2187 80 901
2004 2791 786
1424 3275 942
2609 2200 978
38 1351 39
2327 2057 175
844 2555 365
703 921 802
241 1260 119
465 1400 469
1347 226 475
927 1565 592
1924 3049 628
2167 646 693
2941 1069 92
1703 385 916
122 1134 956
742 716 792
108 1255 357
1814 2422 61
1852 2374 103
549 309 786
1106 170 12
78 1051 972
2644 2366 597
1791 655 369
2538 1938 802
2018 919 643
1714 2090 123
785 2074 402
844 122 417
1200 489 994
661 2504 71
3112 3086 745
59 3113 720
50 2771 135
1088 2827 677
2049 1522 59
2756 1628 124
203 325 585
580 1693 954
3107 1652 193
267 931 786
2417 594 304
2934 1270 229
2249 216 251
1854 898 152
1259 491 756
2286 1093 949
2117 2828 927
912 2255 122
3221 476 864
1095 3065 629
1203 2550 669
78 3051 921
1680 545 610
3067 3145 348
2363 2057 985
223 1349 678
2265 161 400
2591 1916 25
1640 2434 236
1107 706 276
912 2809 913
1263 1841 883
190 1054 863
1034 891 68
694 1152 919
2744 975 190
19 3098 701
2017 2608 307
820 839 949
2607 1241 649
2453 1983 604
241 3015 374
2200 1818 322
1198 1941 484
51 2373 808
1742 1821 566
495 1784 281
2350 1355 222
1599 1835 804
1100 2310 343
77 3192 659
1983 1910 333
208 1212 326
3281 1389 739
3149 905 852
696 1670 590
998 1229 38
344 2013 917
518 2396 405
8 2552 852
2616 2362 338
427 99 352
715 2746 548
1387 123 965
125 2516 697
590 1336 630
2992 1613 645
1514 1204 783
2490 2773 715
2693 1856 252
532 1232 212
785 3154 521
3019 3175 722
1196 119 147
1284 2011 489
2466 1281 702
2793 1659 422
2213 1591 906
2612 1861 936
1800 229 124
85 922 603
816 302 768
3236 1305 67
2003 153 738
2112 1030 143
106 1749 303
205 3263 381
119 2502 744
343 3019 283
1817 403 443
2712 2143 86
1039 142 415
2366 2521 840
208 745 152
3297 1093 765
443 2655 961
2681 2031 987
1586 14 265
2825 681 134
3071 1797 275
462 490 399
2517 2151 893
3197 314 48
2071 1903 207
306 1891 886
709 861 717
3137 174 58
1304 224 630
567 2511 115
1195 2323 97
154 1913 683
485 2977 2
943 384 215
1245 928 457
2936 1926 556
1231 3008 544
1387 785 886
1188 2874 152
734 216 251
871 351 556
1751 172 77
1233 3213 779
2528 618 118
2910 817 375
2102 2481 555
2650 599 144
198 3254 1
2819 3287 835
1058 2979 833
980 3252 170
2939 1783 165
3281 1828 415
2651 2222 119
237 2521 505
611 625 574
1973 2753 285
1553 1899 773
2047 2870 655
1467 3060 512
2143 114 152
724 1500 298
2397 2730 814
2680 1517 183
1724 2273 595
375 2461 573
3187 1248 886
1812 1877 353
1359 2537 685
2693 1881 998
2645 272 706
2473 1896 120
1069 615 656
2965 2799 288
1448 2140 10
3219 829 569
565 1582 631
860 2136 966
2105 1009 300
677 952 812
2245 1557 663
493 516 830
3224 977 517
1819 2889 926
1790 2110 751
2621 1913 150
801 1963 453
432 76 290
2071 1806 945
1125 1912 338
1087 3214 934
3275 2867 872
2192 849 266
262 632 296
2933 2503 133
2399 2504 615
1279 1147 133
3052 2090 728
977 1098 250
2260 2573 862
1140 2000 674
1302 2090 187
1680 2580 114
1961 662 394
458 2493 342
2609 2420 631
580 1959 588
2038 2212 796
1778 569 380
740 791 44
1717 1999 921
1339 1423 569
819 244 401
1074 1371 879
1967 679 718
1470 266 998
690 338 70
2400 2243 713
54 772 859
2673 668 472
2776 3235 749
2469 777 442
2848 3244 598
1147 2673 541
2878 111 933
1355 1845 575
604 74 658
2715 2231 849
2728 3113 898
1211 1121 173
991 2310 834
2640 1950 223
2469 1095 918
1178 2796 858
1773 2017 483
1828 1626 467
1283 569 812
2948 1895 607
2826 2452 477
1803 1859 434
3043 361 602
2890 829 811
1182 3047 490
1427 1232 406
2399 1792 85
2468 2535 671
2104 1644 40
1683 290 385
1943 762 752
1668 471 178
1738 1880 49
917 33 300
1369 2113 503
510 1362 49
2567 122 435
2113 1736 763
2489 1100 168
1192 600 421
1594 24 66
1691 821 592
2944 2679 320
90 1524 208
3067 44 170
2553 3252 433
2190 8 714
1641 606 933
1191 1116 417
2471 1357 873
167 983 860
3062 1541 323
940 290 961
2160 1430 327
1779 2343 860
3110 56 238
233 818 572
179 175 246
1387 2905 656
2451 80 19
248 1421 440
818 377 617
143 2467 986
644 698 222
1386 592 507
706 1646 617
1002 211 809
2647 2779 346
144 2791 601
3116 2938 438
1869 526 620
2198 269 852
2075 1120 720
2132 3271 255
3179 1519 714
2157 2367 12
2746 2984 557
117 1651 960
2848 1011 517
2682 773 474
1356 1732 528
1406 2035 550
1468 3264 540
2921 841 809
2826 868 731
2148 1429 608
1407 1967 126
620 574 26
2940 1850 513
2184 2931 324
47 407 212
2439 566 271
651 2298 786
23 1063 612
1213 1620 248
2570 988 986
2515 2316 883
749 695 317
2907 3109 137
1656 2221 666
1654 2430 171
2452 1601 252
3151 451 416
2015 1596 210
1868 2655 352
2182 2072 564
1505 354 715
1138 356 895
1279 2289 785
374 1387 863
849 761 592
2307 869 387
1595 946 733
664 2459 351
1732 2438 886
843 2776 915
1791 2312 289
2719 1844 528
974 1784 30
527 76 777
1560 2486 767
1853 2889 206
513 2675 766
1589 2950 991
1492 960 906
2814 1320 358
1514 538 997
2804 85 641
1635 2518 599
1554 1 987
1944 1111 225
398 1295 157
1213 1729 590
845 2931 342
830 863 662
128 2268 522
2475 2904 815
2068 1237 41
2113 893 609
1884 1677 114
2419 1957 152
2487 2432 354
180 1758 530
2738 2870 286
1920 2385 99
3214 274 152
2684 2667 136
1500 396 413
1628 2504 29
2477 1759 164
172 2871 661
1809 242 753
1817 1167 609
1368 140 286
2211 1123 738
3249 3107 950
7 8 788
1140 2144 298
2676 457 341
2328 1637 319
3188 1513 602
1216 2271 310
1768 2933 647
2760 1833 142
2134 902 822
3204 354 402
2402 1532 850
1537 462 128
421 1547 600
2295 2750 612
48 2366 879
1880 286 772
369 2942 807
116 2426 381
1134 1654 909
684 2211 30
2551 641 718
919 1539 253
2371 1314 885
1147 2551 868
2184 3101 531
1895 2030 39
61 2748 161
1864 731 373
2356 1304 660
1262 2561 497
846 641 525
3262 2314 384
3145 281 123
2663 891 492
2205 2028 101
232 3187 576
444 806 425
212 1798 83
2388 2448 470
3271 1532 218
1 1458 735
687 116 611
2887 1196 585
3274 3150 849
1603 1153 431
1819 1534 951
1346 1875 345
3276 2433 919
1055 2949 809
649 2389 429
493 352 461
581 3089 768
2696 2959 723
1937 1579 90
2320 1263 976
252 3052 980
2328 728 241
1323 1925 30
2798 138 438
2853 2776 184
2771 81 322
1726 2915 91
2698 1652 457
1892 109 339
2670 2 428
1973 601 825
3193 1133 657
489 1456 440
669 255 526
1873 174 687
1992 131 498
1890 3074 109
1621 845 372
2956 176 998
1882 1379 142
734 1168 463
3287 673 216
2007 3269 599
515 1843 835
208 2180 200
2121 619 140
1047 1305 566
1307 2485 343
402 2880 70
2339 2962 789
829 1965 474
470 2098 983
512 2988 777
500 2687 401
2475 993 316
1945 3042 975
2180 1898 697
1656 1183 321
1346 831 273
419 2436 427
784 786 89
2673 2495 27
2569 1306 452
254 2537 548
2603 2528 644
205 3076 271
2864 618 468
1204 241 838
3133 786 314
3054 407 346
1114 2613 990
102 3219 766
971 1507 624
2254 2912 184
1712 88 360
1158 2279 257
2779 58 546
800 3090 562
636 3130 539
1699 1265 247
665 3260 806
2372 759 728
1894 2874 259
1614 2572 765
3206 3217 686
1503 731 440
282 2288 373
2861 632 537
2054 2846 321
2625 2294 397
647 460 21
1700 1786 960
1809 736 470
499 243 204
867 2910 74
742 1455 931
1074 419 215
1434 2079 967
509 2886 991
219 2396 456
1913 2273 982
1586 808 581
3253 141 392
2271 826 909
1184 2473 135
3013 2737 618
398 527 982
1569 825 206
2777 831 514
2931 755 432
1250 1180 768
206 155 624
1834 2849 866
3299 689 512
1586 1197 359
512 2415 918
2978 3133 160
3133 1315 978
2692 2167 478
999 363 535
3077 1371 773
120 3224 912
1716 1463 707
2938 1204 538
1987 2168 360
1527 2440 754
3231 981 22
2260 1377 473
270 608 588
2978 967 483
2408 1940 788
78 1415 67
2753 3133 349
334 68 529
1033 1467 87
2686 1240 518
2960 340 664
606 1328 834
3192 1197 717
2634 950 976
2783 1724 324
2291 2398 938
1636 2023 666
2794 2496 862
1819 2102 168
2624 1280 146
718 2259 428
2660 1677 765
1281 440 178
199 2081 323
449 1354 82
2361 1376 422
2241 1980 698
1975 424 456
327 1063 849
181 504 847
1447 1421 113
2046 2240 634
1838 3103 948
225 1399 643
2947 2509 801
1403 913 742
104 2893 679
2389 2615 595
3194 2905 978
1641 1031 34
1350 611 799
1474 66 661
1500 2608 767
1963 2878 405
1907 2019 696
3018 499 450
1240 1616 835
1348 767 244
3106 2175 404
666 367 998
743 764 971
372 973 857
2497 647 476
1689 1673 480
2382 952 9
1377 1720 70
2246 2574 997
946 2043 985
1236 1952 690
2408 3247 112
2369 241 706
145 3184 153
1768 2515 678
71 1165 544
2794 589 441
1907 1511 917
976 2884 961
1664 3095 148
1598 927 188
676 2590 916
555 605 346
824 2324 259
2016 2485 949
1939 876 680
465 43 104
2258 3298 565
1107 3112 709
272 2947 288
2340 1279 932
1073 1377 345
1840 89 402
2078 821 12
1386 3131 767
329 2535 305
1192 138 572
564 3123 634
930 515 977
1214 3064 433
853 893 620
734 1155 837
1061 1112 435
1105 1223 429
2745 1197 17
1493 2126 606
1091 2338 794
2927 2449 144
2513 2057 352
2136 1031 601
2423 2813 617
1720 1317 369
257 1374 342
2947 578 810
896 3285 689
3086 2169 729
208 616 676
1049 1682 560
1689 1287 263
1305 2009 688
2963 873 87
158 714 166
536 1025 139
94 2122 422
502 1339 97
2079 602 83
735 3131 729
1672 247 294
3295 1600 825
1813 1351 47
1240 832 765
2066 856 598
3152 1144 963
2762 1173 510
2408 2996 464
2996 531 649
1988 186 292
2471 2601 80
1687 2319 514
2577 3277 134
1770 1208 773
3032 2727 230
3134 3066 67
1841 929 570
866 1577 811
2305 1705 609
1722 970 250
1860 12 968
2733 2490 368
2201 3095 475
3229 1810 665
2831 2774 122
2908 1777 881
602 1320 489
675 1683 51
1252 2877 551
1960 1870 372
2372 1534 784
1560 200 891
425 2192 557
846 2336 381
1160 517 771
2537 2540 563
2218 1550 593
922 2908 796
2692 2948 279
2132 2179 973
3131 2256 346
1174 1444 469
1897 1246 941
2233 2092 737
2226 3193 797
1133 434 597
1541 1097 454
2875 1189 557
1946 546 298
2785 3257 13
3019 1437 884
1804 2643 570
2165 2823 716
1019 1226 190
1782 1424 669
721 1990 297
983 2453 501
1765 893 616
1961 681 563
3090 2304 241
2687 737 856
2635 2214 144
2225 796 158
1095 2029 435
1100 1746 689
1268 846 493
489 2725 498
3172 1350 92
254 1044 240
863 1759 238
1735 121 244
1527 214 983
3116 925 260
2682 2472 490
572 2923 239
39 1448 493
1565 1833 354
166 1964 428
1213 2603 269
3068 2392 353
883 41 949
985 2125 738
893 141 649
2387 1285 749
3123 1216 336
606 3184 690
2564 496 745
1165 47 67
139 2035 375
2280 2472 217
3071 610 249
2576 744 329
1338 804 485
2542 2504 680
3202 1613 50
2597 419 700
506 1586 159
2765 3244 116
1447 2848 920
837 2634 191
1913 2527 365
1075 2235 330
3136 40 602
551 98 648
586 2771 649
73 1318 349
139 1965 236
1088 1220 584
1999 3161 649
1557 1588 205
1667 2089 336
1746 1072 133
19 3216 632
2007 834 268
1799 3061 948
6 3034 638
2150 876 97
682 1452 423
1692 1821 588
997 1455 227
1678 2848 651
1982 2971 326
2207 3269 423
1826 2808 990
1574 72 617
57 1370 241
2576 1788 543
1166 3186 114
1193 547 521
3015 375 576
1203 2377 161
3109 1296 566
980 2731 941
474 1430 662
1081 1337 117
1021 217 990
1468 665 95
2255 3213 595
768 2333 63
533 2110 742
1236 2316 478
2979 1587 52
2063 2645 683
605 2544 940
4 91 565
2147 2932 16
2589 458 791
49 1332 306
2591 2759 107
16 2414 937
944 2436 161
3208 2052 877
167 1726 174
3002 2385 988
679 452 505
287 3087 557
3230 2354 241
1444 562 510
222 2198 242
3130 1737 985
947 1938 653
1780 2365 708
2181 1912 161
1895 1136 510
2370 1332 4
3033 586 798
1141 1899 728
2473 2335 68
2228 2571 457
2615 505 368
1065 1694 4
1397 2449 445
1147 1040 12
1947 974 429
3206 1653 561
1297 1863 171
133 2345 290
1384 450 538
498 2906 951
2929 394 540
2158 1153 250
3110 590 660
2411 1484 293
2056 847 949
1704 2655 843
1710 3047 719
3133 2734 859
2143 309 129
583 1638 481
3039 246 123
2048 3031 366
1153 54 261
866 66 542
185 1642 419
3237 497 372
3047 871 34
1956 158 678
1019 1873 924
1380 139 119
3111 2782 797
2169 3250 748
2130 308 176
1595 1108 214
85 1857 935
1124 2864 753
1844 2543 342
3047 381 870
1202 1140 892
2154 1954 283
2875 2356 366
1455 3055 856
297 2669 162
1662 1074 706
986 2120 445
1170 127 691
3291 400 400
568 1303 734
2707 1233 459
2290 411 906
2111 767 112
1924 1368 117
2194 2759 805
1403 183 688
199 1979 378
875 2672 41
733 893 675
2086 1360 223
2242 1436 607
621 509 39
1531 1421 431
2394 1052 367
1399 2456 48
3019 1509 50
2816 175 975
1410 711 467
199 2823 744
2996 1035 983
2384 888 240
1182 14 792
2788 468 356
63 2431 154
276 1335 856
100 2100 62
3158 1476 782
2519 942 894
771 161 424
939 634 240
715 1163 992
2047 3101 763
3200 1394 692
1697 275 808
2758 1179 20
330 2736 768
1250 1014 359
1166 1605 467
928 517 37
1423 166 289
5 123 6
2613 3109 484
2368 2592 481
1570 3253 138
863 2929 992
424 3287 844
1825 1062 966
1138 2697 297
1444 809 873
1025 1767 574
1818 2582 701
2011 2650 218
2266 1667 945
844 624 448
1623 127 512
1648 1591 317
2519 2366 740
696 2773 349
2647 327 428
2922 3017 523
1013 1427 112
781 180 344
538 2747 643
957 2041 479
1723 2946 261
1404 655 170
1788 259 9
876 330 31
2142 953 989
621 1705 156
1744 3048 345
3184 23 986
1445 2319 98
3274 2905 704
1531 2602 99
3062 3170 404
446 1576 885
2345 2040 313
373 376 812
346 3021 964
483 239 841
3082 2349 595
2571 1586 506
2804 686 880
2891 450 724
2131 2631 612
950 2009 931
1317 3230 639
2839 1814 638
1449 934 505
2192 1470 153
311 266 893
1012 3059 289
684 3038 326
594 285 300
2234 2352 380
2389 918 596
2309 2353 253
1406 183 972
299 390 166
2345 2494 812
1504 2101 287
2766 1991 834
788 1484 800
2616 2118 729
1989 2615 951
1526 3149 154
1598 1659 17
1917 2636 514
974 3115 171
3295 2889 319
2582 1437 104
3033 1484 165
1239 1771 374
2633 2951 907
1411 1805 771
2081 207 150
594 1302 440
2415 3205 441
1174 1837 861
3232 2139 146
1733 231 103
94 3138 617
1045 2371 768
820 261 607
392 292 46
397 2741 439
2686 657 441
597 578 979
1881 2803 659
728 2053 465
1594 2383 737
1373 632 416
2844 1571 719
2512 1192 676
3213 1176 456
2667 591 16
678 1683 861
906 2988 538
1681 1178 196
2234 1952 513
1269 467 933
1354 31 569
524 2014 1000
1769 1681 967
97 2415 802
1369 842 907
2 2756 897
578 2716 594
942 2290 63
1044 1788 358
2043 2811 538
1032 1128 251
1065 1925 537
1837 833 896
417 1634 151
1350 933 87
1398 258 517
2240 1251 41
248 3280 559
1357 2109 344
1156 1764 137
1400 1971 92
3026 687 156
522 338 75
1776 1872 592
1164 1405 347
1789 2868 364
1102 3031 899
1136 2881 167
793 1944 662
3032 1313 227
2851 1239 17
2980 756 572
132 3212 504
2199 2787 920
472 505 757
1619 2548 413
290 2510 591
2898 1715 860
1616 2088 20
1185 3127 158
79 442 478
860 1609 674
3256 1846 495
2893 2414 652
571 62 321
590 221 872
2320 1324 45
713 2759 327
2859 2655 884
2070 2442 628
1774 859 589
1393 592 556
1845 1008 128
1819 1472 826
2706 2350 372
1584 1979 823
2924 539 83
1843 1250 403
2308 2801 278
896 1133 7
1771 1175 547
1435 1281 984
842 2211 251
50 232 635
1131 3005 719
1799 465 436
2142 750 585
619 414 162
1752 2399 906
1629 778 64
3021 2386 953
2813 1328 553
358 2827 726
1601 2150 305
127 60 920
2612 1436 517
534 1570 953
17 3242 181
1452 2012 852
886 2715 935
2870 2136 974
128 2275 123
471 3158 239
2118 3039 174
2312 308 842
248 3260 8
1678 927 700
1141 229 8
710 2273 969
2406 1717 710
1154 3034 45
2390 2859 778
2470 2732 573
1169 2355 960
2737 695 485
420 2817 679
3105 3010 595
1040 2335 377
222 3048 816
455 2418 373
1344 1058 658
1919 161 203
932 2784 796
1425 662 626
1818 515 504
2647 411 236
263 1831 843
1120 1122 414
1578 539 211
1321 1938 459
2193 278 424
2691 3132 257
1432 3071 281
3136 2709 304
3133 2279 571
2925 293 669
1527 1680 165
2181 1781 706
1827 2228 945
2606 3206 926
2503 173 984
92 1762 635
1875 2206 412
2298 1196 821
2341 2424 295
2390 1917 383
167 2255 123
569 3052 835
1972 622 14
274 2929 922
2869 1412 734
128 690 282
1041 2513 160
2608 1067 79
498 3045 386
210 2152 456
1735 449 58
2348 1815 725
237 826 173
995 1160 596
2738 1640 308
1927 1793 933
503 1295 542
870 2664 419
1627 1704 27
2995 2915 296
3224 596 723
2463 2839 635
614 2639 358
2459 496 684
2440 271 46
527 2925 397
2827 1809 683
1440 2008 221
3241 2192 598
227 2902 938
2457 2469 982
2599 1108 128
1896 1391 440
485 2268 820
37 962 413
890 776 163
1042 1802 183
906 2547 445
808 1271 347
1946 2206 833
2697 1357 22
2854 2915 933
1777 2466 479
1629 966 515
3069 3209 360
2842 182 884
3218 1385 488
3038 3191 41
1566 1149 417
206 664 366
3222 483 111
1965 2658 829
2399 2573 284
839 2047 790
999 701 969
2226 2637 729
2305 15 264
808 3103 739
422 1754 672
1405 128 672
166 2508 649
1351 2267 815
1532 2881 750
1388 2728 192
137 1243 8
0 2818 654
1164 2054 589
3182 619 161
362 2721 159
2437 1910 987
268 909 885
92 1441 445
1886 543 605
1308 1695 797
652 498 835
3282 1781 375
1114 3038 329
3040 2356 968
2611 1711 362
1023 1976 433
2815 757 869
2332 475 80
1144 559 194
434 120 54
411 1937 913
339 2719 521
1069 1231 842
1397 2984 711
2006 644 98
1162 2676 273
1912 2320 931
2525 749 361
534 987 15
1276 2262 446
90 127 642
388 540 547
2800 631 632
1755 2994 356
1709 2354 609
947 423 926
321 2137 786
3032 2494 526
213 1253 155
2572 1903 287
666 1501 305
1236 3128 125
3076 3253 538
1812 755 535
1753 2839 500
1895 3235 398
1492 973 55
109 3088 50
1872 2188 47
1383 1186 53
2182 761 742
470 1288 468
1604 1265 792
1373 1166 911
2609 3128 420
1037 89 400
2203 1518 777
2456 1323 94
3156 918 118
1015 1867 627
2486 437 270
1399 1359 933
2797 248 87
356 1738 149
1855 2139 211
537 951 354
984 3086 597
3293 143 328
2435 3187 892
820 3107 723
2808 642 592
830 3101 66
80 1606 361
2623 257 841
1477 2446 833
2857 2896 518
1086 860 548
333 3226 136
226 2299 443
2701 1759 840
2219 28 386
335 2541 880
169 2469 689
5 3043 925
685 1729 236
1750 1020 286
2809 2980 396
1417 1516 144
744 1200 544
318 2757 115
2460 2981 86
1483 2831 658
2158 1025 936
1715 626 286
1432 2839 704
3239 2457 146
1705 735 357
1554 918 981
1441 837 565
2536 2680 443
1711 343 968
1681 3085 726
244 2732 721
975 2060 59
2472 2758 326
2004 843 444
1214 1934 818
1874 2269 728
2244 1082 95
1771 1117 44
1220 2653 554
187 2020 358
2011 1939 891
2620 2179 734
1023 1279 981
1668 1936 700
115 447 768
166 3034 113
2077 2999 413
2930 2532 733
3174 2544 19
1493 638 607
451 474 72
3245 3164 458
578 1608 802
558 40 191
32 972 11
2394 92 533
398 1403 403
1410 2919 513
2219 793 821
1861 753 881
118 2828 676
1427 1125 419
1810 847 722
2630 738 974
2650 3005 807
1867 1533 186
2153 85 411
2296 3170 690
1288 2300 72
1161 316 637
742 848 63
3270 2093 905
1448 3164 949
303 1137 578
817 499 504
1433 2944 573
1306 226 786
3013 1194 483
599 1122 596
295 39 385
664 3229 247
768 1969 139
2572 2935 743
5 318 360
3237 2485 184
2626 1535 130
1687 2619 81
884 1229 844
22 1491 216
1090 1265 409
2100 84 890
1010 1362 640
1087 831 138
1049 597 686
2073 2588 631
48 1064 327
3082 879 477
1620 1168 688
1784 2555 23
797 1817 678
761 647 650
370 607 654
1709 263 950
1214 2632 245
2170 2290 285
118 3275 969
1983 852 965
1825 2026 148
1037 2084 844
22 1538 658
142 256 653
3061 2360 122
146 2143 184
291 1375 422
2901 320 631
2115 1706 567
496 2533 894
1972 1617 933
2577 2693 745
518 3210 153
2929 23 129
2581 2525 689
3214 86 22
96 3056 147
1900 1623 136
2473 527 12
2153 1726 19
2741 1238 690
901 2880 990
3124 1432 538
905 3212 530
1235 2761 66
1528 2699 627
1528 1710 725
1472 930 197
784 2338 862
2558 787 629
1468 2592 375
2565 1203 560
500 862 774
829 2321 428
462 620 369
839 3217 747
695 650 257
476 2710 264
154 1047 554
1864 563 364
2675 1864 539
1770 2091 104
1951 605 459
2377 1629 493
2583 228 416
732 1087 657
3255 1167 679
1975 1125 151
3087 998 831
2946 285 624
733 1242 559
2723 1277 122
2240 476 986
2013 1228 933
750 3280 331
2850 2743 72
1152 463 242
877 3091 13
2917 1005 188
347 1118 102
2404 2088 40
2470 2361 404
438 3161 839
1767 1092 70
1215 2677 534
1050 370 988
1529 798 356
2892 529 947
2790 2510 981
2134 2474 541
1782 1375 107
2898 1770 578
2057 2914 465
713 2500 42
1141 1099 167
75 2803 530
712 2200 719
2041 831 813
1997 506 660
2609 971 784
608 1740 367
2812 2468 263
1377 3081 180
2642 2526 874
258 1153 828
2696 283 503
914 277 568
832 537 973
358 1293 225
1788 1627 845
1626 1925 89
51 1818 477
933 180 702
2980 1106 595
970 777 629
2217 3139 673
972 2462 769
2971 1395 41
1587 3259 607
2801 2177 385
185 2065 705
2556 2731 899
222 1396 446
3291 118 445
2097 731 219
1910 2403 272
176 1915 535
460 847 819
1944 3168 904
2230 1535 264
2630 551 367
3005 1813 709
2033 135 319
2496 885 681
275 1235 200
731 276 365
154 1639 140
2961 1965 287
301 2299 652
1735 1826 606
3007 2503 523
592 824 496
794 1601 255
2396 594 872
2639 663 206
2003 1669 945
3007 2346 654
1894 1215 439
2177 1074 961
793 1571 439
1247 767 125
1893 1336 937
2913 1093 848
2815 1341 892
850 97 55
1631 3159 770
795 512 359
884 2309 525
1297 358 590
671 2966 326
660 3233 64
1378 644 438
3150 2585 25
1115 307 682
584 2366 51
347 1215 818
2637 941 997
557 2543 232
2568 3141 286
2992 1038 226
846 3006 620
799 1062 77
3069 2163 740
18 618 256
175 2721 546
2212 1194 833
1128 1389 890
3015 218 551
633 2206 86
644 2282 235
52 3032 876
280 1910 442
2759 47 108
3252 383 302
3273 2931 991
725 1725 23
2218 3196 513
1830 3036 644
719 2275 713
2957 1705 175
2416 1454 352
2896 2687 28
1540 1515 763
1453 1524 68
1601 3070 833
1775 549 52
115 1106 567
3192 2651 286
1493 2308 329
1977 1288 694
2710 1438 613
1201 162 923
2757 3169 379
2780 2404 48
390 3076 56
2109 3092 314
2783 2709 670
1706 2051 516
1665 386 454
2712 2208 323
1349 289 344
901 78 369
2803 1096 46
1079 1582 798
1785 3141 591
1935 1880 508
1958 71 978
1448 369 221
927 2106 720
3256 67 894
2097 1532 948
1570 3180 368
1301 1617 689
308 2658 244
963 1789 933
355 324 437
160 3252 208
729 3190 13
2560 1458 200
2120 2712 993
2429 1401 190
1949 1381 108
337 1960 614
2441 897 318
1518 3032 750
598 2445 482
2652 2343 420
354 2082 410
767 57 630
483 2708 263
3217 1305 872
1770 605 496
2985 1000 120
2411 8 357
76 647 505
75 196 158
2982 1915 618
1933 1533 577
1868 2236 869
975 762 772
2240 2539 881
1437 2270 462
1197 49 275
814 565 989
767 434 132
2342 3196 480
1849 1109 281
17 2525 365
2306 1611 141
21 2111 211
3013 959 761
79 2783 374
3233 3043 194
2928 1413 766
28 629 614
3134 2528 936
258 913 296
2848 1738 231
2618 526 75
2441 2602 883
2515 1878 744
1097 1085 220
2813 316 178
1150 2628 587
2460 899 747
2076 2703 955
577 1480 195
1896 3266 136
2021 1624 769
2986 1081 239
1934 352 139
990 3108 264
3109 2402 88
476 1870 440
1271 397 765
370 3213 99
1800 2133 703
2607 616 429
1391 1906 77
213 2385 193
1263 880 594
931 1048 25
3280 224 487
1504 2648 875
463 850 375
139 2229 23
2624 2278 846
794 1985 788
836 90 790
2760 2112 739
1467 1353 970
1246 1465 107
1883 698 583
3240 1614 359
1104 2682 561
3174 1017 287
2559 2854 29
1689 1345 319
460 860 999
837 668 415
2564 616 912
487 741 130
625 1938 657
2993 1803 748
2111 2168 552
199 3191 446
3299 1461 507
654 2308 732
1773 2162 101
2634 362 550
161 703 611
513 1417 853
1468 963 539
2450 2613 35
2451 653 909
3016 2570 643
745 610 851
1592 2822 212
1764 1987 829
256 1593 391
56 2139 467
2612 2650 43
1285 170 515
112 478 845
1746 503 431
587 1128 414
1676 2694 569
3280 1792 89
272 2836 177
82 700 654
3127 2010 689
555 2781 670
473 471 427
3023 1007 856
252 349 331
3185 4 44
3181 2876 438
2740 3284 981
990 515 507
978 1417 885
3253 3157 498
2272 2938 904
1638 2594 575
456 226 51
12 1200 701
1880 1342 581
1392 579 703
1223 1429 49
2116 1107 976
3079 1193 641
946 348 877
1740 2324 548
3287 706 28
1906 2946 537
3231 1988 508
3095 2890 52
3005 292 540
2482 2342 795
745 1941 318
535 1081 276
1598 1934 508
2027 877 707
516 2779 286
2329 478 490
2185 3221 727
2023 2554 819
2527 995 589
3252 885 13
63 651 453
2972 3242 154
982 3195 832
1305 0 266
1151 2826 458
1312 1221 407
3182 597 767
814 1718 970
1911 2186 795
3127 110 611
78 1569 985
2952 1266 370
348 85 412
335 2810 617
1766 1001 507
1790 207 247
2011 2565 613
2188 934 283
2065 1056 640
2033 3276 422
228 601 378
1945 773 786
1348 1508 524
419 1032 220
2653 1479 889
1212 408 514
345 553 249
2416 2587 696
2468 887 766
2850 2171 391
255 398 994
2692 67 506
2806 717 338
1336 1941 568
1564 84 966
435 2246 823
2306 1206 697
2806 870 391
1895 2409 701
3083 771 347
1493 2030 146
729 2586 162
1328 2480 711
365 2757 586
2405 2605 394
12 1503 25
69 1242 579
2322 904 621
539 2472 41
323 1523 484
3194 972 60
1968 3234 197
1467 2134 917
1405 2771 72
1280 2585 718
2580 1765 990
2265 1769 413
669 1364 807
2665 3071 678
308 1870 530
2933 2163 965
373 123 977
1580 276 416
1112 931 935
1728 274 704
2550 669 531
1029 3102 890
3134 139 984
1127 3048 675
423 1941 699
566 1206 78
2999 1083 212
1027 1607 318
1612 2766 476
680 1615 46
951 273 750
482 1057 501
3059 2894 108
2982 747 729
2629 1149 609
2884 1805 156
1039 2284 616
1484 1892 43
2329 3100 30
2709 1751 897
458 154 777
534 3205 105
651 2932 965
91 2562 59
2046 3086 798
1768 2442 641
1057 1754 29
1093 2723 192
55 2635 469
1665 635 665
2324 1619 633
3023 1453 532
1571 1454 183
1751 706 63
1720 858 488
1646 1232 732
490 2231 919
2121 552 174
1747 1872 1
1156 1867 938
2897 726 55
2225 1426 369
793 2011 8
288 2291 803
2839 1818 216
1190 3143 601
510 1088 560
3184 897 547
2096 180 803
3298 2659 897
643 1399 573
1296 1737 314
3003 3261 897
2854 2588 601
494 1573 598
1190 2166 120
2746 1126 35
2277 2189 455
2222 697 725
3213 2566 211
2068 2106 823
1043 2964 818
1680 2665 420
3195 2354 201
831 795 240
99 543 377
2566 1216 877
1895 2190 1
1680 2671 913
2896 775 9
1289 260 892
468 1823 610
1520 1005 510
1131 726 309
2461 2590 773
803 3070 271
45 1031 455
893 1216 662
2536 898 717
2050 2063 778
2490 2082 714
288 1573 386
1047 790 110
1182 1398 308
2452 2841 707
1963 2746 457
103 1404 700
2823 2058 839
827 1204 395
614 209 611
2420 1239 822
306 3168 419
1113 2189 690
2229 751 302
2733 635 610
1218 867 460
842 2817 659
290 2869 661
315 1872 809
1597 1974 508
2323 3165 475
2854 2915 35
1575 2769 555
1696 1010 20
861 229 533
3281 2978 412
3035 2006 912
2675 238 36
28 302 549
74 20 357
429 1796 236
170 2349 772
1145 363 295
870 1259 739
1753 1166 813
1067 1268 20
766 2769 340
1629 1775 15
785 873 819
2496 186 757
1391 1740 920
2270 3136 842
2346 1505 652
2647 2753 466
2629 2955 691
2256 3192 539
2345 1607 49
634 2054 1000
2964 1424 618
3142 3157 613
192 2839 98
2222 580 170
2582 477 594
2696 2820 191
2692 722 330
531 2614 753
492 2644 968
2833 1638 436
1164 1973 551
2804 312 976
864 153 71
2045 649 10
3220 76 18
2264 848 638
1909 2895 384
2292 1360 823
52 1631 798
657 1466 620
1124 597 447
1057 3290 797
140 500 736
1435 2097 510
3092 385 24
2293 1517 478
1913 1931 122
3047 1061 877
1004 428 686
2391 1739 123
2626 2111 357
2138 2824 970
2036 2812 19
693 1138 183
2029 2804 34
2356 1509 567
1127 0 489
2654 2698 538
2636 726 708
417 816 687
2613 2595 812
2354 1824 441
2228 2068 357
149 1074 318
710 2167 705
1632 1533 360
26 1600 138
2265 184 771
1301 138 208
1958 2508 794
3021 2944 453
2643 36 905
2106 3093 738
1935 597 792
740 2757 158
512 2777 36
1600 1793 830
3175 965 61
2605 2984 222
2061 417 369
119 1396 150
1255 1923 379
2463 149 961
2375 420 22
2784 601 945
2717 2625 319
3253 912 558
235 2700 495
2498 2377 61
582 868 312
3215 3031 198
174 2271 202
928 2765 555
1692 1961 37
1811 2302 269
3091 1166 986
781 1857 55
1116 2501 149
909 3243 153
360 2748 160
1687 1087 539
776 508 376
912 1097 806
3236 1831 991
557 1898 486
842 215 907
597 164 778
2633 1775 950
1068 1474 710
1868 2411 834
2986 2636 923
2370 364 288
2602 699 680
2280 1322 751
632 1443 513
1891 1411 367
934 2814 808
1404 113 735
2285 2246 834
2409 125 231
1903 1620 602
1527 680 500
190 468 466
87 44 253
1456 2315 163
2795 2667 390
3120 1949 13
2950 1815 616
2021 3261 668
2247 1681 627
2211 2420 522
2057 1913 968
2413 1303 373
1154 2487 670
412 1835 684
41 1761 291
2332 671 386
1151 223 316
2520 418 991
3044 2826 14
1252 256 541
548 2028 842
1135 756 548
2718 2142 575
907 538 711
13 1959 802
2405 1139 810
748 673 425
2448 2376 700
2984 1466 189
2685 2331 314
3252 1080 49
1063 410 619
295 2516 732
2483 2656 775
1535 1487 37
523 2582 279
2379 637 183
3156 25 919
3226 144 420
1947 2766 13
2061 49 935
946 2253 681
3029 1107 616
1701 2502 794
552 1178 775
1018 138 101
3157 1816 111
764 2016 608
2433 230 845
2868 2413 105
3152 888 672
244 1317 925
2891 566 911
1845 408 190
2792 2295 139
2317 564 425
3186 2529 874
1886 2164 911
3290 129 889
3024 2871 962
2863 289 412
2916 26 154
545 1885 50
2178 1954 37
1906 517 610
3088 1481 558
622 2647 101
1395 3264 291
2256 436 988
995 3075 721
3274 464 850
2475 3188 134
489 2241 237
244 3153 291
807 3057 251
3237 2576 606
1754 3252 591
2146 673 75
1150 2782 424
2152 1745 557
373 2797 331
1244 2470 29
1001 674 746
412 371 900
417 1296 591
131 1619 126
3114 2147 398
1245 3138 639
1688 489 993
1984 1521 117
1007 1360 27
371 2951 772
508 3026 313
1771 3096 286
1136 2364 519
1647 28 396
485 2904 491
2480 174 117
1864 1610 938
1185 133 403
1590 827 434
308 3298 949
1976 56 278
2335 2783 922
2004 2929 128
240 979 891
1703 384 846
522 1788 910
1401 2246 307
691 1165 907
2506 1289 667
881 611 540
3214 1534 370
402 2322 150
1060 1671 173
928 2595 772
3290 176 566
2506 1162 390
498 722 542
497 518 880
1483 1840 924
1577 1644 383
2121 3026 994
2937 1755 664
1194 1843 543
1242 1521 674
1897 894 10
1174 1220 835
1148 795 59
1139 1083 472
1522 2737 8
1270 427 323
669 1282 644
2252 1547 768
330 2737 420
818 1984 702
2645 985 861
1519 2341 326
2810 2135 148
1880 1132 909
1499 531 894
782 5 905
1126 1152 58
3270 733 74
1137 1058 14
905 1099 529
88 532 279
783 2889 107
874 1726 134
2378 1756 763
949 689 357
652 1574 910
930 2084 398
863 144 705
1475 2090 147
510 1560 593
3007 2995 218
2864 2780 874
1164 285 680
3259 407 967
2266 2399 749
885 36 194
3279 2955 258
2304 2320 368
1969 2602 70
443 1798 710
1284 1004 368
545 2142 725
3173 1712 24
2543 2310 871
2106 2155 314
899 814 679
1245 227 236
1235 346 730
1822 3184 546
139 491 163
2805 3137 122
1370 122 449
1193 813 732
1487 381 68
2821 2666 765
946 2818 393
2406 134 481
959 2874 30
2733 2994 261
749 2005 888
2265 997 305
2290 1506 987
1186 1871 710
1966 1881 593
2424 383 806
2227 2088 51
2636 2836 622
691 2545 815
3227 1590 836
1708 1417 661
2818 970 893
1804 1562 379
1212 1871 590
1782 946 812
1119 96 557
305 1818 187
33 352 988
1311 2515 96
2263 1175 897
1801 2707 304
574 2823 920
1309 174 155
2199 3067 827
2227 2160 523
668 1729 671
2718 1878 556
2287 2617 6
2483 2795 292
843 1579 349
2273 544 659
2909 2026 963
3015 1982 575
2096 1351 312
869 1753 58
1743 1929 999
1215 957 501
242 243 374
2998 2351 837
1225 1237 26
743 406 580
2307 2038 763
2718 2630 325
3105 3095 755
1936 2247 931
1144 1848 554
1125 1234 71
1452 479 704
2262 3280 677
1751 2894 653
840 166 372
2917 2322 130
1913 1917 415
785 1618 950
1971 1081 277
2262 2995 469
2090 2319 505
1875 2117 237
1306 2550 997
2044 3167 638
717 800 119
2854 899 492
219 2958 682
1726 1612 269
2933 597 371
487 1499 366
1635 997 34
1217 448 634
2845 20 920
534 3185 630
2395 1448 519
2705 1732 765
1667 1887 404
1930 1605 626
3030 3087 846
2992 2804 294
2630 2034 57
2834 2870 544
3224 3288 705
2840 2811 412
3021 1866 617
50 2704 249
1382 2153 231
2628 1640 98
466 2947 461
1137 1266 410
641 1272 102
1039 3047 716
2305 1861 314
668 705 265
349 955 285
1524 2250 663
1727 1860 784
2084 3162 20
2136 2255 319
2359 3052 791
2908 573 575
974 762 172
2892 2589 304
2102 185 362
1965 2461 295
659 1613 392
1838 2488 69
1345 140 59
2434 2512 715
320 2861 998
1727 2503 587
2024 233 186
1543 1643 395
2491 1265 452
942 1072 496
2642 1422 79
426 2443 932
1740 2498 949
116 2434 918
2770 2758 693
3125 6 5
208 2286 655
1328 251 633
2878 2222 620
358 1808 807
2291 1688 272
380 409 310
1696 2845 599
626 1444 682
385 1760 496
677 2219 758
569 821 717
1618 1938 655
2690 3128 529
435 818 942
1005 1739 668
2258 1272 374
1139 668 218
1236 2 868
2317 3032 303
719 1581 798
602 2826 467
139 2907 833
1437 1931 169
3 3197 899
878 1862 243
3236 2800 885
30 2261 515
1997 2927 665
1000 1846 253
1604 842 676
1537 3164 456
2782 2061 299
234 730 136
2988 1771 379
314 651 320
2952 2526 126
2074 1371 829
1583 550 702
1938 1265 10
322 1935 216
769 2206 411
2936 899 130
3059 3129 850
429 2604 984
1326 280 431
314 2648 338
2242 1219 219
206 3227 273
3128 2300 391
2296 1743 408
3156 2574 271
1505 594 424
1618 1166 148
1293 3167 226
1259 854 929
1754 3209 183
1510 3191 559
2584 1754 519
3045 2024 76
2718 1942 172
763 1394 300
2388 1545 820
55 1868 734
2361 3073 970
3285 3066 539
847 2471 936
2191 480 349
2112 274 923
1719 366 357
2502 832 568
2231 2300 226
2730 3034 791
1515 574 891
2240 2498 728
3286 2706 787
2256 1363 365
174 1207 418
2787 1967 255
753 2532 443
1150 203 556
2811 2919 810
1802 861 765
2059 2048 573
1949 1211 342
1986 771 110
2048 2215 84
279 656 317
1611 1642 873
406 1694 597
830 2821 904
439 3035 424
518 988 122
2000 2415 982
1710 943 636
3041 709 707
1673 1958 800
879 2230 194
963 2311 427
2986 1615 511
2596 2703 425
1313 40 11
2753 1173 216
3264 177 429
2131 1009 676
2468 2858 859
566 280 619
2109 1726 516
3007 1471 771
1306 2221 879
1071 2154 345
6 150 144
2294 1579 139
456 1868 601
1251 554 30
1718 1147 101
216 1840 347
1214 2097 220
1806 491 754
1379 1903 602
559 2253 582
2539 3202 177
2213 993 413
1747 2314 865
507 541 271
183 1096 793
768 3115 104
556 752 59
1355 259 887
2569 527 899
2492 608 289
1783 2929 417
3230 2075 636
1789 290 156
1884 70 755
1835 477 150
241 2383 377
1792 1129 567
828 1266 264
2393 2315 857
514 488 165
1367 1285 993
1123 2194 100
477 2678 598
2521 2384 674
1494 1511 375
2694 2745 808
847 316 677
1735 1505 748
2900 2634 611
481 2114 15
857 1163 411
1313 2949 603
2277 3127 264
201 231 57
2093 805 612
2067 3173 173
1772 230 6
443 2174 154
390 2127 235
3174 1760 852
1407 1548 585
705 1689 910
5 1746 25
756 1208 201
1666 1360 652
1783 2850 667
1933 2076 137
1811 2208 851
3207 2103 458
1426 2595 419
2249 2950 157
706 1758 999
2784 1684 805
677 155 549
3202 831 506
676 1601 941
62 3020 511
2172 1891 430
1397 2745 599
2757 858 988
1806 1387 678
1218 941 250
515 151 532
1422 643 802
3163 2833 260
1022 1574 417
1227 447 101
2225 480 954
2811 3129 419
2815 1156 815
1505 2373 622
1360 2890 611
793 808 688
2554 2398 77
97 486 289
864 1368 571
136 269 654
1022 2004 750
2675 1484 755
82 1581 630
1736 2956 522
1619 1715 151
578 727 998
301 993 38
457 1053 655
3210 3229 742
181 1254 255
1646 2535 831
1901 708 95
72 2571 238
602 1971 832
2870 1028 551
2699 3043 530
2941 1940 516
1918 2051 817
2338 458 360
783 1312 235
2654 2494 881
2250 1950 872
545 486 490
2345 2292 12
1240 1001 476
2848 2767 856
1590 1681 56
399 2981 259
1648 1391 763
254 2717 822
2121 2710 599
2627 3014 710
1968 1563 543
91 123 983
1706 554 302
2697 1904 794
2579 2846 329
2048 994 742
2369 757 853
142 1958 962
2306 2680 637
334 882 154
100 637 342
2632 53 810
2478 2825 465
1682 1490 388
2662 977 970
2136 1988 266
2990 507 754
779 1948 759
320 2335 297
747 2789 919
2430 2136 388
64 1896 736
55 731 704
1613 1512 292
2790 2408 444
1586 308 350
2679 2412 607
116 2910 888
1162 529 236
1256 2599 724
2327 1030 855
1075 1102 833
3235 2880 66
947 2581 601
330 18 687
1328 3032 702
138 2421 629
2738 2931 690
2145 2898 353
2752 772 314
264 299 877
1457 1763 213
250 1981 340
2446 1849 12
79 25 662
2670 397 327
413 778 816
651 1175 987
3137 1197 25
2420 393 1000
710 3257 488
796 1790 805
1192 3226 431
369 571 523
3084 1496 224
1652 2457 960
2717 1902 163
3053 425 458
449 804 148
293 620 306
3221 175 99
1161 716 598
2246 1288 138
2645 1531 107
3069 2571 995
1241 624 382
807 494 181
334 3083 986
2238 1750 718
3100 458 949
2297 773 629
890 3122 444
2690 2731 450
1602 2842 662
1203 2451 215
506 2867 537
3035 3120 303
3082 1722 620
2951 1007 557
2238 380 704
198 2591 387
1759 1758 171
2993 2133 827
1190 2581 794
2711 2358 486
1520 2061 387
290 1123 207
2716 910 380
1868 3275 893
1667 2713 299
2213 1764 59
1330 1497 805
2060 1841 957
1178 1692 858
2395 1595 810
844 382 975
3107 3191 846
755 3275 704
252 1697 443
810 2200 442
516 264 961
3291 2331 741
3237 1876 134
1732 2258 28
1691 732 360
2086 1586 601
1389 1352 481
2663 2699 445
148 2772 289
329 320 152
265 2705 582
537 2454 742
165 1093 766
858 3288 817
480 2895 221
380 17 401
3052 1516 308
1146 2435 237
1943 753 224
1887 749 555
705 3215 638
314 2724 370
1086 1069 576
134 1427 341
2603 419 654
3174 418 562
2557 1949 867
661 766 770
1561 458 711
31 399 294
3231 1516 735
470 2777 426
742 720 242
1583 2022 364
2505 3272 582
2967 1065 373
2194 1078 227
2923 1484 144
885 1995 679
1846 2885 203
2680 2500 991
2267 518 472
1274 1410 791
1470 1382 336
2597 1599 805
563 1711 440
2313 334 793
884 3070 573
3206 234 646
2827 2626 372
2650 374 264
3077 243 841
3266 1526 779
697 247 773
617 394 782
1071 1704 502
1291 2074 193
3099 2752 435
2207 497 897
1003 93 511
764 2542 427
627 22 321
1758 86 227
1668 2210 478
1355 2508 956
1887 2290 823
2201 2661 484
2134 1783 4
2625 1645 736
2754 1051 601
1206 2229 229
1562 1741 753
2787 1557 478
1037 922 437
2289 2244 170
735 1527 131
1364 2949 4
1597 3294 851
1364 2390 812
1112 2820 956
1081 2410 352
3265 1308 237
2447 983 442
1660 2819 403
2865 2603 118
1652 2582 174
1186 1188 747
211 2186 52
2443 545 51
1193 2616 880
367 1119 353
662 528 707
2554 1792 869
2026 632 574
349 2256 797
329 2209 410
1372 2251 884
3191 577 650
3186 1164 689
2837 3171 412
718 2520 825
639 879 431
1846 2098 167
17 595 418
2264 1953 290
591 2702 326
3212 3233 773
3079 2983 467
2412 1058 848
1247 2301 518
1451 1156 171
3209 867 704
2438 1119 501
239 1793 853
1962 2498 178
2226 1502 348
936 651 877
642 1763 892
1329 602 289
2403 1576 507
2000 845 775
3117 2795 711
912 1147 831
2434 2435 905
1067 600 513
567 2268 106
1113 1 31
3105 1211 219
672 705 822
2893 3257 976
2551 2027 684
189 2489 298
2626 120 28
1091 505 222
90 73 953
385 3104 882
1207 1579 446
3008 75 253
451 2191 324
2355 1947 563
879 3019 859
3159 2608 829
1916 2064 1000
2410 2352 975
597 1418 490
2543 735 894
1707 848 437
706 1595 665
908 306 395
1505 3224 496
433 1653 134
1626 3258 767
537 2732 19
1662 1461 930
2067 1665 13
251 3241 526
465 2097 531
972 1314 185
886 1702 350
1651 157 459
2452 2175 501
1266 1739 270
1640 2419 374
2384 2415 921
1857 3291 25
2736 1454 470
2099 1146 524
147 1880 938
2363 555 758
293 1934 369
508 1241 30
2730 458 228
1188 318 169
1004 856 873
1333 2683 706
1462 1887 493
1578 762 398
973 1395 452
1406 2685 658
1900 2085 510
744 2939 273
409 2595 347
2680 995 815
2549 2139 700
2224 96 994
3047 2697 839
2841 1953 831
2403 1572 828
2773 3106 501
59 580 837
1090 2205 633
14 1230 87
2348 2001 886
2348 2064 534
373 3196 469
2971 1445 565
2078 2704 808
2677 2652 349
427 964 376
488 2603 694
1582 944 686
3176 1163 125
1374 1134 4
1422 1927 634
2509 878 490
1021 2632 279
2376 2154 45
1984 1081 590
1267 174 563
2439 332 894
754 1005 318
1090 1353 584
2793 679 460
2873 1146 175
2520 3199 762
203 1177 25
1469 1104 647
2819 1262 160
2379 1330 431
292 1430 22
434 2220 992
414 2711 987
910 966 990
1406 2354 82
2224 3076 244
750 1797 503
2779 795 14
562 3043 729
2117 1603 370
1507 2691 188
3273 249 910
1611 1344 221
2402 103 762
1628 943 137
355 71 122
2132 3113 742
637 2757 49
2669 529 636
144 1692 189
648 1642 257
2757 1882 559
2296 1038 597
1534 71 293
1205 1409 519
2288 1282 519
440 332 24
789 3001 13
1898 540 432
2633 1255 77
121 3152 757
511 1313 325
225 2290 283
909 1217 301
2503 2460 814
2990 1072 284
2361 1582 76
1243 2552 504
1294 2399 68
2679 887 702
2855 2047 81
2528 2534 657
2346 2508 398
131 1531 906
2000 732 450
194 994 245
405 1317 616
2153 803 778
911 79 772
1029 2734 673
979 737 876
1133 2309 382
1070 2257 497
3232 2841 701
334 922 311
1536 1003 42
2944 3040 215
3134 1117 622
2690 3082 98
453 2517 124
609 3032 794
2990 1789 128
3187 3030 372
1965 2966 291
318 1117 401
1745 1043 666
2659 3259 81
3185 83 570
2143 1855 577
462 2798 819
1260 893 970
3003 2947 171
1151 196 856
2916 259 3
487 2337 688
86 2680 975
2407 1763 313
691 2521 748
1251 2359 806
1610 975 298
77 2342 144
2029 1706 758
2196 2270 58
1889 1313 11
272 1306 330
721 2401 681
1759 1376 151
2678 918 354
1056 1954 20
903 1915 533
2101 3287 435
511 19 51
2316 913 925
3255 3166 421
2872 1701 376
2965 2075 143
431 1842 226
1388 1312 458
1633 1045 425
1323 2890 931
2864 1055 53
292 2413 220
335 730 755
2217 1208 800
3102 2407 450
805 2632 194
658 1752 166
453 2565 186
1229 3193 999
2099 2230 242
1278 2723 575
1708 2046 173
123 1313 758
1949 1666 516
1110 256 411
2705 2643 466
2971 621 441
1823 1820 224
2488 3060 866
1502 555 624
1557 492 314
2979 1911 480
682 2227 333
733 2379 877
1947 436 757
1196 485 872
1684 133 173
356 2135 916
2239 842 107
2764 2787 17
1522 3189 522
2481 3215 978
1477 3095 317
1117 3139 373
265 2703 77
3195 2017 778
1516 268 370
3210 1307 756
2941 2173 107
2341 1715 503
2085 2942 87
401 1599 108
953 3002 815
1958 584 703
2352 1112 489
729 2183 39
961 2833 338
1800 1021 397
1832 1901 433
2783 782 982
3130 2653 818
1842 2551 552
242 1682 740
13 243 971
2603 443 540
508 1292 503
2422 2591 677
2594 227 636
2406 1638 696
208 71 215
954 3201 752
1838 1248 835
1413 2479 552
1851 3041 956
596 1112 197
3142 953 962
2757 1588 851
279 1630 795
328 406 518
396 2395 667
2298 2978 692
1273 608 553
2191 263 798
1845 516 45
1438 3055 451
1476 726 285
918 1369 487
160 1403 43
2659 2935 69
3052 2841 753
394 2724 279
2279 1376 702
1023 1768 757
2632 1153 782
444 3047 304
2258 1394 898
1123 105 382
2463 1692 229
1118 2659 65
3240 3235 694
2972 1715 803
3266 1401 811
1806 350 797
1982 1524 764
975 35 742
2704 2511 829
263 2076 711
1146 1654 848
406 2860 121
484 3068 129
2378 2141 416
1716 2056 461
2145 97 69
1515 833 46
2379 3218 135
2995 267 770
35 1412 85
2273 2064 98
46 1757 795
1311 896 724
1215 985 102
1485 2685 865
1857 1365 246
2473 2242 397
164 1625 245
2198 814 975
2774 1316 520
1266 1949 177
695 2639 525
1650 2785 707
1221 245 926
470 1054 985
3156 390 964
1706 3125 492
1425 801 326
2615 1505 56
835 802 560
2128 1026 216
1361 537 241
893 712 370
2862 196 900
2861 914 296
72 2258 182
2223 1455 404
2389 497 17
1243 230 216
73 1764 70
1396 2518 703
937 711 187
2303 1644 498
3031 295 16
854 2837 54
2438 691 281
2464 1687 251
141 876 258
2285 1548 22
97 1812 120
1247 2784 582
2706 73 153
221 1746 548
1290 2389 157
110 1701 325
2233 1371 775
1340 1324 242
1935 1985 726
641 238 718
2760 407 871
1942 2477 411
2253 2779 748
1329 1343 835
2950 3101 327
3135 240 661
2183 3201 6
2460 2220 146
1468 2317 738
800 774 950
1526 1943 885
1666 1594 980
2661 766 920
319 101 31
2577 2921 392
2037 2236 50
1938 1081 251
1549 3183 837
1230 1706 91
2920 2120 705
1326 2857 792
201 3109 510
981 2328 129
1962 334 759
1445 996 583
1726 303 447
2305 457 44
2899 1986 718
789 570 624
3207 1325 300
1317 2229 101
1437 1296 694
10 248 996
1840 3082 337
3014 2302 884
1788 2228 728
903 1826 92
1417 138 341
66 1904 125
224 1815 189
3042 2913 417
22 2563 326
49 3105 309
391 7 709
268 1082 592
2817 2482 342
2889 1841 344
2507 2732 372
3155 1567 945
124 1764 445
1539 85 872
3114 2304 688
2528 2304 147
2639 502 720
2878 3231 245
237 2617 982
754 2028 462
1983 3183 391
2254 1505 748
3196 2725 363
3289 2823 630
1562 1160 660
2882 3193 869
1135 3187 119
164 463 729
2370 2650 406
2285 2624 205
1191 3226 4
2182 2326 76
2438 857 757
2828 500 28
2900 2703 644
384 2759 103
2920 1533 855
385 2613 780
2615 792 121
1024 314 307
1448 99 57
870 3273 119
605 503 926
725 1798 836
462 293 778
740 2912 188
110 727 780
1728 2989 552
182 726 41
1863 163 934
1079 2879 152
2291 403 370
1022 2365 430
3032 3296 977
310 362 184
2193 1592 725
2137 30 917
2946 1567 794
676 1016 557
1814 2113 337
47 1812 102
2038 1784 490
1722 821 250
1401 1251 692
2294 1286 594
1555 3208 143
1694 427 427
860 638 520
1503 2352 903
1442 2735 719
510 1192 322
139 2724 852
2834 388 836
2388 591 73
1563 2977 500
1245 1025 473
1004 2383 88
1357 1564 890
1883 1633 480
197 4 162
2855 2198 92
2207 2521 385
760 1592 584
9 2837 335
2376 2644 769
1189 1407 856
2896 2093 465
2469 1607 503
3253 3006 572
233 1121 464
2026 891 988
439 909 826
642 2125 341
482 3010 720
2416 2397 624
3059 1179 663
758 1308 983
1152 2007 810
2373 919 519
1622 3094 712
1539 2268 249
1857 1085 969
1723 1313 493
1564 681 591
1111 2447 898
1011 3028 571
1041 646 152
1543 1729 996
2330 221 603
2791 2607 39
2209 574 250
3103 2869 21
1740 230 302
244 2332 523
564 1691 10
747 1439 113
1608 389 268
2329 2952 557
2939 2350 313
1470 354 26
1777 2705 60
123 444 44
467 2163 641
704 1156 142
2510 935 343
2309 886 691
2186 1217 560
2760 828 106
560 1532 560
3259 1510 177
2257 1515 963
2128 289 611
411 3093 849
2738 3249 688
134 57 966
3275 2722 953
321 2517 856
1778 240 655
2486 1640 456
3014 1130 313
1359 2863 31
585 272 223
2925 1586 316
3270 881 974
787 1686 531
336 3090 623
1038 2536 355
2595 2629 644
124 3117 476
340 1657 212
2314 213 965
751 1007 58
1989 483 978
912 2935 409
481 3284 63
257 2101 218
1300 2208 529
698 405 342
2940 2203 399
2620 37 408
1362 3142 26
3131 3253 616
230 564 843
2588 2432 444
1348 764 619
1251 2370 654
277 2009 529
2376 810 149
962 1513 161
871 971 435
465 296 784
1503 799 899
1757 89 737
1663 1656 789
1063 1468 131
1122 2818 296
2951 2037 806
1740 1461 593
3272 2724 630
3158 3122 251
442 2677 475
3059 2794 648
670 626 921
1815 1356 402
605 1955 954
1679 1496 379
1998 2719 51
2389 2673 835
2152 3134 5
2653 1198 566
1757 2806 449
1579 1453 509
2056 1161 425
2526 2775 300
628 582 300
754 2522 753
2463 2551 955
2367 933 327
1305 3054 889
232 2768 656
2917 1361 66
1056 1520 762
391 1396 298
1318 2512 160
1390 2467 499
1702 568 14
1170 2 355
2435 1713 816
69 723 163
276 166 629
1825 2078 143
2815 34 908
1263 2199 910
362 581 830
1863 324 105
920 1891 254
3154 2542 527
3098 1753 278
1588 2303 423
1909 3211 147
2189 2507 488
830 1345 615
1021 2949 498
1133 262 166
480 1058 560
3087 3018 1000
195 972 817
2628 97 612
1449 1828 276
955 880 272
1520 1278 363
3069 1522 997
2130 1910 550
555 1112 328
1509 579 292
2858 354 835
2023 26 426
2705 2397 237
699 2754 727
3114 1118 513
2528 3042 247
828 1609 591
1069 2594 826
1908 2442 889
2671 1917 658
1555 2732 994
148 1721 745
686 578 651
11 2300 677
827 2571 222
2481 1224 585
213 1572 743
3149 582 814
190 383 172
669 1361 173
1559 1899 911
1816 197 20
721 108 472
1915 1930 902
2591 1941 339
133 1302 252
257 537 549
222 2770 19
765 286 160
486 2364 762
958 1343 114
1251 2094 985
3228 2757 135
2896 548 618
345 1363 47
121 2830 580
21 230 255
68 2412 126
960 1837 164
3044 2645 692
1574 1958 200
3050 734 433
2456 2562 135
2449 2851 148
2219 987 652
2692 876 65
300 1326 863
952 3147 580
1876 1019 883
2150 903 940
361 1406 306
1568 1627 159
3200 2664 218
2200 1734 464
3150 714 640
2924 3260 687
2622 2903 456
2598 861 862
2641 2536 730
198 2518 101
2091 1542 206
320 1906 17
1991 3145 138
2097 820 205
3004 3000 929
3220 19 224
2625 1748 152
3185 3116 14
106 2163 255
1981 2886 995
2772 308 326
1766 607 592
1932 2229 979
2383 2630 457
2993 3024 730
683 2080 143
1760 173 606
1798 1383 103
1563 962 398
2356 2008 173
51 997 635
1569 659 604
1873 2021 325
1139 2921 36
3256 2873 205
2182 3260 505
2240 1888 900
1330 40 625
1039 1686 624
2351 209 326
81 667 922
2085 2761 444
3195 2797 210
2124 2925 128
3036 234 566
3179 2758 941
2885 3088 838
1765 942 950
2382 958 988
2522 2109 585
2664 2594 180
2180 983 914
308 1328 963
1967 1646 514
827 740 495
907 1958 644
2393 824 862
3034 1626 302
722 2192 628
120 2021 146
3233 1070 957
1139 2005 886
1870 486 658
577 3252 523
3045 765 344
902 1720 88
23 2705 124
988 595 387
2748 2473 928
1125 1639 343
2007 179 887
969 2295 576
436 2436 362
1066 3033 990
257 2671 49
770 904 122
1522 2617 280
869 230 124
1612 1788 192
2965 2409 970
1246 284 438
2509 2145 305
491 1892 819
2728 1168 136
1348 2402 542
2067 821 887
3251 2338 304
166 1560 800
640 1756 696
2309 1382 941
3068 2731 570
2450 1393 983
178 1564 210
1060 108 197
1800 3241 406
2600 64 966
130 16 632
3080 2204 902
2309 438 665
17 1377 145
1062 562 313
2209 1623 357
954 998 289
980 577 1000
747 1290 381
2418 2501 637
2514 1599 814
2331 2296 108
2733 2535 590
171 2171 822
2653 2709 204
1801 2540 982
2696 706 642
737 2716 41
947 911 751
2181 3057 593
3019 1905 411
2830 1989 546
1275 1108 50
2148 3070 799
159 663 596
2452 3160 255
1962 2328 557
1352 796 865
2358 1978 176
766 2413 206
930 1366 337
340 826 615
2254 693 609
1838 2469 716
1578 683 435
461 80 439
2714 1803 873
2842 1391 943
523 970 810
527 89 914
2716 598 40
2065 60 918
2860 2727 534
50 2885 714
3269 1752 923
1186 2162 535
2471 2922 294
1376 780 503
1373 121 734
2411 374 47
2637 1396 740
1539 301 848
2591 1059 926
3129 2344 287
396 3189 785
1040 1695 15
1701 130 182
4 336 65
1780 146 840
427 3242 652
285 168 419
3087 2103 459
2535 826 609
166 70 580
3181 1408 918
551 2179 604
2867 1000 339
153 964 346
1048 2264 86
864 624 810
283 1383 206
2332 2650 827
1379 1298 151
2933 472 404
1625 2982 764
1748 1527 487
1065 1312 540
1500 1566 84
1447 828 682
500 159 538
2036 523 436
1438 235 661
307 1080 559
1979 365 154
2818 3042 956
1698 3197 82
342 870 929
1855 1431 83
1715 2340 201
2093 2162 272
486 181 208
198 2282 614
2846 2228 456
2410 1738 90
2485 2869 704
966 2548 815
858 2845 804
1523 3098 475
2158 921 968
1936 1883 989
2848 2405 563
1199 2213 985
2861 3022 281
1213 1408 613
2746 1360 78
1789 2199 357
2372 956 76
1583 1809 463
1251 410 531
1530 440 304
1840 726 436
2815 1567 714
1430 1483 465
475 1867 423
671 2489 644
164 789 618
1837 2991 751
686 1289 248
560 30 693
837 398 966
2580 1765 817
286 1030 749
3161 1445 24
2945 2509 704
1951 500 369
1587 2375 622
2922 2814 908
72 1000 566
1689 3157 614
1144 449 796
1249 3002 955
1014 519 22
330 2885 748
3123 1182 745
1343 1011 414
819 187 893
888 2151 336
2643 1990 699
677 2929 531
2001 1520 935
886 2339 654
1893 3270 983
3260 1921 727
2990 487 98
2185 838 680
966 873 491
1240 2121 645
1855 224 421
713 1198 549
1537 551 612
3295 2274 555
1726 2976 846
2020 1437 884
2484 1260 607
2151 2622 396
2349 1631 321
2139 369 812
1918 2761 924
530 3241 479
1787 258 348
1338 2687 666
2315 954 293
2983 1123 802
3167 637 534
2838 2354 837
3261 1404 868
502 2569 763
3229 1423 615
1494 2836 393
2807 961 275
1376 641 156
3017 3035 963
2421 419 391
1335 2727 662
2809 576 713
717 435 128
900 2742 742
1298 2871 219
678 938 240
1802 211 494
2012 2638 945
2891 3140 818
1859 697 781
406 697 582
2664 2621 628
2802 2787 752
1578 2991 625
840 2059 403
2501 2743 860
15 1781 702
1154 1644 22
300 3259 876
1131 3235 713
1610 1195 968
736 532 736
1804 1616 747
2159 2558 283
1899 374 584
77 1901 770
3297 1041 543
2270 1454 311
178 1933 985
1929 1484 723
3116 1159 862
1494 2178 444
2746 1676 319
3211 2620 749
1891 79 678
280 1518 223
2391 1951 996
277 818 945
2879 1786 474
2715 2153 295
613 2831 983
2791 896 417
176 990 538
555 92 750
509 2109 485
3113 530 258
1752 1262 970
2379 2310 901
1101 1754 626
914 1240 317
1043 3110 668
1437 838 658
521 1314 282
957 2833 618
332 741 905
847 1441 336
2390 3037 80
486 2346 705
2517 280 898
2512 1097 892
696 2687 776
2440 2790 517
372 1900 196
251 976 96
1968 1384 521
2283 2289 46
2774 1947 194
1728 3018 758
806 442 650
2698 356 947
1153 2728 77
1930 561 779
753 2972 486
2604 2811 969
525 1238 869
754 2366 213
648 700 386
2540 1186 652
2889 700 235
671 889 915
1982 1900 44
2442 124 824
2780 2495 526
1302 2671 687
2128 1789 231
12 2802 243
1899 1875 651
440 3009 994
1011 252 465
1318 1585 450
442 451 306
1710 125 197
2544 974 870
110 1699 341
1887 2197 43
3205 2832 879
2330 664 909
2561 1418 665
928 1876 735
593 1087 768
891 3057 993
2627 515 130
181 2386 673
2485 1763 9
2896 3120 355
1830 2917 442
2761 1133 933
2784 68 38
1016 538 171
2331 183 378
1533 920 849
1058 3218 10
2509 2560 678
233 1409 707
506 2834 984
2705 598 117
2853 841 466
1947 220 927
1330 708 374
2971 2428 348
400 780 237
304 889 26
3120 2360 556
155 2155 861
2830 205 725
3286 671 704
1241 2063 108
156 1495 598
2769 23 345
2617 1431 779
1090 3228 880
1698 1991 513
2841 1126 52
3154 3157 819
2969 2132 237
2411 2998 246
1903 554 714
3236 950 944
3024 399 621
3270 668 677
880 3221 916
3022 3290 376
86 3067 913
596 1651 886
1850 713 278
1228 2398 345
1763 639 109
1263 28 968
1495 2458 912
1580 2021 11
1208 1298 157
704 763 802
378 3100 674
761 3031 13
1223 599 493
2092 1554 425
1604 1748 354
596 3174 113
1468 94 237
2308 2909 647
279 2293 856
1474 573 494
2411 2529 107
3047 2140 124
2745 3146 440
3122 1081 121
1295 2017 371
2718 3072 397
2476 991 544
467 1375 175
110 2148 593
1534 2604 853
149 526 584
1502 3157 179
36 73 175
721 885 500
1866 2516 943
1198 1324 144
717 2786 505
1823 1199 419
608 2968 238
781 2710 235
1709 2825 685
1004 2566 216
734 1288 148
1769 782 463
3210 142 399
295 1910 525
1947 2926 208
880 2968 29
1510 2050 194
1505 882 456
1470 3023 526
2921 1388 135
2481 1458 595
157 682 214
2906 3289 889
2231 2374 936
1179 2390 991
1869 95 329
1721 138 264
3079 380 435
1826 2520 549
767 1056 875
2871 649 404
77 2001 6
197 1573 342
833 2575 526
747 736 477
3188 1902 50
709 1756 847
1833 2325 283
20 2575 709
2029 1747 569
1042 686 529
3253 2477 931
274 601 229
912 3231 844
3134 2334 896
2788 2495 332
1609 957 637
2714 321 335
2914 2790 351
2799 2493 164
2813 2948 495
2309 1139 434
1382 1295 452
1915 2484 107
1036 775 203
3181 2922 213
3043 1710 702
2911 140 432
340 275 94
2955 732 680
3261 408 101
1906 926 579
2649 1726 900
377 1642 990
1615 3104 994
2680 1866 506
2298 2205 165
1662 1082 149
370 1651 317
974 110 835
340 787 316
2949 449 388
129 573 334
2595 3271 181
3076 3046 675
2973 2733 640
403 428 674
2626 66 915
2218 543 43
714 553 931
1181 282 302
54 1860 774
2863 1921 544
2271 787 587
1363 3248 258
2662 2286 702
2133 683 858
268 3000 868
2557 2403 452
141 3123 613
715 2687 310
1588 2604 930
1591 1198 221
609 720 872
2887 705 532
2797 964 326
1705 3017 440
2670 2539 435
231 1168 938
1880 1464 779
2942 1801 46
2798 1084 368
2004 1899 510
675 3202 141
2200 2070 903
120 1865 564
2330 1071 137
224 1189 630
617 1747 563
3041 2694 198
469 3058 135
2789 1736 270
1797 2768 926
1210 337 549
1962 465 196
111 543 462
1312 1926 360
49 316 668
570 2239 425
1093 1392 359
1120 727 772
2884 732 365
1416 70 853
2518 747 893
3279 1004 809
716 1369 727
3246 2973 527
1021 1363 851
863 889 284
2494 708 262
2910 596 24
197 3173 673
431 69 870
187 169 990
1459 2897 974
1861 2407 618
2963 1716 425
2767 2671 907
1430 1437 924
2027 1191 828
1452 2170 373
2934 2951 544
2823 3136 357
650 907 827
2824 2450 641
3298 1821 218
785 200 112
1948 1696 782
1973 2327 44
1780 778 561
1842 1766 181
814 1962 877
2781 1642 59
2050 2338 914
1021 94 774
3188 1906 420
3187 1781 317
3258 1206 716
670 2708 82
1890 1408 543
2986 292 641
1878 1937 605
451 454 100
2670 2284 380
314 1199 857
279 2932 776
2689 396 369
749 2781 598
1064 2004 951
2940 3005 470
23 1104 798
972 1646 332
2059 3171 726
632 1814 70
92 198 520
2365 1836 167
122 2996 75
1076 1007 682
3215 2791 126
2172 1497 1
2329 2445 25
1320 2097 864
399 411 410
2489 1270 119
1794 2561 972
1012 2518 330
633 1041 222
3171 216 645
1017 2265 901
819 754 290
438 1529 345
2106 281 401
229 454 548
2124 2808 381
2087 929 105
2758 15 534
107 1292 379
542 854 891
1183 1279 579
1237 2070 14
45 3086 366
2234 159 89
688 2862 981
3248 494 548
475 746 840
2491 1362 508
2406 2592 326
758 2968 293
2365 252 513
1730 2277 234
1006 1501 452
1016 1831 849
1381 2683 579
1424 72 70
1689 2075 484
1105 1048 155
2473 2772 468
862 3180 823
571 2683 431
198 494 2
1962 2844 389
576 1741 718
2191 1855 528
419 3183 754
44 134 240
97 547 227
1316 3109 675
2458 1163 532
1525 178 960
1927 1666 115
2129 1179 159
1316 2148 693
309 3257 146
1671 1700 240
2551 622 445
2826 532 838
1684 2785 993
1632 1775 333
2332 2966 913
1577 1707 889
2367 2420 798
1633 701 485
1213 1887 525
655 249 692
3037 569 126
613 768 623
1213 2567 174
158 584 469
1114 2463 342
28 3136 711
2373 2351 199
1426 1219 304
1546 815 961
800 2391 652
1664 0 98
551 127 976
155 2337 866
970 575 898
1083 275 126
1978 674 753
3122 1655 20
1630 3252 100
814 1009 883
2042 865 848
1932 3206 70
1789 1909 568
1739 2385 280
3031 820 911
946 138 307
3047 350 390
1084 2248 526
1730 2086 736
2675 3004 799
2054 1528 782
2652 1640 438
1179 2068 444
337 1367 206
2658 799 550
1054 2873 909
1032 310 671
327 561 959
3126 2450 461
1654 197 9
87 1852 91
524 1165 997
139 593 55
2105 2430 693
108 1535 967
2851 2450 13
117 448 582
536 1798 223
3025 644 315
2924 3265 803
960 3280 329
2603 439 425
1192 175 722
1471 2992 838
2705 3090 571
1199 1949 660
2187 873 756
880 1727 564
1546 2321 243
3066 2465 337
1006 1115 349
1233 1530 440
2615 2469 203
3067 25 650
2172 155 590
1712 549 263
2095 223 368
49 346 502
452 2934 575
1838 1519 714
2179 629 694
2669 334 50
2081 1136 455
1706 329 805
2010 285 116
552 3082 163
1637 584 858
431 2710 78
1651 1870 131
164 547 681
556 992 61
2768 110 681
3284 642 750
563 306 502
288 2524 407
3137 3248 359
2423 59 703
3013 1378 812
2749 564 527
175 942 863
1191 3098 671
1255 2431 197
159 2532 109
1622 456 404
1173 246 88
1518 2648 525
996 471 526
164 2880 414
1517 1943 320
262 702 874
1248 1200 817
390 432 684
2009 382 844
2008 229 421
2823 1760 200
2806 3005 942
217 2286 871
1990 460 457
2951 199 93
1107 2241 392
868 2860 965
3221 93 160
1335 783 42
2601 1653 810
3075 2015 113
67 394 853
1328 2806 988
2690 130 53
116 2907 735
1296 1994 405
2494 3020 949
2619 1190 784
3146 1877 431
1907 497 791
3127 2623 371
2701 374 240
1820 3057 983
188 1096 627
3141 732 705
515 1071 781
1588 364 428
1208 197 264
3210 628 488
271 89 600
351 2821 852
1830 558 990
602 424 122
2857 1004 282
1330 261 51
1670 2748 762
2664 1494 893
1708 1926 8
2188 579 841
1965 788 48
341 3024 464
809 3263 162
1672 3046 436
2750 339 676
2306 443 500
267 2930 643
3005 1552 71
2664 2575 17
1454 2537 185
2540 1627 218
878 88 271
1649 630 771
3217 2538 291
2138 3265 431
3136 971 598
503 2402 121
512 2197 288
1765 833 817
2242 1849 389
487 2955 954
2121 1570 80
1998 1802 419
196 2201 571
771 1838 441
2409 2131 681
2262 2579 222
2356 1772 757
2009 2846 948
2289 1915 389
153 2611 665
1699 2531 289
346 1377 270
2655 299 409
1802 1022 94
719 1404 372
1145 1832 197
312 2025 348
2539 2307 150
3173 1556 91
3136 3037 302
128 1321 689
2858 3250 883
2275 2785 914
1053 532 589
3125 187 298
850 261 797
140 48 103
2078 500 114
2628 982 370
2244 3116 374
2101 3250 834
1168 1075 709
2453 1230 326
2510 1427 104
3149 1472 364
1311 2964 971
1533 1797 385
2751 2396 631
2988 1090 889
46 2750 913
2951 1472 682
818 2765 528
184 1536 923
2054 2152 405
229 1434 275
613 2924 160
2745 1291 756
1059 631 109
2865 2767 519
1574 2150 609
747 2535 552
794 2919 767
809 653 240
440 2809 910
2210 1331 837
2456 1501 313
1063 2032 499
2203 2294 992
3250 1064 800
3261 1950 754
3094 2936 698
3210 415 224
2465 875 829
3159 1503 221
1494 968 165
235 2407 876
867 3228 555
1289 2801 766
1562 3051 621
2110 160 447
2180 2231 274
1287 800 830
1157 1839 679
3115 1551 217
2489 3009 706
1219 3271 73
1986 2686 152
2066 2423 541
2729 441 753
1945 1711 328
1874 740 89
3000 802 568
887 2435 680
1629 1842 545
1549 188 537
2023 2086 823
1022 447 419
2038 1938 842
2180 2851 627
304 1083 617
496 3282 484
528 1375 677
1038 3131 316
1125 2647 35
989 425 739
2699 1106 310
1124 228 498
10 2375 395
3156 202 532
1663 2656 841
2364 2989 907
2708 1764 403
3239 2988 37
2848 2443 815
2519 226 560
373 2595 199
2192 3268 146
715 872 815
1971 1234 101
1816 2885 345
2859 2826 431
2054 3291 778
2377 3018 471
374 2804 257
1852 938 961
3001 1580 487
751 2732 762
39 91 186
1444 2779 945
402 2015 813
1894 646 381
2182 3165 910
1840 3123 119
1756 3219 504
2083 642 659
1807 2786 684
1777 130 583
1445 2487 900
2180 2011 952
1358 754 984
1917 1694 587
1136 654 109
2662 2738 413
453 1715 968
3118 3111 661
1294 1945 559
2673 2179 618
1987 2793 958
3143 107 863
1824 2467 218
708 1884 374
2197 2681 649
2572 2120 337
2435 253 742
3212 2336 708
1579 32 597
1696 2810 558
2038 672 949
3280 1433 909
2904 1086 43
1147 277 219
1389 628 30
555 1148 493
1518 1656 691
1596 1379 861
1591 2543 686
782 929 213
3004 1994 429
1158 1945 207
2048 199 522
64 2803 420
2903 1769 31
530 251 525
2480 78 952
1801 2302 841
3016 2489 296
2416 1034 463
2076 1720 268
1959 2753 368
3057 2203 451
1724 839 909
1248 415 614
112 872 47
283 1595 767
1996 109 916
1464 2959 537
2081 1318 461
2915 3257 531
2753 3297 315
188 1107 607
211 912 687
861 62 622
487 581 381
706 2153 865
1278 2380 896
1973 119 764
198 774 851
178 2802 51
3114 2753 732
562 2050 371
1483 3103 484
361 2679 525
2550 317 680
265 1136 373
2299 2627 300
3003 168 133
808 3007 585
391 1734 465
1962 1657 239
3151 2278 496
1414 2195 94
1648 2251 690
2680 1835 817
674 532 728
3028 1243 28
3031 1108 728
2410 1304 348
280 2534 271
1022 2327 557
534 2148 125
2217 2143 508
2559 1523 442
854 764 77
2447 996 887
2117 1725 338
462 1602 666
303 240 426
1947 1707 107
1992 1376 947
1501 1888 460
2233 2 917
547 1397 475
496 374 453
1911 801 697
2625 22 203
545 470 318
731 1436 374
1481 3053 200
824 2750 530
2940 1830 301
2239 1179 785
567 2357 592
889 1283 961
1995 1030 278
791 237 214
2861 2171 114
2360 3260 585
2913 154 809
1562 3014 100
3079 250 996
1682 729 249
1229 2769 527
1442 1142 822
327 3052 217
3247 2542 561
250 2666 650
2236 3003 455
1568 2566 132
134 1435 349
842 903 647
911 2852 179
3192 1954 340
1893 143 709
928 945 575
1446 1421 420
3255 494 833
385 2496 734
2298 1856 485
680 1651 502
2098 968 838
1401 2853 728
2772 2550 202
2367 3024 832
2479 3246 391
1691 3048 613
474 7 412
3053 607 408
2311 2259 866
2363 1256 361
992 15 28
112 1457 905
890 2255 171
2702 1127 851
131 1711 526
881 2300 667
2780 869 240
886 1750 672
1486 746 883
3073 550 503
81 2527 220
288 888 63
2264 2900 274
667 2075 190
1919 580 391
186 693 734
2309 390 493
2404 2088 350
1016 1630 483
115 1076 607
3252 770 455
1717 1335 832
2763 209 457
3222 2132 535
327 2077 306
1475 1480 913
616 1905 867
1802 2354 989
873 879 719
1686 2322 187
2955 536 684
3250 3 986
2449 2514 63
429 2775 38
501 2173 706
108 3101 554
433 1999 837
326 2410 137
1903 1034 691
1780 247 558
391 810 590
503 426 759
2720 1844 438
1835 2349 36
2532 2562 800
2336 2121 48
23 2996 985
1278 515 565
1298 2586 943
71 2656 878
2783 121 41
2357 1059 410
595 811 175
2809 1386 608
454 681 96
2272 2107 563
2532 3090 491
302 2575 695
1037 2486 326
1181 2577 221
1273 185 507
2778 1590 939
393 2351 858
2705 880 334
824 963 708
2401 1835 969
795 2440 715
2101 1391 143
1045 1809 57
2753 2908 3
1734 2207 103
889 2185 454
1656 2216 583
3138 1972 531
582 252 486
1505 1413 383
2298 697 998
2913 914 461
3038 749 511
2570 2478 646
2014 255 555
554 1400 601
3107 1042 208
2245 2311 794
572 508 418
417 2622 251
1320 1936 732
2079 2632 864
2200 3083 480
81 3110 727
2898 733 973
1701 3176 449
1581 1719 374
1893 1398 988
140 1376 514
1447 2220 499
2077 602 817
1615 1322 476
21 1208 563
314 2457 144
1929 3112 46
38 2710 829
1546 2881 55
169 1565 590
1842 2227 706
1067 1731 367
1175 204 527
3217 260 748
415 1988 496
860 1281 242
717 2244 172
893 3033 213
1467 1567 107
2074 608 347
2553 2619 556
3297 2534 763
1306 2949 403
942 2076 563
3197 1788 27
1478 922 745
223 211 772
163 2488 173
96 2026 964
3288 1173 126
429 295 529
1203 28 898
1674 1753 575
221 1534 835
272 151 136
143 1583 675
1102 1144 749
406 755 393
1936 2697 863
1077 2127 707
1691 344 856
323 1231 289
441 3103 723
653 419 102
438 2265 270
287 1646 240
430 2900 833
552 2131 233
841 2207 140
397 1833 349
2851 1428 213
1142 140 71
953 3067 400
2091 1934 802
405 561 231
2470 2120 614
2677 2880 832
2386 447 764
1953 2383 45
96 3202 900
1923 1492 767
1520 2775 536
1914 1865 883
1459 342 106
3238 1737 822
1626 2018 419
2860 3198 455
350 2310 515
91 1894 415
1285 1089 317
2151 2200 544
13 0 345
1845 27 604
560 3230 562
2141 405 359
2389 2925 645
1255 293 567
2603 2063 302
1043 2888 837
3240 1256 488
3168 1429 996
2039 542 572
446 2789 51
26 833 331
3098 1173 490
1598 1697 666
378 17 313
3282 2970 743
1797 433 711
2875 3207 347
2562 897 254
1245 2010 154
2750 2889 425
999 90 338
3162 1795 614
2723 381 647
1808 3097 489
1667 2509 863
2242 2988 632
1859 1719 288
2247 1232 411
663 903 488
2880 2560 134
2236 433 315
981 1562 945
2939 1711 495
1977 3159 888
2362 2804 375
1079 1229 470
3293 455 122
898 2741 273
1474 1560 202
1035 1151 687
239 3135 956
2222 2546 83
2071 2950 784
1260 3123 348
1879 565 535
2296 777 670
2978 409 890
1379 33 292
3092 2547 892
3249 811 26
3297 2774 688
2930 568 535
371 2598 904
736 1523 502
69 1432 381
1640 1827 198
1508 2295 147
798 2624 361
2026 2671 150
2827 2188 46
2492 2381 103
2846 1562 149
1176 2730 118
321 230 34
2537 3281 706
3103 1111 939
272 1456 801
1470 1085 678
489 1550 273
420 167 529
3148 691 363
243 404 17
2876 2212 499
477 1188 800
1020 1055 221
984 1207 435
2720 468 366
2395 1352 689
438 1366 995
2648 3060 276
922 758 897
47 943 407
1685 3141 85
2619 2832 309
971 2531 510
1749 805 920
2390 473 960
910 2566 832
3141 191 739
3016 1502 405
144 3089 416
1642 3252 508
2033 75 269
3170 1170 1000
475 1731 461
1310 1870 900
2798 2569 592
2765 472 196
568 645 183
1083 2717 109
1144 2088 111
688 3005 744
191 828 231
2090 2237 358
1803 1390 907
1364 2509 877
186 2837 20
606 2934 498
2858 473 10
2071 2683 823
1246 1469 886
1641 2796 274
713 3221 575
288 339 368
372 268 579
2663 1882 703
311 1721 265
2399 3078 703
1343 318 884
2866 663 636
1705 1418 619
2604 2706 847
140 717 515
3265 817 552
336 1186 926
1621 1563 796
147 1503 300
305 2890 537
1454 2426 958
548 610 256
2717 1252 708
218 2664 429
1197 1141 534
270 1912 739
675 848 514
2338 141 187
147 149 737
2787 2035 424
1724 878 137
505 1868 559
2954 463 128
2489 3158 620
1690 1166 424
1444 1796 603
2532 1944 330
1536 1142 545
1319 1122 367
721 1531 392
1808 1036 765
2044 950 800
2530 2892 5
976 2869 373
2573 191 999
2017 1540 5
55 1179 250
483 3035 815
3195 2820 279
2012 1214 860
125 1543 575
2404 2511 120
2088 145 182
3155 3281 441
760 1767 821
880 768 771
936 609 565
1043 492 213
1009 1363 505
289 1924 547
597 2016 850
1478 1008 276
266 1501 602
1474 2281 140
711 2252 571
412 760 99
2481 2596 131
622 653 961
1532 726 695
2851 372 94
3052 2543 668
2743 2773 110
1148 1328 21
3243 1673 743
236 631 120
2700 1217 351
1288 3115 594
680 32 290
1520 2824 947
3025 3218 501
1025 314 692
74 1075 629
2393 1679 690
2533 2641 458
249 1817 5
936 9 125
2152 1773 974
189 360 482
125 1700 277
1494 8 99
1754 2833 502
1381 215 634
2005 1707 320
797 442 853
2529 2451 329
1524 669 558
217 2319 264
2444 2906 128
761 652 549
2088 2809 770
2317 2072 503
1276 2354 843
1182 2743 487
1469 21 827
3125 309 709
341 3042 951
1533 1075 360
1082 1574 398
2267 3142 130
3109 411 442
1008 459 143
1287 506 934
2174 324 671
316 1489 98
1251 758 521
2614 1522 636
1124 2707 214
2281 998 246
129 3107 178
2064 163 928
896 2514 908
1635 1605 648
1085 733 535
649 2829 13
667 951 968
371 821 190
2804 2858 114
359 1736 625
1712 536 850
2826 964 424
1804 1330 257
3048 729 599
2045 2288 933
2406 347 203
2479 2571 17
2559 2787 591
600 713 233
2222 63 361
551 1168 291
488 974 959
1726 2916 17
2247 1671 194
2404 3108 697
671 241 131
1483 2358 254
1965 1723 820
3122 1208 406
2553 1814 411
202 3262 164
205 2292 357
319 1005 343
3287 762 186
2191 2820 807
1795 1404 954
1225 734 57
1123 1202 111
2472 2685 906
183 3196 781
721 1942 190
2394 1363 325
1314 2492 650
253 2302 873
1270 2926 345
3172 2290 393
353 2623 408
2342 1576 899
2498 1245 361
427 2663 656
3007 2770 764
3245 2494 856
1628 990 521
3056 416 58
2606 1495 301
994 1021 431
1456 2022 365
2401 956 927
2129 2332 814
47 3197 66
2697 1803 721
1279 45 692
1799 1990 915
33 3286 517
672 329 627
2334 935 778
1611 32 161
106 268 51
2467 1809 241
936 1687 380
1249 1140 964
1049 692 217
2640 801 644
2834 1880 659
1039 1621 234
2326 3231 720
392 1347 163
1940 1622 455
626 3107 949
2457 493 739
1356 77 861
252 3080 477
2215 1359 839
2702 1055 618
1166 2369 893
1481 2971 88
968 1223 847
427 1706 385
18 1869 177
3203 1229 613
1891 2306 409
666 1600 794
28 827 758
2934 1033 663
1714 1029 722
1094 1761 827
1110 384 530
265 230 284
2467 2858 465
2501 1664 852
872 540 37
1536 1715 962
3099 3022 201
476 545 785
371 2038 1
1662 3137 169
2174 1707 667
2902 1906 183
2915 2173 917
2945 896 455
2133 935 82
3139 1830 966
2369 359 993
2668 2832 578
1956 1205 399
3242 777 178
289 3073 868
8 572 126
1596 1794 947
2470 670 543
1666 1004 633
1603 2093 331
2806 2311 107
815 2368 183
1023 1295 519
3125 2501 313
2706 1010 334
840 3267 674
586 1915 983
3172 2591 684
1293 1315 619
660 3167 723
215 1561 440
2564 2695 302
2521 1358 47
102 2719 186
1607 930 207
2393 1351 149
1707 883 762
1255 1221 346
1637 450 170
1553 400 347
3101 981 161
2432 2863 88
3182 2550 202
2106 2224 452
163 1271 95
2412 1181 638
660 743 800
3048 797 711
1459 2481 925
348 645 266
3168 2612 696
1203 212 636
1440 188 641
285 2571 903
1638 2039 842
769 2033 310
2551 490 171
955 2663 615
1663 2970 199
3283 1769 462
2354 1494 644
1881 2046 170
3242 326 880
1759 898 740
272 847 792
129 1758 887
47 1289 698
1966 2593 26
2970 1360 10
1010 597 565
1107 208 229
1156 2923 567
691 127 727
1848 360 254
3118 3107 436
321 2080 461
3270 1758 571
2369 2610 728
1173 2441 814
522 165 232
813 1308 841
1003 1167 984
2777 1621 74
1940 129 748
1834 2212 486
2977 2692 68
1392 616 106
2289 2497 625
2966 350 501
975 2916 269
3217 1152 742
2726 2561 142
795 843 294
1378 2937 359
2711 2337 920
1230 2568 959
1255 1587 729
2704 2774 509
152 51 631
1098 2345 692
2931 278 367
1810 1981 76
864 1897 108
2213 388 40
3154 2258 352
3244 2989 379
1797 882 938
2930 2799 667
1970 3053 599
1077 1449 781
1990 1889 819
1396 629 797
713 1871 298
97 820 372
1240 387 957
1851 929 871
673 2664 719
3199 1329 172
2250 3004 866
2298 345 487
1843 2604 272
1125 2772 928
504 1294 702
1237 43 72
1258 2111 328
775 1599 724
799 2276 196
1892 709 12
475 2328 941
3104 135 295
2120 1827 305
509 2217 287
1386 3142 294
2521 638 379
1739 416 434
260 887 506
1091 1094 639
286 818 19
1084 1026 121
1450 726 705
924 2781 136
1411 853 73
2403 958 193
1061 3187 305
2983 378 237
2884 1724 419
2585 921 10
1390 2369 153
551 1407 790
1107 1074 521
1740 1077 472
151 1850 612
2017 2381 351
2416 398 421
2045 1572 102
1868 895 57
1652 2461 659
1085 1768 998
289 2206 872
74 950 871
1883 967 762
3299 97 313
2749 2890 349
1355 234 416
2463 3067 2
772 3115 278
1803 1501 82
2666 2344 201
2325 2900 722
1956 239 883
918 2184 692
1387 2198 531
1494 1305 361
1077 1831 72
3202 440 861
1554 1109 969
1941 696 662
1654 2947 80
1821 1427 248
402 783 887
1282 989 897
292 3012 128
1254 786 319
720 2075 595
2553 369 184
715 1865 687
619 289 464
3282 1356 291
2938 1338 765
224 2857 521
2727 1843 103
3126 2486 739
364 688 10
2622 2040 224
2034 800 447
2008 2920 761
358 1397 127
1082 2801 216
1177 2857 58
758 2596 672
2554 3266 91
565 2105 87
751 1559 384
226 2132 869
213 777 47
308 1074 766
1141 371 684
117 1826 257
876 1547 169
2006 257 984
399 2607 96
1851 1963 363
1657 107 748
2423 2023 333
2211 1843 130
66 317 161
1782 2624 149
840 3167 498
222 1022 544
1521 2496 500
2722 913 329
980 262 185
887 1740 431
2487 2041 301
1622 359 306
346 2596 831
388 884 770
856 1042 544
2563 2209 553
1901 751 215
2497 690 501
1328 1390 132
1286 584 447
1965 3298 921
3175 1473 712
1671 1583 43
466 694 964
2339 1343 655
334 2288 752
442 411 988
2206 2597 761
2389 3022 150
859 2107 561
1145 2303 731
1775 2208 625
2123 3034 948
3068 1040 415
952 1038 514
3224 1250 578
1058 843 3
1687 2015 715
2587 1337 559
2022 2182 131
2348 1358 498
630 1055 827
1926 1156 913
2816 600 222
2670 1737 555
2854 2163 714
1371 3126 672
910 391 253
118 267 749
2155 2646 943
2921 2843 112
3186 2740 177
1644 2851 736
1423 2392 689
610 182 642
299 2699 862
2520 153 655
2539 2945 79
772 622 391
1667 2048 651
1425 1235 870
333 1819 660
1227 3181 378
2294 89 318
753 2914 361
2853 997 833
519 2232 81
2089 2295 997
2170 613 414
109 435 613
354 1207 192
3224 470 535
2689 1986 39
1228 54 671
1089 2810 11
2222 3207 746
434 348 983
736 2544 988
1689 414 733
247 2214 94
776 2585 288
1550 1732 580
660 145 137
2782 3237 743
2979 545 141
1486 520 86
2175 3192 213
1310 2336 592
1384 5 314
2764 3056 3
1979 1642 310
3170 2878 515
604 2366 773
3170 365 368
2111 2038 92
2645 3281 582
3133 3210 104
306 1814 852
2906 2955 67
3098 1062 904
994 2616 109
456 799 441
2956 112 283
166 28 514
587 13 982
289 2992 439
996 2155 238
2077 2576 937
1874 1803 751
3126 2352 300
1366 2803 683
511 1930 200
3277 230 10
467 2504 608
1978 98 459
1133 1299 507
1404 1758 94
1368 2474 484
29 618 775
1390 2910 639
218 2835 459
1439 888 698
1020 2447 540
2776 1820 917
1300 1624 6
2833 2059 879
928 762 453
2319 2744 5
167 1391 213
1487 84 612
2325 1361 564
1490 1681 376
584 1498 295
1512 3090 372
2882 1050 725
1630 501 271
1841 116 2
744 2513 503
1014 380 438
1525 2463 712
2306 599 984
1353 727 45
1293 1673 671
3196 2352 688
878 362 184
2950 394 815
214 1445 274
627 1305 306
1069 2063 838
406 2070 926
702 3020 918
470 589 317
439 2790 752
1974 997 982
1978 334 94
265 3154 949
463 989 942
558 829 677
3061 660 706
2718 2247 744
2002 1664 979
2275 166 837
529 652 359
1595 2866 729
2455 1562 13
506 398 233
220 1275 936
646 552 402
608 102 662
670 1765 515
47 3011 889
841 1071 539
3167 476 638
3012 3101 652
2924 1979 75
2295 3063 952
2314 1192 598
2459 550 180
2473 67 73
3173 556 632
2869 2305 18
2019 28 657
89 109 46
712 263 968
1523 3286 907
2258 1563 885
3045 1142 56
3263 2028 742
1344 2726 944
2846 873 991
2268 1774 565
569 1841 26
1106 2822 328
1071 1191 83
1897 963 489
3145 515 127
2683 2164 717
2945 1308 13
2938 989 754
189 214 120
807 1228 431
1555 2544 440
1256 1862 224
90 1934 838
2455 3091 347
3131 1861 220
2137 822 997
2932 2575 926
1158 2604 776
238 2449 901
1694 542 644
2223 409 792
272 1030 413
2835 2519 465
1109 638 449
1594 2654 355
1025 3144 882
2831 3003 217
2566 3279 773
2197 1250 85
471 3201 432
2452 989 224
1915 2318 748
2507 1827 175
217 540 990
3119 538 906
2750 1786 710
3201 642 126
2564 2728 954
2153 1511 819
2832 88 46
1074 1733 788
2468 2561 874
1223 323 816
280 1045 74
971 2562 181
60 2742 253
566 2684 226
3237 1246 944
3296 885 238
1566 2387 194
2846 2285 717
933 1772 209
496 50 744
2850 1252 604
734 496 569
1627 1552 716
3110 3282 987
218 288 783
2961 191 304
2184 1857 66
2081 448 614
2985 3171 235
120 69 597
3047 73 194
394 2284 740
3201 615 899
3251 3072 254
2431 918 713
1418 2272 401
3114 1098 793
2139 3253 192
194 1146 808
3127 2660 634
792 2606 473
2246 1064 728
2143 2614 865
2080 816 899
3273 238 16
1030 2545 705
2104 1875 263
2453 2208 802
1993 1861 856
104 400 441
979 1945 386
1281 448 138
123 361 626
3037 1946 949
2588 420 244
443 2506 771
2826 1737 39
427 1769 501
3112 3045 699
3175 1066 461
3060 2669 884
1506 1771 58
4 1871 955
2721 2264 804
359 1366 433
2815 894 835
2588 634 687
1025 2049 949
2749 1614 477
718 2215 39
1420 2821 172
739 2100 183
1946 2958 41
459 1453 708
1978 2375 914
2595 1116 197
2578 172 695
1398 3161 614
1082 2893 257
932 249 208
372 989 349
264 1557 67
2391 2135 580
2333 1975 99
448 635 483
1035 1914 922
2798 3261 860
861 14 999
2760 1664 590
714 1192 499
2229 1178 643
1504 2616 533
1686 405 440
1703 1077 698
2830 2939 723
356 1608 755
2322 1198 533
3090 3005 5
1594 1862 843
2442 2369 638
2478 2072 875
1286 1188 813
1609 2138 303
2062 1500 397
1148 558 238
1371 925 584
913 2895 817
617 2527 95
1459 930 302
1046 1256 372
3147 2535 143
3290 743 420
2883 3112 615
3034 2164 680
3198 808 618
1361 1623 271
431 272 356
1680 3284 268
3234 2122 608
2395 1059 611
2509 2040 688
2830 128 552
2472 1136 183
476 1565 788
2046 2589 314
2306 2251 202
2149 2223 599
1695 1740 573
2847 1503 723
2161 2123 632
1288 1371 939
2964 1520 287
1072 308 526
327 158 549
419 1525 555
487 1517 250
2635 66 140
1766 1008 321
1026 491 881
1661 3299 325
3049 1918 794
727 2310 824
1743 1394 766
1269 1502 552
1957 629 304
2177 3009 124
2822 2767 105
1148 2784 481
1170 590 680
2633 1504 790
3000 510 52
879 3044 252
725 1689 777
1699 897 127
748 636 235
1858 487 596
36 751 918
1515 1727 573
89 77 105
442 1914 479
3066 1264 239
1392 882 480
1691 2895 353
1835 1794 582
1730 1174 226
1066 1354 76
176 822 470
1624 2529 762
794 3001 383
568 2214 153
539 2853 919
1532 3216 666
1410 326 678
2868 2370 677
1786 990 507
1163 2903 98
3167 344 742
274 629 987
1098 685 13
1571 270 142
532 1143 852
3180 1865 133
2304 1082 276
1328 1374 141
1475 1649 869
3257 2095 4
837 1625 618
1030 952 993
2800 977 721
394 902 823
970 873 431
1985 1504 971
1154 1341 69
2158 3161 274
2350 2040 865
232 63 213
3154 579 580
350 955 917
3106 1448 731
736 1347 647
547 2895 18
2776 1440 253
612 1983 855
1205 1920 995
2264 1584 599
209 3020 528
1968 23 353
1838 1369 869
1089 2567 475
597 2938 297
1916 2488 1
2745 656 98
1309 2017 859
1992 1860 140
1186 2482 869
2718 1024 738
2936 1913 167
2067 2979 283
976 3103 305
2213 1109 433
1546 1661 70
1168 2995 238
671 1057 268
2772 2286 992
792 571 264
2625 1756 632
3266 482 880
491 1674 729
1196 73 847
767 303 605
2199 548 606
91 3276 199
3111 2953 875
1231 2620 913
1904 1661 28
1894 2766 644
894 2290 999
2618 2490 605
948 829 108
808 1461 501
2914 3028 484
110 2902 178
2976 490 682
531 456 25
2697 2915 313
3202 860 711
1961 885 897
1561 1406 40
692 956 317
2138 2723 943
2212 3246 747
1787 1134 62
2878 709 74
508 2476 667
2338 880 892
1767 1515 599
968 2002 590
139 151 519
3230 3271 274
2751 313 925
1998 1349 168
1118 1271 208
440 1390 3
1581 2627 773
2573 695 924
2997 244 442
2623 2841 683
827 2766 433
1900 2302 765
3084 570 631
2856 1451 56
2511 718 383
1835 787 981
321 2408 459
414 1846 188
1244 2573 575
1277 89 171
1592 2866 796
1275 1493 758
2445 1293 146
2338 3128 65
598 137 910
2714 1843 294
3195 1755 158
413 1215 304
2967 3054 445
1857 453 419
3254 2303 534
1729 1269 610
2205 3195 787
702 2545 819
1525 3026 279
2253 2835 970
2897 1802 209
461 1338 766
3290 645 158
1427 1592 99
2506 2063 170
2038 2169 263
1701 127 54
1366 115 123
2598 2893 338
2746 306 241
3209 2329 622
2612 1421 218
2757 2148 462
2627 1785 754
849 2534 15
2399 1122 556
340 1970 340
1910 2636 183
146 928 924
1731 1977 849
3079 768 371
785 201 795
622 3140 843
358 389 148
1067 2185 397
2522 2981 709
1997 1583 352
2432 1724 759
1999 802 473
1207 1003 230
1304 1419 105
1426 211 753
942 1993 252
2526 3136 827
3082 1448 845
1422 2076 762
2854 2473 399
692 1668 357
2043 163 958
2000 3060 805
2664 2942 579
2439 1486 835
3004 321 902
784 3093 367
1815 2330 880
1167 754 369
2702 604 670
1021 1136 625
1953 3107 438
2720 1667 712
1364 1100 186
3003 1608 271
824 1248 306
1585 2164 433
511 1525 385
237 2446 99
458 2192 482
259 1055 927
708 2426 441
233 2716 747
692 2154 779
2456 2334 496
1481 1210 352
2484 2906 114
1809 2844 534
823 2511 247
2497 2487 886
1889 1773 686
1376 2034 931
3018 3219 817
1070 1244 134
2523 2819 543
939 1090 86
1424 335 491
58 2254 731
1664 1468 336
7 2510 590
905 521 141
910 1423 152
2758 62 477
352 1514 796
1255 1686 565
1191 2360 17
1717 752 544
2491 2881 215
2519 81 434
1163 1794 470
2002 1317 928
347 3052 797
1005 2337 747
2251 992 742
3039 1645 400
466 674 926
2949 1693 884
1103 2968 640
223 1370 553
1612 2122 411
1740 2392 517
1507 104 413
2157 1824 388
1645 2010 956
2995 2944 863
834 3139 666
2273 3071 174
1606 2165 702
3111 1868 947
1574 881 818
1844 2081 601
1237 2357 546
2601 1982 969
1565 2772 801
1982 228 404
3275 315 386
2508 1128 202
3183 749 316
1226 3278 840
1610 2128 54
3262 1255 179
2321 1855 708
2417 2808 800
2499 2440 533
1252 1881 391
699 794 922
2875 238 843
1203 1906 631
707 596 879
255 1493 413
2475 2797 648
1853 1672 710
168 1735 753
1432 1679 518
2126 1612 206
2489 102 516
995 425 730
1462 1880 662
3284 2903 950
2029 542 928
829 1374 625
1612 1737 246
2523 3081 46
1444 3125 274
1839 1034 698
1624 881 453
481 2114 595
1549 2518 661
2123 3198 764
880 961 735
2441 514 11
1821 887 19
2766 90 327
2082 1159 648
418 178 974
1797 1913 756
1416 228 486
2310 1928 497
692 1048 656
1556 606 96
2161 1611 389
1812 1693 210
2268 1793 893
1880 1138 612
661 1636 95
1676 1900 670
1799 1246 745
2620 796 977
831 1910 471
959 2576 965
599 3117 937
284 666 863
3062 3205 416
939 2778 723
30 1812 562
1198 284 432
3184 1176 572
2475 2846 879
572 1584 822
194 406 480
3253 2812 493
86 1331 238
3203 2767 685
2006 960 650
1104 2210 500
1945 1732 430
2342 1579 799
933 2367 950
2297 1818 108
2581 780 407
2972 2818 771
2440 1047 103
244 2770 233
1631 992 420
283 2203 76
431 2111 416
2534 2778 643
2915 208 24
3193 525 112
269 970 725
1346 1361 761
2636 1000 348
1582 1624 982
136 1197 759
2126 2545 164
309 1841 390
2813 1465 27
977 969 922
2680 168 706
41 2905 500
1221 2470 583
507 2719 832
943 1694 971
1569 1140 998
192 2945 154
2427 1010 24
3080 2240 867
895 1136 602
91 3291 646
63 854 232
1359 2271 469
2204 1804 593
2177 525 760
109 3035 86
3031 2618 16
1299 1886 783
2834 64 728
1932 1308 287
122 482 121
3193 1027 89
48 1610 633
1146 687 926
2349 1368 413
2297 2023 24
3201 3096 862
1728 134 214
1892 362 234
1065 2230 290
2183 45 387
2246 2324 234
2642 2523 385
131 3245 416
1966 932 292
2199 1539 337
2560 2576 345
3245 1262 914
2260 1437 566
1846 2629 263
1649 2291 243
1264 1393 975
655 2753 263
1484 2281 254
2598 2650 909
3108 960 154
2395 3177 747
317 3040 19
631 2930 814
333 1047 967
2223 514 125
2958 429 52
126 1584 94
2295 435 115
2915 548 23
917 3019 159
2243 2558 399
808 324 42
2513 869 255
2464 326 669
1694 1251 396
2275 1295 699
1621 2267 703
2368 1498 822
482 3203 260
1672 846 358
54 1786 393
2838 2220 118
2991 937 947
1131 2321 582
1242 527 796
3120 125 436
87 1863 654
2031 1641 770
229 2115 351
310 2537 659
1877 985 889
1643 2731 494
387 2804 824
2833 3133 448
835 2843 895
581 1858 728
1453 3019 648
409 1521 700
3014 1364 485
2663 239 548
1755 2877 317
1163 3106 51
896 2943 3
2330 1587 73
1876 291 189
2724 1245 267
131 2817 416
303 1042 469
2790 2851 315
1913 2481 120
1177 346 673
2233 2355 76
613 2396 337
2097 198 699
1352 3079 798
2265 3232 719
51 1582 458
340 1374 939
426 2625 193
2996 1861 447
129 2076 441
312 2093 467
1898 3034 156
1911 49 826
781 245 218
217 2494 227
55 3164 478
2474 997 309
2312 1993 100
1250 589 42
1515 2106 2
3234 1300 720
2596 1337 673
1903 1285 912
1721 2984 20
2333 639 599
600 2262 706
601 3094 58
1714 1964 528
1404 927 101
2208 1282 132
3295 3059 646
2970 3200 281
2837 3170 228
1159 1138 608
2726 1735 157
3198 1560 84
1016 1823 200
2342 227 978
2209 2697 392
2192 871 703
1852 2173 938
2816 476 593
263 1498 547
1155 3142 746
2334 1563 9
2489 1230 191
1448 3219 582
3224 1529 543
2336 2198 427
2436 3078 277
3200 2781 539
1315 2061 345
288 156 913
1021 205 581
739 3066 889
325 2944 423
1205 1318 849
892 1138 733
1030 2650 990
2904 2516 618
348 2209 494
1176 2072 804
1671 2494 690
917 239 523
2065 1041 11
736 2672 971
1667 1765 168
59 528 107
2404 267 741
1657 1125 722
2134 601 432
742 2039 205
875 109 159
2252 1203 156
225 608 591
1265 3000 103
1121 1896 511
2662 307 681
1548 2900 103
2989 1722 960
2136 430 86
3070 2929 552
211 3276 474
1042 1694 726
1354 1758 365
247 920 479
1681 967 834
29 1755 495
1722 1926 259
920 63 383
1540 2568 836
1238 1168 825
282 1332 244
2025 632 447
508 24 330
2015 2841 673
1852 397 645
120 3294 989
72 1364 199
1269 2969 565
1294 759 195
2345 3213 812
2328 1129 533
926 2641 47
2304 761 569
2627 1901 638
985 3262 658
113 953 199
2173 2893 296
657 617 54
2219 1966 65
3207 1891 491
950 2698 273
320 2745 816
2931 219 884
1170 13 341
726 1475 815
2898 1803 641
2034 3159 511
1664 1258 785
2194 1825 961
2296 725 478
1497 1730 535
2394 2421 370
1810 2137 140
653 2899 67
860 1344 201
19 86 216
411 214 293
828 748 770
159 1217 191
2617 2433 592
2916 1003 708
1169 786 589
1679 3155 988
3143 1647 848
1851 889 421
2619 306 49
663 1349 929
2457 1802 366
728 1185 889
2009 560 632
2722 1771 744
3096 3189 772
2509 2632 362
1448 1480 514
997 438 117
2238 1814 579
1498 62 236
1965 1622 728
913 1750 931
2370 1483 641
1920 2401 343
2048 640 910
2767 1553 20
61 467 583
3160 599 513
2593 1436 875
65 2362 587
3158 268 156
1857 1049 257
2583 2550 815
2898 2260 547
2060 2353 959
972 1336 278
1475 2829 953
2811 2714 658
3010 807 469
1053 17 647
62 318 843
2012 2661 79
2478 2949 369
2804 3072 605
464 1411 516
1372 1525 759
1343 2539 689
1734 2985 811
413 21 905
1536 196 568
3098 328 530
1248 636 222
657 2224 192
384 2000 852
3044 288 746
830 839 448
1637 2636 562
2117 2000 567
735 978 622
1084 1263 719
3176 2812 259
2960 971 699
2075 385 464
1467 56 19
2433 2449 904
1504 993 856
832 2169 919
1836 1074 813
2956 1061 916
3171 2919 297
3034 2544 418
794 2900 491
155 3021 840
938 1382 865
3240 2642 58
131 2767 368
2679 378 374
3231 299 180
682 3102 492
2024 3061 337
1099 2807 178
3124 1178 401
2589 2309 520
1601 724 267
138 686 741
9 270 453
3274 1781 705
1884 459 449
2 1601 918
300 1137 163
2312 1318 441
2735 1988 714
1000 419 998
3257 3153 255
566 792 361
3229 1647 792
2226 1479 439
3078 2323 865
2134 1709 554
1114 1831 107
771 3223 522
2124 2700 422
2843 663 339
17 2552 132
2087 168 395
3256 1927 922
3199 1631 751
1075 2177 751
2205 2558 794
2797 1173 898
2965 100 841
2547 2183 792
2302 1976 400
2374 252 613
3285 1659 304
1130 911 342
1363 2031 795
2345 938 602
1510 2016 626
951 2701 790
694 1067 687
263 1349 924
1232 1094 342
2311 1858 111
2922 1523 778
2692 102 722
204 3025 250
2326 656 211
98 1593 666
198 1359 651
558 2764 597
2540 865 518
1673 3014 791
146 1595 750
630 1519 643
419 1407 591
2632 1769 96
687 2712 775
1423 2442 891
211 1335 780
680 2743 740
1459 2831 805
1412 2895 478
1381 765 747
1830 243 415
1857 2177 208
796 1191 342
1085 823 788
1549 639 757
124 1518 231
714 2719 584
2643 93 627
3159 1594 224
3146 904 415
294 951 832
2257 3234 681
2849 107 649
1024 1233 808
641 2045 80
374 2302 770
2949 875 861
1610 1853 689
156 927 181
2092 1060 601
1134 3099 806
2533 2478 763
2390 3288 406
1079 2354 88
1036 2317 164
1957 1527 227
807 2080 546
2174 1916 29
949 2852 216
745 114 201
2252 1127 461
1303 1706 200
1287 2544 300
821 1086 181
2123 2844 854
2332 447 256
1776 2716 689
2602 3080 184
910 678 608
199 2751 827
1380 103 341
2057 469 960
992 1429 651
2869 323 580
1883 513 88
2074 1794 901
1027 443 359
1974 1469 511
1996 2746 283
3082 2340 600
831 682 797
2720 2967 449
1709 2982 109
1332 187 971
2780 130 874
1918 2286 683
2205 1932 322
37 2478 739
2353 2601 728
218 2116 286
2455 1838 961
1083 2748 114
1793 898 154
2204 1997 513
2658 2039 930
2946 1406 265
663 2676 837
994 840 734
351 1167 274
126 2534 529
2561 1863 486
99 318 859
590 1060 787
2877 793 378
1405 876 876
491 1158 132
2837 3161 3
2558 229 765
384 3079 538
434 1628 295
718 2400 808
1076 2317 668
969 1637 321
2718 1886 936
491 1374 358
2409 1429 825
283 2822 169
3235 2281 260
2185 963 375
163 1189 243
1191 652 250
1414 1204 577
1547 1868 77
600 1931 724
1414 2190 667
2506 2752 243
1818 1212 53
3021 1415 775
1190 1761 269
1362 3128 514
1291 2699 411
1781 1568 934
275 3036 37
2192 1136 703
491 1406 869
1649 1559 138
120 2192 885
895 470 630
2302 2728 742
1396 1342 948
1588 1477 871
2045 925 550
302 1011 321
1110 123 383
2868 1984 837
256 114 780
2316 531 711
2738 3161 496
1060 1443 671
651 400 606
963 2400 254
2335 2186 757
2123 243 458
2122 2939 300
1917 2455 31
345 1966 658
975 2498 90
1889 1241 962
23 1275 306
2837 2575 219
1621 1952 988
2714 295 817
707 2421 641
1011 3128 915
1665 1256 266
1906 3207 947
1437 2697 120
2201 2336 451
1506 640 244
1534 2587 397
3275 2206 941
1040 598 318
86 1690 815
