1500 1536
1406 780 50
104 1137 427
652 1322 417
1096 541 45
1163 377 823
66 300 666
639 1263 857
282 437 917
512 768 106
676 1227 756
909 266 532
1391 1048 949
1321 1419 94
1483 279 712
858 1104 174
1195 1219 50
944 161 111
809 110 111
1054 1260 880
978 707 333
773 1451 350
670 832 902
345 481 321
1484 846 727
243 1189 835
1181 1060 167
764 439 959
910 214 162
1111 437 856
1 484 419
1234 724 927
599 1363 353
439 165 345
1347 899 223
301 541 200
583 841 133
1407 287 137
170 696 304
418 1449 166
975 313 435
451 455 336
755 861 43
979 1408 978
864 274 718
285 1000 720
1143 1098 838
192 356 576
463 917 198
255 492 599
255 812 845
1456 493 209
934 1053 19
1146 166 446
998 635 826
1054 24 712
1400 1252 969
1026 1465 671
842 1155 541
245 516 249
534 958 384
741 1428 213
1165 1040 611
696 1128 515
446 1065 144
823 1100 317
499 104 318
8 1132 447
438 727 39
424 511 866
351 1061 753
147 935 897
82 93 200
1281 719 301
1358 985 950
758 1138 772
954 1480 160
793 1462 275
1384 1042 486
80 283 354
1016 193 247
704 1370 265
960 1176 429
82 45 705
54 498 353
1482 1013 2
287 37 976
1095 1468 27
1469 1008 207
9 912 785
1014 1267 307
140 458 20
625 361 342
1458 880 161
405 1230 747
1461 1301 895
976 990 811
591 21 249
1466 1225 981
1164 436 146
299 543 528
930 811 965
121 212 498
223 1296 670
416 1419 47
253 356 974
782 920 912
1277 1475 716
206 931 833
1269 777 499
973 553 181
405 977 554
418 163 666
721 365 306
562 130 779
1039 779 932
499 23 292
1217 834 982
1294 387 675
956 250 125
1106 268 542
889 998 988
1181 884 655
498 1181 909
637 843 240
448 1031 224
455 78 264
798 439 237
189 1384 797
109 1448 121
1302 530 457
1432 860 854
850 196 244
1440 829 669
673 403 598
473 26 201
91 628 772
1343 625 151
611 1342 389
184 915 832
1468 1474 635
544 1055 781
70 53 431
1020 95 298
1233 407 282
1308 486 781
168 1069 491
1138 1204 236
1488 15 1000
1494 1327 847
1261 840 32
107 295 603
735 1237 697
1449 522 965
864 1082 141
29 457 407
336 1187 786
720 1400 614
1087 513 206
878 1342 802
534 1053 202
1051 284 66
1324 967 877
1254 1324 614
1045 271 895
175 824 160
1154 780 355
1038 1320 405
777 173 779
1400 367 339
269 378 217
1307 415 3
1331 438 451
1144 1234 35
588 533 208
17 355 814
678 153 260
1192 100 431
266 654 449
1321 67 15
191 1111 489
98 443 687
771 232 618
97 213 321
1236 24 340
1474 773 399
1201 1400 591
1138 1120 614
915 914 967
617 991 71
921 885 912
950 1154 921
685 587 983
1408 1434 672
1192 480 461
1261 1089 639
402 1315 5
815 728 129
129 23 603
66 937 607
1049 108 729
631 238 735
812 837 441
534 1414 569
137 903 589
787 720 634
1034 74 51
55 1213 988
536 837 675
754 733 723
619 1477 330
799 1017 808
1293 131 123
937 1062 835
241 463 319
333 1129 250
514 571 308
494 238 703
1368 867 522
706 891 206
897 319 645
941 1304 303
1478 593 732
485 1475 376
1420 420 447
249 945 310
1386 656 53
1037 1402 891
637 257 490
1060 129 500
376 258 490
124 535 859
1235 803 770
536 981 830
1176 931 319
1313 761 79
403 1172 197
530 407 78
985 47 325
790 291 798
734 159 515
852 1302 702
333 686 545
912 521 811
233 602 66
771 404 119
722 1178 705
177 43 508
751 12 572
15 1350 744
1147 439 635
783 1004 412
323 1471 334
382 372 555
1462 990 787
516 1057 969
514 286 895
1429 506 537
566 604 297
1066 1088 432
1072 1052 746
858 1155 644
1154 1195 109
760 216 237
423 188 305
940 781 164
1093 616 929
208 267 984
1032 549 719
1032 794 419
1372 92 114
859 584 994
1354 235 225
440 534 251
234 888 898
1240 611 757
177 1084 185
639 858 872
979 1344 116
797 1283 465
773 685 816
72 1121 527
617 1292 5
287 942 19
621 1001 287
529 1273 13
951 650 828
410 1260 17
1031 920 610
564 1193 924
1416 48 389
895 1082 314
865 941 744
140 643 31
665 905 864
223 705 953
1253 197 402
1058 761 527
535 704 530
1447 1425 328
1022 703 87
111 217 429
807 485 29
1054 524 2
1184 1321 208
649 714 399
835 716 384
835 1276 857
538 914 774
182 306 64
1435 425 29
18 440 638
959 452 165
882 1234 576
265 642 171
600 1118 408
310 782 469
1130 121 106
864 652 369
152 963 756
267 185 180
86 1014 332
519 1411 526
934 76 291
1124 455 626
1411 1167 144
1437 773 439
793 407 922
781 1480 442
18 827 16
85 1442 878
1358 457 251
369 222 840
841 152 929
1131 1483 123
906 1378 666
1262 1430 637
240 126 558
668 354 186
1152 731 875
1147 600 204
1216 522 140
78 974 240
1019 1488 247
1285 1208 703
247 1234 622
1409 192 924
1176 231 893
1043 1229 938
1481 1227 174
502 144 678
1430 444 718
1067 275 282
1208 480 540
833 383 95
814 1315 977
603 1387 314
955 433 187
854 1373 981
865 64 558
608 1315 404
1064 37 430
657 128 305
741 1366 838
75 629 336
283 216 97
1328 1149 895
1484 332 336
1437 756 35
1060 762 931
177 578 377
957 1192 967
737 657 342
1089 445 905
257 53 169
1357 1433 368
1067 284 904
281 577 181
135 1427 809
45 821 336
216 1287 723
277 979 86
863 974 889
895 277 842
365 1121 495
137 1107 969
1133 890 636
1479 182 215
3 284 390
340 1100 764
1001 1479 423
1408 1069 70
597 253 988
213 379 210
1409 1072 335
1056 621 260
289 924 457
1293 147 946
832 1455 406
111 628 958
1482 260 534
365 489 434
766 872 610
777 824 426
400 134 537
1461 991 177
375 269 683
1020 1269 52
1365 1018 806
624 722 306
1413 1439 511
1441 77 708
344 1059 636
627 309 748
1010 1367 172
491 23 149
1423 215 120
737 481 886
298 725 953
397 1202 601
231 335 392
5 912 991
402 775 56
945 518 649
1452 141 79
1352 874 203
626 66 236
1119 265 322
58 845 25
546 1471 481
1189 681 948
24 431 641
1388 1094 779
115 1019 264
1031 851 682
128 631 471
1000 110 786
1399 1452 970
869 1051 395
1487 86 576
1056 553 901
1066 738 761
517 227 955
1159 911 926
528 102 560
1435 425 581
1000 62 875
83 403 739
988 421 728
201 1336 632
537 1135 458
552 830 172
1121 611 437
1331 1153 344
1091 935 502
489 1358 386
1385 1005 96
181 1074 435
0 888 645
374 519 762
308 1293 282
1059 863 368
1027 180 5
1098 249 629
1371 1259 501
759 246 33
944 764 12
495 1487 74
8 609 59
1400 552 726
1102 1181 236
270 745 824
62 348 248
901 1149 21
512 149 159
734 881 992
1495 1272 349
297 672 54
692 628 483
615 231 760
1220 26 587
255 433 810
1095 46 499
1188 102 475
222 1405 985
234 960 179
159 1161 154
1147 751 892
400 328 636
1392 1155 294
499 112 69
1433 1385 202
492 790 81
217 139 596
861 179 532
754 1242 166
1499 1325 225
1308 1432 496
1445 631 252
372 414 240
200 637 153
1336 912 435
1374 530 395
1070 823 392
497 1425 315
448 146 163
218 1039 529
680 1129 56
143 436 358
416 560 177
443 1271 776
70 644 999
679 1380 782
1273 1167 553
786 60 33
466 279 34
690 777 848
966 423 228
135 888 731
752 1112 204
1241 458 646
710 1440 553
831 7 392
672 1398 789
1218 648 34
609 1431 50
607 62 877
1339 54 647
844 58 274
846 162 314
965 388 918
476 376 76
926 103 712
1215 1222 747
758 1482 716
355 1386 475
1368 1387 907
363 694 814
1379 374 356
1104 119 482
394 890 998
181 135 124
500 513 926
852 454 150
462 694 484
1251 1287 864
983 538 926
1144 1252 382
176 750 646
1331 588 991
857 396 475
1147 608 726
1089 322 890
1150 370 559
304 1293 570
764 163 952
1325 254 177
1254 264 196
1258 42 558
430 977 253
1035 1396 332
1033 51 698
510 966 206
51 784 394
1416 198 532
720 1016 84
1101 1373 555
760 71 182
547 902 651
35 1089 995
1411 570 476
522 334 128
1204 1379 411
613 544 985
168 1169 736
782 33 47
1399 948 866
463 109 460
574 400 200
735 1486 129
129 312 39
1196 1126 344
1009 1450 223
385 509 278
1454 746 61
752 716 93
654 1386 903
503 1495 685
66 901 378
46 0 920
689 250 433
130 655 572
942 1188 12
338 1364 925
890 1450 16
1305 474 734
1303 1143 152
1120 905 985
692 1368 59
209 226 333
990 1369 520
555 22 965
498 1114 126
477 490 352
1238 783 559
1469 555 654
433 1068 411
900 568 823
796 1186 459
1031 260 561
463 522 954
35 368 721
584 100 575
1478 537 523
709 721 18
970 721 15
1326 689 715
681 1371 447
1065 1193 203
574 43 466
877 1145 185
1391 989 464
76 962 443
972 880 1000
531 1435 86
116 41 958
590 596 457
538 91 749
306 1493 210
752 505 741
166 890 609
448 558 220
646 1454 485
1223 102 481
527 228 428
411 440 509
96 853 856
232 337 477
458 521 635
1293 905 793
1304 264 508
234 501 474
397 635 288
976 1467 762
1167 926 497
829 1101 12
564 1413 161
177 1333 750
660 735 910
332 995 240
100 452 667
722 278 939
1289 80 250
751 134 298
724 670 95
612 187 428
877 1371 612
215 129 826
343 428 188
454 182 66
70 1422 541
813 1444 502
647 1160 256
458 501 615
833 1304 982
1240 561 946
1172 762 788
1151 147 772
1398 209 504
740 1104 644
876 324 67
1382 866 203
1259 210 359
533 108 75
746 932 447
6 29 726
1247 597 931
1241 1170 232
67 207 288
310 105 663
972 60 620
885 1440 148
1237 1077 50
337 1148 466
1455 357 896
487 1071 608
129 155 938
237 1378 470
552 882 140
336 1333 460
907 1326 260
1406 20 753
1191 242 100
58 647 615
800 820 45
1446 282 737
685 523 512
409 1382 453
251 741 560
1133 764 23
939 405 612
707 1166 157
965 625 800
1466 53 407
325 724 19
375 776 434
397 1081 121
178 685 771
239 102 671
594 1305 425
420 1310 475
1386 201 358
1187 36 953
992 1069 88
1398 1184 308
421 214 685
50 674 265
1374 456 720
341 776 64
67 651 912
624 1491 98
710 1465 937
1227 61 559
580 964 79
1076 1178 356
1121 1496 780
668 1376 148
1477 748 527
445 387 918
958 1026 461
1206 325 278
1153 1462 140
444 430 80
1331 109 358
1029 653 581
1398 120 858
542 1418 625
820 1110 328
401 166 460
42 52 292
1361 844 707
1083 44 516
347 1330 541
513 1077 847
119 1223 736
1170 114 720
1353 739 541
660 1035 399
236 187 303
537 117 437
907 913 188
623 704 767
1338 533 553
777 1456 940
551 418 553
917 662 110
1462 209 834
712 93 384
1444 923 528
1414 273 61
533 1220 933
1499 553 679
1035 913 25
1495 1181 519
924 1442 368
900 1499 514
331 275 112
701 329 288
1070 753 336
100 814 323
39 1431 346
567 889 694
1246 1112 233
1241 693 110
375 995 26
882 757 933
830 1349 861
326 781 815
796 72 529
715 248 532
1310 865 280
621 967 546
316 403 59
769 1107 438
796 1354 869
1054 127 106
207 205 68
1322 1499 964
92 625 312
180 869 777
619 1226 70
498 147 679
1173 402 864
1457 194 46
1403 638 678
703 374 522
361 541 575
792 863 604
863 919 291
576 890 284
766 1303 705
1088 467 215
648 1371 737
1198 1457 724
405 1229 566
1280 423 401
216 1010 960
1069 673 341
350 1066 453
1436 1032 594
724 864 796
143 744 721
1055 320 846
1095 980 717
298 13 737
728 1277 539
1476 793 843
1327 1217 407
1246 110 197
397 358 189
872 1047 67
304 1204 538
637 960 234
772 95 609
1321 445 380
451 1346 975
118 180 575
505 608 939
1080 1210 51
1193 1133 50
566 917 594
998 824 68
729 1485 954
1310 1470 311
994 575 860
357 822 794
1387 1328 438
583 1242 586
14 942 353
1095 725 779
1133 10 91
1061 516 164
1009 1219 914
855 1187 777
1489 407 918
1270 1326 553
181 1431 905
101 42 880
649 1345 510
546 28 118
1470 1392 225
276 212 852
328 357 991
207 810 447
1375 1337 824
702 853 358
86 1201 307
481 45 526
664 1083 2
1253 892 765
1348 814 423
1284 1286 463
1047 1062 50
1296 355 10
35 667 86
821 606 808
1122 931 880
802 367 36
1056 748 189
764 1079 238
786 859 730
884 1480 339
190 1173 44
712 1136 282
227 885 112
1330 78 920
705 302 164
1213 320 986
1419 1053 464
423 742 114
283 448 602
1499 858 307
226 977 331
841 652 820
584 607 936
1232 411 284
1344 897 43
192 845 787
907 731 476
419 954 766
869 987 985
255 1133 68
171 493 750
957 784 287
850 1141 751
934 187 411
348 13 298
110 925 813
820 1119 311
1139 941 935
1448 818 807
681 100 767
692 793 846
391 224 296
1026 895 779
1005 965 383
562 1274 49
422 60 347
1358 939 308
171 382 420
779 432 746
431 837 733
946 1157 916
72 723 779
921 1415 911
1118 358 228
314 716 642
404 228 29
557 33 847
903 279 4
1359 153 752
1414 1302 787
513 859 18
1271 1171 405
2 838 398
916 261 38
1204 426 500
67 651 906
624 644 129
879 1257 467
1108 1230 366
510 191 637
454 353 640
563 1279 267
831 45 90
1133 143 895
1483 148 724
460 1339 64
422 625 841
685 1278 917
457 175 226
1037 264 26
654 1431 10
980 378 532
798 44 88
307 612 74
924 66 785
1017 1455 237
1084 960 537
1447 276 598
21 328 402
651 655 460
720 124 589
101 1328 370
332 1108 392
1217 763 667
1304 1357 841
76 1408 855
148 254 167
399 1441 837
267 450 128
647 830 5
686 117 698
1157 1246 309
990 538 124
294 338 28
427 834 258
733 295 236
1479 553 844
106 145 888
410 1267 140
29 1419 658
1382 924 434
291 631 146
550 746 157
115 1159 85
31 24 929
1139 1109 571
1416 652 669
1252 210 757
242 705 584
653 1358 683
693 742 366
415 1377 833
1021 1128 175
856 1365 711
17 174 807
1458 1228 962
294 1347 380
254 1421 768
1423 852 705
423 1120 62
1454 1100 274
978 781 568
1309 460 606
1218 401 48
1234 45 182
1413 911 496
1353 1216 177
1056 666 275
684 240 38
1450 852 404
456 632 222
1425 1215 22
129 566 848
764 205 911
1015 1353 943
1235 1167 914
694 127 299
121 1282 523
387 499 72
253 1420 639
1493 220 725
473 728 72
911 91 695
131 1481 437
1055 153 921
672 801 685
1390 613 892
620 1439 743
452 739 843
394 1320 268
272 352 833
51 1367 106
760 291 435
549 370 304
1087 379 54
675 1320 316
1488 345 236
1006 1077 489
908 368 652
81 797 800
24 1282 895
628 488 728
422 459 20
344 575 326
673 556 695
442 328 957
1263 805 539
377 809 848
1370 1024 578
1035 918 205
38 1037 972
906 1228 231
269 1140 938
592 346 665
794 336 683
648 762 965
904 980 615
832 712 825
141 456 345
704 491 613
634 690 195
992 157 599
952 755 297
1482 1484 677
1324 1425 344
954 1225 328
575 1062 318
1054 1204 404
677 98 528
931 1 677
1424 633 255
549 1240 222
898 987 562
1421 432 983
66 646 384
760 614 813
1391 1291 997
1079 431 896
1413 341 302
276 467 554
39 559 43
807 26 573
1377 1220 815
1397 1391 10
922 402 605
222 1342 138
699 16 932
1354 282 53
758 647 22
1452 525 294
1288 1065 52
454 104 976
919 976 430
800 1433 653
118 279 518
1021 1053 754
100 860 380
791 549 460
1016 324 866
1074 1248 524
728 1065 175
388 1005 854
106 1215 437
144 1315 122
182 240 675
184 1181 717
102 855 480
756 637 495
1322 754 492
1156 1218 60
862 1442 996
805 383 662
1145 540 954
81 442 337
604 1056 340
660 623 323
583 393 152
1451 845 135
1177 679 854
616 1119 928
971 203 569
949 113 761
1045 1310 352
1227 1355 420
167 20 488
985 990 522
510 1226 939
515 811 351
840 610 988
1068 119 169
139 150 223
1226 720 56
1210 890 126
399 598 770
638 971 435
21 1374 776
1049 23 759
1297 1479 823
1211 107 647
1316 755 208
1399 1274 898
521 449 989
1028 510 704
1191 1314 822
584 879 193
407 553 770
663 67 615
450 99 214
345 663 448
595 508 332
1313 274 934
711 930 132
117 909 764
761 507 29
617 492 393
825 247 998
1148 43 343
164 698 234
665 1056 861
1448 302 950
1386 293 603
1368 1074 163
821 608 231
1392 69 781
619 132 487
155 141 572
954 1063 252
540 1008 436
61 1138 385
1084 845 81
1413 778 561
1224 1308 21
830 655 905
1381 117 559
783 127 15
851 996 247
569 236 271
755 1316 711
669 1339 428
1015 504 248
1383 1252 145
1433 986 398
417 328 512
1006 739 371
651 887 588
1430 1304 623
704 1346 291
369 1449 129
1112 100 750
945 440 865
274 735 704
1270 1314 508
1227 507 805
535 1260 669
360 1042 192
763 1499 550
178 336 527
711 1441 391
856 833 86
418 99 481
500 839 398
566 1252 502
992 1391 458
140 869 225
1226 1380 750
953 592 374
222 509 540
525 1425 485
1002 679 629
1364 1146 178
1304 817 711
1438 180 875
330 1281 527
914 179 399
1364 1241 800
318 715 450
1346 975 741
576 1376 258
570 878 18
448 240 401
276 411 936
1344 632 299
1333 1069 383
610 1047 76
112 362 391
569 1210 659
1105 955 805
251 225 184
180 181 874
108 1070 201
1396 937 67
379 214 437
553 79 897
198 380 410
1476 359 710
323 1453 441
944 1285 45
477 1224 742
477 1366 709
800 217 132
269 588 209
34 956 695
246 537 29
889 355 397
1274 305 422
630 1331 348
607 161 953
746 1420 332
1228 163 905
841 1382 83
239 782 746
244 1160 866
583 62 659
452 1126 365
67 69 599
131 949 212
1496 1144 556
1266 1135 986
4 1300 114
1203 811 397
781 948 908
682 1348 101
901 677 263
1058 368 210
940 1319 694
668 260 858
961 162 706
999 225 823
536 451 10
257 1311 804
225 920 75
756 112 727
53 1463 319
614 622 75
57 1263 913
227 604 114
359 1037 98
908 370 785
925 881 728
571 518 992
409 145 392
944 1360 48
1103 271 304
462 544 243
1486 1320 443
1027 208 957
531 1291 979
1396 41 132
1135 1111 628
1245 1385 950
866 483 422
1333 270 561
1064 295 953
1435 194 832
131 887 392
562 1324 406
437 1417 625
77 685 456
236 784 424
1128 216 286
1469 672 442
827 1021 702
794 1428 443
522 30 663
497 660 900
1371 1248 156
734 481 129
263 475 865
625 742 291
924 1426 320
112 248 73
1359 428 554
163 615 610
351 1164 914
1480 1098 212
1282 612 658
1094 1131 267
725 1423 4
44 1268 911
132 210 670
454 668 228
1377 653 549
382 72 369
696 1229 963
394 1259 316
760 82 272
1146 758 772
289 1452 585
1423 699 108
38 768 567
709 589 720
642 593 913
1320 932 417
368 1344 766
672 1412 27
166 1243 589
140 881 902
829 325 894
1039 1341 365
213 284 499
1204 907 415
726 1311 793
782 1450 375
670 1374 485
179 1005 113
294 1102 84
111 46 923
558 277 280
1319 1321 341
1038 777 69
995 1074 878
812 446 407
1364 615 788
166 302 689
1215 326 425
1464 227 612
421 998 533
645 291 993
951 238 447
759 1087 2
456 864 377
349 651 394
416 1050 144
1060 126 602
88 371 689
588 248 863
1211 479 372
1254 901 312
1233 242 30
1125 989 101
1302 1296 508
1429 863 889
362 1354 646
1282 148 593
1360 898 601
235 4 412
499 1163 463
1083 1017 881
374 871 103
916 784 618
964 1347 221
781 863 516
1328 1309 628
958 1189 916
1059 770 294
1365 219 440
1267 275 706
380 898 119
490 1087 501
1072 939 360
1320 1153 60
605 731 534
1155 123 109
215 1033 935
1435 758 597
366 526 732
672 1440 796
1040 950 548
766 564 995
1452 1103 101
592 493 431
946 11 27
1179 840 770
479 801 216
1060 653 236
1198 1046 789
105 71 372
69 333 195
1445 490 442
1226 429 932
970 557 718
1440 1328 700
1315 1153 78
94 463 742
632 428 14
340 66 535
638 484 64
1102 161 868
287 1357 16
1496 345 433
256 687 963
840 569 416
467 548 304
1023 921 704
6 608 82
1403 919 872
652 902 321
710 405 12
101 786 286
1325 332 690
1357 205 739
997 290 294
581 514 45
622 923 197
1134 734 731
1456 20 284
574 637 61
853 1383 984
1293 619 684
738 991 167
8 757 982
1153 75 706
1499 732 26
689 25 545
792 1267 205
1133 1262 479
382 236 184
504 966 366
33 78 877
800 211 627
279 931 903
840 1100 69
324 1071 746
1329 869 349
579 983 174
1145 244 300
1015 1188 606
1319 1436 698
927 356 113
734 1219 406
78 223 845
50 971 700
1116 207 889
1206 1147 49
1165 1387 764
790 1302 750
206 183 907
760 1250 880
303 163 228
1140 1241 446
1256 339 204
1472 512 482
1091 61 541
1058 1263 367
1421 1237 833
423 107 206
1140 257 614
490 1329 905
370 469 461
1164 1493 732
923 503 882
877 962 287
1459 1073 515
1102 992 865
797 1017 789
532 419 788
637 97 395
635 542 358
16 526 692
0 965 313
1074 34 289
1278 84 701
836 1121 267
515 412 143
656 1229 408
213 1123 713
406 519 377
597 1396 484
80 318 502
1297 1231 282
84 1365 590
945 150 764
1175 1430 248
508 33 338
792 733 413
218 604 1000
867 1427 6
735 1411 647
546 482 685
74 866 891
844 218 313
1425 891 773
802 695 778
946 161 293
1079 980 504
55 1356 295
924 30 697
551 575 344
380 23 538
272 957 338
1292 1427 25
518 1141 193
403 131 533
1289 1325 430
982 841 205
888 1017 669
144 1053 189
63 77 938
57 467 599
1288 828 498
476 215 592
242 77 987
32 436 815
953 348 950
1461 458 709
110 1349 185
42 609 649
648 1083 95
1111 129 613
1444 1408 7
439 892 389
531 1202 166
757 448 65
1395 647 29
861 995 825
