3500 4687
3302 2330 71
1897 2432 636
3324 2543 379
574 192 537
3270 3040 725
3306 1669 457
1421 2649 295
453 3044 95
963 373 328
1460 2122 311
1515 3335 548
2980 2305 338
3210 346 449
286 169 655
2581 3321 86
2310 102 227
3466 1236 190
1588 1716 291
1150 714 793
2281 2524 42
2548 2485 521
3172 932 241
983 704 451
1439 180 609
1533 405 180
1666 3178 198
3236 433 369
1269 407 75
2078 1349 597
902 2427 702
3443 1178 251
1293 624 487
908 2259 31
2060 520 49
2365 2296 94
1144 449 78
1307 396 375
2951 2835 119
3242 3032 758
232 2670 564
2637 2783 87
1416 362 644
64 1249 101
2032 3036 506
1696 575 603
602 1690 104
1636 2651 892
767 654 697
13 2188 325
3323 1280 742
2769 11 411
2591 1687 243
1547 1064 583
3309 580 205
2510 2229 191
1822 380 908
796 3169 21
1111 2662 771
2259 2301 361
2947 436 413
1547 1598 541
2721 1818 821
2359 682 622
1738 2590 488
467 578 301
3142 2271 660
1565 1869 535
646 2 967
3332 2761 255
621 2149 963
933 398 263
1237 1008 39
3120 2487 67
3098 2180 724
1567 710 363
1911 2226 186
2949 1900 593
1711 1074 456
820 917 554
436 3229 625
2519 2977 354
2380 525 150
3464 2520 282
611 3052 128
689 1073 266
2111 1897 155
1760 2862 891
3420 2518 515
1325 2684 139
2618 1989 432
716 75 12
2745 3350 374
2560 1237 377
3330 2317 226
177 1969 391
1022 3244 50
399 332 838
1593 2977 11
2606 1364 499
80 210 50
3421 3366 363
3133 2621 439
1313 2614 997
1183 2141 549
2111 3433 930
1603 237 993
2090 300 194
2368 1775 206
2734 248 282
1503 623 213
2423 648 797
897 2283 159
2108 627 919
2527 1555 159
1479 2862 713
1885 140 276
1065 1813 309
1784 1567 696
373 3335 275
1885 1638 331
492 1251 410
1189 2014 177
3128 1542 534
2845 1765 328
599 961 877
1501 503 777
25 2547 67
1044 2800 142
1304 3277 975
2911 2059 905
2469 1870 404
1777 943 122
2995 2391 653
318 711 344
2938 1048 836
306 3346 457
2541 2168 23
516 636 577
621 2700 198
336 1011 770
2755 1659 848
1909 2362 561
3111 76 72
2383 1563 406
2788 2450 554
2624 2083 853
745 1504 675
273 2705 467
1575 795 853
1404 1494 728
745 2776 369
3021 219 343
753 2669 852
457 3051 155
1398 2063 523
793 1194 553
2748 2579 389
700 2586 661
1451 3160 333
2952 2224 523
2826 92 99
850 852 3
565 1601 783
1091 2328 915
2773 2865 385
1480 2989 770
1372 3327 601
2427 2619 840
2456 2089 646
3339 2261 344
1649 2516 667
116 2803 386
1738 2594 103
3367 759 944
2831 2293 24
1612 950 810
1575 1969 118
2959 625 125
654 728 862
2651 105 704
1008 627 453
1256 614 919
2304 2062 27
2393 1770 404
1708 3440 639
2723 3248 929
1923 2725 151
2670 3363 611
414 1766 716
1836 676 372
416 2988 753
2190 1205 514
2213 294 102
1492 3369 868
2064 1717 632
1048 1126 937
2468 603 285
2121 2342 408
1695 541 328
897 2707 734
574 2572 699
790 1113 864
1970 2488 157
3197 2354 314
2745 2576 725
957 2046 352
690 159 400
3050 2679 248
1012 2725 855
792 760 250
3348 2034 340
206 1351 185
331 2230 98
3140 1458 856
1942 1435 845
2184 2954 485
3065 3062 445
753 3377 23
1219 769 261
2976 2646 476
2029 798 206
1716 1642 728
3354 2335 548
239 1066 602
1377 1187 476
2539 377 664
1775 1417 970
320 2547 360
1683 3477 27
1526 3326 568
1164 1405 787
424 1251 894
1920 2604 394
1899 911 967
1848 2119 239
3066 1639 134
100 1105 612
2064 2494 259
3255 2806 460
2165 52 60
1393 2262 313
3303 2240 72
1709 3167 506
968 2775 529
5 559 656
2099 1572 408
1448 2332 530
410 3473 327
236 1648 252
2673 1759 681
229 2787 27
3210 3434 262
3034 1827 153
377 3133 237
639 2502 769
2594 3460 693
613 3423 121
1674 1100 491
2157 2182 323
961 2105 3
606 2908 359
2858 2804 244
958 19 728
1652 38 797
1283 3043 759
2332 2256 184
1254 2042 127
297 1324 962
2026 3349 1000
1804 2569 367
691 431 353
1883 742 745
1148 2052 344
896 901 27
766 2247 988
131 2865 420
1097 2514 971
3153 3178 467
557 2254 150
2532 1052 141
1796 78 559
814 1941 836
2914 2154 139
2473 2083 759
2600 3394 47
3238 1267 153
1774 3403 773
1939 1807 247
2527 3342 858
3080 1035 538
152 699 998
317 3054 368
2670 3351 198
2803 1282 609
468 759 659
1562 1406 262
1737 1239 447
1808 3167 791
405 3012 751
1360 2037 122
1131 365 519
228 2830 46
3487 2756 818
2574 3472 300
2963 306 857
2648 3056 88
3058 1809 790
267 1193 326
568 1095 334
507 1554 253
3336 1875 646
1064 2098 708
1563 3263 458
1747 3144 179
2814 2126 451
2926 3437 977
2471 2926 796
3000 3113 510
1803 1299 403
727 3418 261
1001 327 537
3191 793 928
2277 3237 638
70 2072 170
3186 3158 652
797 1878 850
2140 681 295
1273 1717 134
1355 365 981
1498 2013 393
989 2958 733
1769 256 538
928 2076 995
1793 1840 988
2280 1970 916
3461 2276 216
1944 2966 998
425 1853 658
354 2541 444
3482 2699 291
3321 3059 718
1149 2818 58
2155 281 925
1241 1285 656
2235 1365 882
1986 327 738
244 2132 685
3246 308 442
2692 1531 501
2626 1867 569
2270 2347 695
1632 574 522
432 907 972
3250 2303 105
3159 1279 465
966 2766 925
7 2117 317
2745 737 133
3293 117 368
1669 1783 304
1921 2981 717
12 280 801
1373 1047 915
516 3210 934
1552 802 856
1546 2700 511
637 2334 434
2065 1931 714
1369 926 853
3096 2839 854
186 2800 698
2558 1716 791
3256 2597 30
2706 1503 789
1278 178 704
2372 3110 412
1026 1410 889
2158 2691 318
653 24 230
1476 1629 501
2638 1813 726
3402 2133 182
1315 3053 294
3365 375 131
2416 774 54
2237 796 138
2819 474 953
1805 3476 517
3124 3033 260
2486 748 500
2852 2951 283
1983 1401 369
590 186 595
2369 3387 811
1118 568 198
3023 160 626
1131 696 876
599 2379 705
1418 2166 969
2337 1572 509
836 2055 753
1114 142 918
2733 2766 212
2888 2847 494
202 2185 963
2915 3246 955
1487 1420 394
1707 1308 468
282 1867 597
54 2299 330
2185 1413 370
2687 1523 613
342 2501 259
1720 2794 969
583 2538 331
775 988 884
1882 552 395
2608 3244 261
645 1865 203
681 615 38
1773 3373 278
3081 1173 956
2147 623 539
2937 2699 220
2892 2721 139
2304 2215 107
1263 1328 938
120 1413 843
2982 3353 912
1598 2907 951
3367 2395 628
1709 2525 294
2442 1540 270
1277 335 80
2973 562 550
1116 3144 84
698 1216 145
2695 3385 560
507 337 383
2805 713 373
2040 2675 680
1064 3227 658
439 136 61
1034 549 536
2231 1226 847
625 1136 718
468 1571 315
2988 1990 160
3084 705 863
2175 1344 472
1720 2381 875
2076 533 965
1331 69 23
2970 2561 545
388 961 709
3114 341 510
42 2002 65
1123 2362 694
773 3256 827
540 2321 859
3085 1261 707
932 933 277
764 2302 871
745 2583 696
531 1063 601
2466 137 895
1635 3333 11
134 639 101
1400 3313 955
2915 1593 328
2023 1607 716
330 2458 739
2404 2972 688
1603 2540 42
2680 40 203
514 3053 665
238 1784 719
1305 721 480
2624 202 537
2110 544 844
2955 1340 230
966 3484 231
1737 2662 389
111 3044 676
29 273 514
2560 2508 142
2553 2241 660
2611 782 106
987 2049 674
3469 1092 823
1996 1040 101
2639 1952 903
3050 1869 263
308 1601 671
3233 1857 863
2298 3249 176
239 1966 204
1834 3192 272
2174 1338 873
757 1912 85
2689 712 166
334 41 894
2662 168 460
2382 130 273
134 1068 761
1951 2085 959
2964 901 696
727 1795 275
3486 2400 839
1595 3151 172
710 3273 545
1296 768 43
2350 1878 717
2836 166 692
2428 87 877
90 1411 480
2260 1470 932
1803 1493 305
1140 2243 260
694 1903 885
861 3202 312
1498 1220 971
2448 1595 340
1089 2 523
1299 263 929
291 2359 760
3463 1670 15
1674 857 345
1081 2514 77
3443 1093 798
3480 986 522
1663 1627 737
3009 2861 838
1645 2691 976
544 2822 180
302 367 124
894 200 565
3440 2583 76
1898 2961 992
2048 3297 980
1219 189 946
2151 3484 294
1198 14 672
291 1840 81
2059 3335 54
379 624 573
2356 588 751
2009 2234 445
919 2895 384
124 1094 884
2500 1903 514
3382 1023 698
290 1488 513
582 2690 604
148 37 668
2137 2123 76
264 457 533
1772 2707 518
748 1763 635
1312 216 648
539 2810 462
611 1511 637
277 2440 484
3242 3197 379
1743 1697 926
1599 6 800
3253 3140 335
2585 1150 415
3356 1104 49
1265 1569 981
3119 3402 487
1070 1496 431
3014 3315 333
1558 858 449
1961 1283 681
1841 1096 404
3153 1490 391
358 330 429
546 1570 487
2311 1177 863
231 312 139
2003 2986 996
65 2537 529
2411 3407 974
1875 2021 608
393 2135 592
1929 335 176
1949 2456 676
2300 319 694
1697 1096 555
726 334 232
2549 3253 393
2312 2936 181
2508 339 81
2251 981 505
3162 3469 848
1935 1471 427
1085 1717 922
1857 1533 545
1236 2398 871
168 1972 242
3192 3427 359
1715 2840 352
2986 1385 480
6 2678 996
624 839 563
633 186 177
2817 1129 285
711 2061 715
758 491 569
2526 1373 449
2253 1568 523
3350 1598 409
503 992 53
780 309 566
2457 2299 605
396 931 961
3334 682 810
2166 797 174
2455 2759 680
3091 2587 657
978 3380 331
2448 414 866
3467 2001 143
3147 2690 61
320 3492 375
1160 476 774
2665 1135 276
2249 15 953
1863 1182 252
352 2011 191
1101 544 39
1833 87 330
452 3298 732
2901 348 321
1349 2399 939
2367 2943 930
1000 3088 430
208 1785 483
3367 1403 275
1279 274 822
597 1115 380
1835 1972 800
1311 955 75
615 2124 542
1273 1926 498
211 2456 860
3173 2482 170
3354 1114 33
1243 3283 687
2500 314 416
3343 2510 165
2038 1375 1
716 1486 956
2886 622 931
973 3352 646
138 33 154
1401 2555 433
3136 2642 607
1153 1423 4
1254 2874 955
1435 1507 864
1023 2533 652
3014 1328 420
1197 1878 383
2001 3405 250
202 1801 92
234 2190 668
262 2597 452
3343 721 559
28 1539 819
128 878 735
395 1078 749
620 3483 50
470 2187 106
2401 479 508
3367 62 597
1116 2674 960
3112 2068 159
3282 1949 985
958 1996 762
1455 1607 409
3407 274 220
1855 2892 45
1156 1082 60
3402 2141 656
1929 644 498
3303 1389 475
1363 413 873
2141 1607 62
265 102 912
2560 1749 978
2966 683 142
712 2126 564
2857 3387 701
822 2474 969
98 1077 164
915 613 93
530 1060 750
1964 162 871
3031 908 13
3204 2810 754
2091 2087 6
2563 3317 304
1360 2901 802
1843 854 943
531 1627 201
255 1403 602
765 525 555
37 2413 460
1270 1022 292
3193 3368 135
3163 1247 786
10 2746 790
998 1879 796
2101 2753 382
814 480 619
925 566 676
211 3362 920
330 1457 370
3283 3214 516
1491 1576 727
2896 2457 365
1783 2413 43
1511 2698 374
448 969 698
526 2648 589
338 1957 675
3022 1516 366
3290 161 919
824 768 507
626 1519 760
1853 2821 930
556 383 394
1896 3463 631
164 3141 319
1075 1618 707
178 3084 664
3305 1380 218
236 1851 658
2730 883 739
1635 680 327
309 1875 22
3372 2770 496
512 1084 859
856 2226 722
2970 734 229
327 2218 546
903 50 741
665 1474 716
90 890 531
3112 1544 70
3162 3259 705
3326 3331 762
3492 2298 121
2385 996 420
2148 2071 454
1499 2405 662
198 2178 768
2417 285 397
175 846 695
2338 721 294
2981 1634 104
1337 2633 907
3456 2966 775
46 2487 588
935 802 227
2632 2905 59
1314 2055 995
1713 3218 887
465 2109 585
73 2279 798
984 2574 986
991 2473 832
1225 3253 586
2277 2745 335
1861 1927 875
3374 1898 527
687 1358 859
1058 2889 703
2923 203 396
557 1867 572
1337 2847 15
871 809 372
1888 86 555
1592 1499 474
67 1106 890
3001 1204 847
2098 1811 219
2931 2370 550
2433 2220 827
863 464 484
3266 3193 492
987 2042 390
2952 2386 183
725 2945 612
1488 1398 680
387 328 301
2697 2967 797
3097 3291 998
2970 690 805
1624 1544 475
791 27 715
1938 927 140
3442 1526 620
68 1553 217
2870 161 755
2915 1326 849
1217 820 493
1842 875 851
3356 1988 474
2961 1436 615
3 815 981
2802 726 896
644 293 390
2055 521 559
585 3249 830
3272 3176 699
3090 629 595
66 2867 906
655 3137 649
153 1112 468
967 2186 593
648 3004 763
987 2375 738
770 3392 73
3283 651 324
2145 2810 71
2194 1082 376
2382 2316 70
3248 1640 746
813 2012 764
2747 2104 752
1244 1328 461
2562 233 18
1626 1507 294
1541 1385 173
1903 2935 504
228 2724 398
2591 2472 921
266 1622 902
2045 2695 553
2046 2719 502
1487 2654 712
458 1019 651
487 3027 635
795 948 799
3327 1580 412
1621 3124 358
1886 3307 306
301 2494 935
2025 1932 367
787 41 443
2107 1835 317
3153 2432 215
69 141 383
974 1825 236
621 3313 981
0 2625 461
1307 3380 208
2698 692 372
2680 2217 230
1950 668 765
2308 2131 586
1948 2184 669
2943 2612 755
2515 1636 74
3459 2744 34
1952 2149 728
903 1913 239
232 2712 46
1692 709 284
398 1019 192
911 3289 438
2033 1344 955
1523 1503 717
3253 3318 364
1336 1738 946
1886 823 427
2446 2025 294
1796 3393 423
3389 3303 26
423 2250 947
3270 2259 892
469 2927 158
1937 1194 405
1213 2386 1000
125 1989 956
3011 1666 950
2265 775 213
1371 3201 429
845 2839 139
3443 287 975
2665 2593 655
782 3067 994
2540 1858 428
1835 1664 897
898 1828 288
1837 276 73
351 3073 346
2000 53 433
749 3034 714
925 2587 775
2566 333 141
487 2277 921
1640 1222 876
1361 3066 836
2286 2791 521
759 1132 17
2615 1263 249
2973 848 352
3015 1057 762
333 3494 70
3059 1005 15
653 2896 812
788 1660 811
25 1956 805
94 3251 576
249 1556 585
3372 1538 845
2801 728 220
1010 3018 477
293 235 128
2308 3375 524
2001 679 174
3072 2089 311
1096 2953 790
1679 186 101
3127 510 97
558 1495 464
766 1783 882
2127 65 948
1376 2978 750
1349 718 599
2075 3487 389
2181 174 249
107 957 691
756 1137 433
361 1171 895
1856 274 530
1804 3017 137
2025 3065 587
2325 382 818
1719 1244 715
1702 584 973
411 692 77
595 992 660
2045 900 34
319 1375 294
2791 3237 657
3296 390 973
2442 3008 830
2006 2237 258
2240 2165 634
210 1886 353
519 2304 144
2960 2636 773
3153 1126 384
1004 10 356
724 2366 697
203 3075 831
3341 1613 656
3367 1452 673
2799 846 778
2112 2242 329
2986 2756 160
2206 1442 862
134 2306 643
1411 1294 404
816 967 624
1941 3159 78
3476 1348 171
761 962 950
1009 574 654
433 3097 131
3392 2205 494
793 19 690
1901 1921 393
3248 2759 280
1491 181 259
3441 1501 179
139 1295 997
2338 516 680
3260 401 252
29 2190 45
892 1664 207
2794 79 294
368 171 545
109 3175 607
509 1982 214
782 3002 744
2772 1491 365
85 2671 801
80 3411 106
1187 1437 361
2235 3492 714
1057 1063 759
1468 413 426
1358 1359 779
1567 2985 48
747 1977 343
2038 167 974
743 3167 503
3276 750 288
1737 1562 821
420 1728 540
1536 2489 890
2773 2225 742
3228 1727 656
641 559 670
1633 2345 708
2239 1097 148
920 2592 1000
323 2318 448
544 298 215
3109 2927 419
2661 699 447
1200 3456 352
1676 1461 641
1641 2554 196
1088 1339 681
1708 334 759
1243 1801 255
34 2385 573
623 457 434
1120 176 828
464 14 952
850 1717 911
1530 2533 347
2656 3262 825
2655 2345 810
2723 1477 819
1815 3435 872
2371 693 726
1745 2754 124
566 2127 124
1013 2401 505
3277 365 730
2873 754 576
2026 136 160
109 403 675
471 1366 448
2685 3141 292
2105 2303 968
2278 1210 762
422 2903 438
1376 2252 125
2545 54 30
668 1123 742
2081 2116 569
1793 353 15
47 1875 837
3428 2865 607
1797 29 493
197 3479 76
3386 2116 124
2846 1871 886
135 2481 498
31 1416 48
1669 662 716
3115 2126 474
1394 469 761
1250 3462 950
1375 3116 753
703 3326 324
704 2618 924
319 3161 994
1951 1191 301
1968 3035 95
1177 871 355
1913 1148 547
1112 1537 615
3165 2653 807
3323 407 124
845 2120 828
312 2935 82
30 2134 941
2861 1380 419
1692 2539 454
1013 2192 682
2480 867 709
1968 2820 391
1352 214 172
1298 569 337
1433 2739 613
2880 1725 429
1278 2008 748
1672 2227 735
14 1103 290
2615 2065 215
1616 1795 214
1688 240 863
317 1792 280
2341 915 725
925 4 716
2109 1286 470
2474 2770 789
2451 2133 316
3454 2984 909
3275 1798 790
2346 2329 563
1183 1143 341
33 415 871
2726 789 552
192 915 41
1313 1801 532
177 1421 407
1014 973 512
465 913 509
3415 1786 122
1470 165 583
2564 167 682
706 2128 368
2479 2397 701
750 749 948
214 1780 506
2520 1739 94
3198 1613 827
3441 3320 90
1944 2274 937
1863 3474 760
1022 852 39
3082 1246 614
3087 746 115
2296 382 976
3322 3352 994
578 1257 895
888 468 269
2546 21 809
2090 3491 627
3442 2502 121
3025 2220 419
3236 2486 880
241 721 570
1286 2087 71
2576 2431 407
3326 2170 123
2217 1085 142
1125 645 915
1525 1902 853
1566 418 261
1381 3349 192
216 655 475
1022 2051 595
602 3135 107
2424 2142 87
1535 2029 563
2870 92 422
1472 3416 494
1623 989 3
2550 1291 787
2959 583 727
3025 855 118
898 2459 502
2134 1793 37
1541 3092 772
1783 645 383
3348 3024 860
1264 2648 60
2292 974 434
1042 1961 963
2971 887 892
1535 1132 330
1522 1381 840
125 2935 427
1287 3262 183
2486 1852 967
1987 3432 319
2859 2077 603
359 2634 622
1744 2212 363
2637 1984 565
2373 3325 626
415 1321 553
1105 3301 607
603 41 800
2596 2263 43
557 2168 826
1578 2347 437
1471 682 591
1137 507 619
2546 2080 425
1069 657 138
700 3268 356
2524 1636 495
274 2909 304
1491 2881 604
255 1022 53
1022 2875 849
124 3143 687
1751 2353 582
2722 1108 714
841 3479 7
267 1429 275
3452 1529 668
3471 2342 913
2006 2702 400
1882 1335 8
1111 427 419
1393 1716 500
3107 2358 12
755 2844 255
1127 1016 578
2128 2261 748
3379 862 15
2680 2274 577
1894 656 6
276 3421 670
332 3438 10
876 2922 249
3000 790 182
25 2196 738
504 346 383
2704 623 848
1743 226 283
2456 1129 109
560 1439 527
2801 2491 58
882 1638 930
2221 3340 860
2777 1314 689
21 401 375
364 2860 57
1912 89 81
1445 831 265
2811 2346 837
2434 2281 203
1181 1689 258
1630 313 394
294 1735 305
2360 3046 521
1501 2315 195
710 1699 146
113 3208 676
3209 2860 901
601 384 861
620 2278 121
1520 1831 987
2277 3422 213
2984 731 280
1914 2438 662
1131 1297 688
2393 1307 754
1724 2000 436
364 2060 350
1372 1771 797
2198 1079 19
89 3236 53
1813 1385 562
2641 540 551
3471 2851 138
1811 434 300
2181 2869 12
796 2577 479
273 3444 994
3309 2306 130
2916 3157 213
470 1426 540
1865 938 266
1183 1348 631
110 563 678
1266 85 813
1269 1446 746
2644 2596 112
3076 201 321
1886 1073 220
1955 966 305
1879 301 878
3246 2779 348
3476 2034 788
660 1532 167
3463 222 571
1874 3065 26
2416 2036 451
3445 1530 20
1444 1181 887
2838 1586 894
1203 118 380
964 3430 605
957 2063 817
1330 2198 620
1749 1348 132
489 237 88
1041 3481 185
1446 621 173
2664 129 92
2916 2475 684
1506 871 706
2235 2968 615
2103 11 454
1516 1417 823
183 1274 596
2149 2261 360
1310 217 241
2306 2999 796
2167 2080 334
2312 3459 893
1324 1872 336
1833 1422 984
383 1300 914
1943 1084 76
492 1821 704
1133 1419 256
1106 1983 803
79 1152 522
81 3307 839
327 1438 954
2188 2887 673
1821 705 249
3396 1509 96
1576 1820 54
1556 807 469
493 1022 313
1180 2148 779
1805 47 471
3222 3352 983
1007 2857 690
2710 2891 434
136 2464 323
553 2891 572
398 1549 964
1556 915 359
1788 929 308
1863 2271 949
2435 697 243
2903 262 281
1812 2042 338
2487 218 650
2359 835 459
144 2792 350
2166 3029 135
1553 1585 109
175 842 988
1263 854 699
494 2785 941
1732 2274 107
979 1094 202
2912 2111 23
2871 1043 478
617 110 757
2662 1142 547
696 1960 391
2746 3297 465
1888 2991 251
356 2860 166
112 3087 482
1751 934 813
2435 683 234
2848 2797 709
729 3041 205
228 3279 444
1061 2731 548
405 328 767
895 590 969
1940 655 103
245 1900 974
1221 3254 508
1873 2786 601
2049 2709 721
2040 411 823
2554 1339 854
750 289 161
131 2695 34
3052 2120 635
1481 291 64
2462 2563 65
1842 204 241
1557 2938 279
1228 1060 390
1948 1943 487
2807 1358 646
963 2023 118
2779 109 986
3131 1359 899
1658 2870 898
3139 2676 58
3036 2189 598
952 1562 708
627 2245 876
1276 1906 110
1033 3181 826
886 2985 888
123 1696 243
2286 118 696
16 3457 620
374 715 442
2322 302 234
1433 1263 747
3394 509 743
191 1003 661
3439 3353 252
1452 2747 522
2799 580 593
2343 1856 333
2276 1499 61
2781 2118 192
2661 202 174
380 1873 181
1309 1118 97
3105 252 76
2212 2975 843
1800 2464 108
1653 623 116
2658 2740 634
3403 2336 24
372 582 865
2252 1065 830
2936 2885 644
3046 2749 492
16 688 702
724 77 738
2297 3293 87
3439 3214 55
2008 160 225
2810 779 627
1021 757 721
171 363 463
1932 1750 734
11 2408 898
2465 2518 976
1906 1951 967
2642 3042 320
1529 2395 319
1305 3070 894
1299 122 58
809 1944 911
2277 3010 323
2853 3106 688
228 723 608
3261 2617 252
612 193 408
3485 307 749
3277 2248 363
2474 1069 313
1045 3189 21
2833 843 172
3247 345 425
3191 941 476
1153 1463 200
2863 396 525
2188 3340 63
392 517 75
1934 2870 673
2462 1316 833
398 1963 61
252 998 746
1914 340 864
1192 2956 382
1753 660 692
1940 1996 591
1150 1373 27
1247 1371 593
26 45 417
2005 124 159
3387 3009 375
78 1679 504
474 2549 764
149 2166 786
2033 63 226
745 1532 463
581 3375 107
1391 2301 362
2101 2787 426
1552 2112 32
3032 954 588
3289 1150 178
149 293 317
3273 2379 63
2130 1755 978
3093 195 426
2807 1521 397
1361 1299 27
2019 2317 368
903 2450 375
247 794 486
830 760 544
3317 2616 875
1498 3059 199
160 635 894
981 2519 49
1556 1542 807
2028 1228 403
3493 1550 25
3060 8 531
261 2670 505
3081 687 886
217 1144 1000
703 951 451
1176 1240 492
3368 1221 442
3444 1942 397
2056 632 585
785 2968 418
1051 242 803
122 334 476
2882 2023 6
2357 468 521
1381 668 843
2883 1798 744
2718 1216 185
705 3074 239
1577 454 109
1772 1773 888
2465 2166 543
2827 630 892
539 1686 374
2957 2836 285
1982 2703 624
2028 3397 787
1465 1891 966
270 2268 186
200 3225 30
2031 62 493
3087 2934 973
2377 3394 328
1384 1096 488
1552 1315 594
1449 404 921
2616 2261 644
1141 2941 372
829 1852 740
2508 1010 548
2564 2729 391
1037 3074 803
1919 2093 754
1484 195 18
2922 2416 897
2484 1928 949
2420 3461 998
3233 374 625
739 3217 106
2992 3138 21
1438 2587 828
341 3264 978
2335 3037 325
1807 2843 535
3363 3497 128
2075 634 629
2212 2886 362
1354 3315 518
1668 2579 314
2617 2182 545
2530 1555 664
1927 3299 762
853 1559 896
2325 219 969
2669 1946 356
3343 1980 461
2578 1951 305
886 1675 659
2254 2378 994
2539 2058 510
1537 769 394
1511 2527 922
3243 1489 926
227 830 807
1735 575 375
3083 686 933
924 1915 206
1077 170 425
1853 2734 143
2879 1329 743
3063 961 863
483 2881 503
2864 1716 100
2458 2227 421
3304 2783 649
844 447 159
1985 1059 750
975 1745 279
3106 2548 153
2165 1551 884
1172 2265 948
3231 956 93
2015 1300 587
1876 3352 528
1275 2783 158
2354 2122 20
1239 3498 993
1476 2490 575
948 274 985
1127 2304 561
2169 2869 467
3121 1182 614
2060 647 361
1599 2243 410
3361 2049 68
2323 1065 562
1630 2308 884
1727 2354 894
3299 2726 70
1853 1077 573
1988 971 457
3018 2772 449
1769 2463 394
2130 470 946
472 1696 92
3450 1573 738
2544 3161 479
1935 2137 738
2136 443 380
3191 216 656
1117 2035 838
929 71 279
600 2716 484
1399 412 30
2042 752 983
1991 3373 925
3234 3036 602
3450 2552 409
1244 1905 474
2333 3295 8
3037 148 656
157 2918 975
3272 909 229
1715 332 664
793 337 124
1806 959 312
736 1690 70
3397 2714 536
679 3383 894
1858 535 481
2348 600 909
3248 139 950
568 3335 598
2622 2251 12
845 3082 873
1322 1323 244
81 2800 120
2977 767 868
2893 1541 44
3468 3187 933
3351 951 469
3371 1614 76
1994 2363 908
656 1824 235
597 646 863
2604 2460 48
2785 3341 88
1942 190 557
1336 331 656
2369 984 68
3003 143 437
3184 2740 61
673 1373 64
623 2775 321
2799 2413 635
1194 1693 423
2582 2701 273
618 1902 590
1310 403 104
536 1412 997
2194 720 937
1032 3472 508
2884 1579 720
2567 262 207
891 972 340
3051 2439 914
3457 3383 918
819 1946 856
284 3334 243
1026 3001 936
5 2269 395
1463 1150 875
2940 417 309
371 963 200
1300 2027 9
2595 28 676
2862 957 216
1179 630 783
1765 956 211
2659 1218 955
2682 2236 789
3187 1811 297
3486 581 76
1153 292 907
565 494 789
222 3137 587
2058 1931 2
1981 1945 879
1441 297 236
2357 1045 882
2287 185 990
2358 2730 438
1380 1487 376
894 1706 769
2128 2730 650
2893 1795 861
3088 1512 86
3449 815 449
458 2085 399
1249 718 466
440 1757 330
918 3227 362
2026 1472 864
1353 2850 281
2961 2306 336
2512 3312 39
1472 1204 111
2294 3273 255
2760 2456 908
2035 40 294
1947 1533 676
2693 2650 139
2932 2982 283
3472 1420 245
970 2479 133
138 2743 52
2220 3114 828
1246 654 664
945 3185 109
1136 283 581
1539 2522 47
81 818 575
345 2011 236
2565 745 669
361 3161 288
291 3390 878
2903 2721 728
22 73 827
1098 1488 688
468 1836 877
611 2053 14
1263 415 438
1289 3189 336
1912 3493 438
1866 1685 400
1517 2378 954
1103 906 555
320 460 901
469 1465 724
2024 1141 558
2994 2492 79
665 2104 858
2666 2349 894
3120 1518 810
1134 1106 920
2612 2831 875
2078 740 618
3025 1925 622
519 254 393
3154 2216 645
817 3261 913
436 3213 493
665 511 216
784 1288 690
2022 2311 198
2458 1822 975
624 1341 157
2528 538 717
2988 327 117
14 1101 878
2266 2436 646
252 2413 33
1090 2550 488
1098 1685 528
3396 206 834
1281 1483 175
992 394 367
143 171 83
1619 2160 905
1668 1467 799
2325 3462 250
1723 1174 999
2773 3487 109
2288 1871 807
1766 1610 685
1689 198 476
2779 3405 254
1455 1693 231
1047 2577 960
1708 1715 51
3369 1620 600
126 2944 366
184 2494 753
1675 2264 338
3337 3102 433
2613 3092 182
454 541 368
2912 1249 345
2021 744 890
2869 2247 570
1973 1406 933
786 2275 809
885 2775 196
509 546 856
1216 1977 81
1146 1309 396
1340 773 924
2724 397 211
940 714 943
2603 1972 519
323 2274 285
1008 1062 904
2878 2685 510
417 211 164
1132 555 249
1249 721 608
711 2009 910
1647 141 452
2881 1677 395
549 1445 838
1405 2297 835
540 2367 953
3070 754 388
415 231 319
748 3356 769
2452 3455 945
852 149 328
655 329 215
3286 34 189
2273 903 125
1888 1356 132
9 1309 523
634 2725 53
61 3258 401
2361 1214 79
547 2896 553
2257 782 413
1191 3265 78
2222 669 170
2566 2626 980
1803 161 102
414 1658 851
3172 522 45
3240 3348 596
3280 587 412
1615 497 202
1099 2972 399
1171 2830 11
3405 1687 52
354 2899 911
2775 1826 26
3418 3343 859
2963 2005 879
3356 179 210
3059 220 74
1493 2683 291
1532 2878 758
1684 56 709
934 313 656
2184 1848 169
718 3186 835
3067 2483 337
722 67 471
765 3440 66
681 724 848
3307 2903 514
1335 1281 66
3342 2062 837
2024 1704 720
1749 623 18
1413 3147 271
738 3496 767
2203 618 296
2635 2873 219
2830 1913 12
1829 1098 375
761 2539 64
2792 2626 22
2575 2212 997
1603 2410 538
1341 2022 467
151 1322 96
888 1250 392
2918 2856 282
1430 256 512
1571 3033 556
1859 628 149
2795 3241 191
2780 2462 643
505 3343 483
3411 3294 589
3199 2868 601
3086 876 564
227 3089 999
883 2364 126
3412 2296 612
263 3339 603
145 2766 199
2659 48 480
922 1621 114
2026 731 846
867 1642 540
1733 2377 280
2785 2369 447
1418 259 792
1022 1729 810
2052 886 694
2661 1547 662
730 3046 350
194 2683 930
3143 1945 693
828 1249 570
1361 676 176
136 2448 292
3146 595 63
537 3012 215
630 1091 218
380 71 714
823 344 882
1502 3101 544
420 2979 37
3150 3145 990
998 1031 148
1580 1825 473
225 2760 454
837 2589 173
686 1544 238
170 361 341
3073 3086 929
1274 2722 132
2197 1907 519
24 2256 627
614 3204 187
2586 402 641
1411 981 88
1914 3046 922
2707 1943 58
2472 1225 804
360 2067 376
545 2388 700
2838 1779 466
2415 2165 220
563 2618 500
1019 2934 495
2291 3435 782
559 3021 550
2223 1942 669
71 61 967
546 1521 584
1220 3152 911
3410 1111 813
1137 938 167
29 2225 303
2715 3382 779
461 766 79
391 2556 936
2572 2963 243
885 2551 197
2339 1954 986
2413 122 545
2298 2025 623
2450 3272 414
2820 3205 986
230 1683 4
2006 927 778
618 1295 923
2670 811 404
1922 212 946
3086 1014 163
696 2530 294
1229 1814 972
506 3188 813
2215 352 624
3024 2035 654
824 2228 965
1740 3139 204
938 313 234
1932 295 467
1608 299 220
2745 1618 365
623 431 872
2351 2237 201
2128 1841 233
1777 314 179
2825 280 581
2192 3018 125
2379 1857 364
495 1256 943
3195 641 72
1394 2968 757
323 2838 960
1866 2621 235
3258 3280 224
646 2500 801
1670 1084 182
1033 895 722
2015 1667 705
259 337 799
1215 3405 816
2757 1521 596
1051 168 686
1674 831 820
3478 864 544
418 2583 710
430 3129 547
2445 1625 70
1486 2661 741
718 2455 535
2202 652 247
289 2376 942
3493 1053 234
2817 3196 85
2537 1361 972
1964 1356 667
50 2311 84
2893 912 582
2558 1160 796
1558 1968 105
3087 3261 389
1862 2485 852
2357 2481 409
2653 374 551
629 2660 945
1472 3432 24
1957 2883 200
2628 3221 784
38 410 77
1857 1584 960
2448 2925 578
300 197 537
877 3185 527
658 2262 76
2854 1069 703
150 993 953
1069 3121 511
2926 3082 194
1171 3051 953
2877 1815 135
1491 2427 496
2541 1681 10
3319 2690 330
2624 1588 468
2786 2558 802
1468 65 812
1075 1217 546
2769 2559 920
2487 3236 479
10 2663 125
2567 2413 679
268 3493 42
2430 3265 344
995 836 210
219 2040 90
82 2783 921
2485 1401 492
1804 1321 676
2227 2286 412
2486 1640 623
2383 175 13
1115 2792 786
2383 2292 283
2007 1337 166
364 2242 647
3345 2171 157
1324 1093 819
925 44 722
388 3352 525
1387 604 109
1541 2881 468
650 1705 260
1218 1866 497
3030 3386 162
3209 2070 581
536 3285 640
2751 316 624
78 77 348
694 1542 972
928 3092 246
2856 1980 249
2031 617 692
3256 1823 947
991 1917 181
389 1791 520
554 2905 37
1272 2401 847
1993 1638 598
624 1664 427
2949 2530 987
2605 381 679
1792 3025 468
902 3437 904
245 2081 916
3265 2117 30
794 2195 632
3469 2164 737
2263 1692 485
3087 116 30
3302 151 322
1968 1519 46
2643 1114 803
2237 668 778
3438 3068 211
320 40 77
1497 1975 42
905 459 927
1982 1781 479
1008 284 417
2136 1042 563
978 2866 647
2590 2801 384
1032 624 44
289 3372 423
465 1614 451
193 127 549
2258 1949 2
3083 74 489
153 1581 836
2637 2307 2
2717 1701 739
69 2652 225
2777 1653 981
1080 1023 664
1152 3122 212
1100 939 859
1297 1667 552
3178 246 172
1191 2792 572
2540 2745 990
2045 1078 282
53 451 205
3377 3264 982
1520 803 881
186 1644 965
2826 347 103
2951 3355 120
1921 1786 608
3378 2235 177
1945 484 100
569 53 447
3244 3335 989
14 2029 151
87 929 610
7 15 924
1115 1873 258
1179 2982 875
1520 292 823
2114 3000 744
946 1846 11
2654 1959 61
1648 1190 960
489 1064 584
0 2819 601
1617 336 467
768 2627 89
3243 1123 772
1037 1649 98
1492 155 917
2778 126 879
2099 2321 906
2151 2177 877
2189 2147 165
1411 2900 497
2391 688 570
2736 2071 714
1773 1520 434
1437 1233 564
1754 2018 837
1051 2796 462
3059 2745 826
521 148 900
789 1185 448
1296 2549 717
1399 133 1000
3146 3137 48
38 3257 167
2374 2916 320
464 1259 184
2691 3172 551
273 1940 208
223 3142 574
2091 2788 853
3172 2343 678
919 2526 597
1747 3379 712
2304 1043 796
1383 1925 387
3188 516 685
554 2443 197
766 1444 873
2776 1736 123
2920 931 639
985 1930 717
579 251 995
927 2182 687
250 1430 725
873 2983 186
1210 3225 861
2593 1292 637
1674 322 345
994 2145 545
2318 2864 131
2110 3310 851
302 106 191
1650 1874 966
2637 3035 270
2628 2495 686
888 1198 839
2685 3457 558
250 3089 669
1507 3442 264
2443 1429 676
794 52 111
2039 1599 842
2938 3055 535
532 606 631
461 2008 306
3254 2914 885
2826 260 41
611 3249 529
2773 1334 593
2243 583 592
3386 1634 237
2075 1227 521
833 2326 820
555 1914 679
3433 992 238
1026 296 42
1426 2002 366
2957 1442 946
1000 603 32
2970 9 864
2771 2524 349
235 3114 826
1576 1721 436
954 145 200
1240 2634 583
315 417 805
2997 124 680
1474 467 897
1237 600 688
2204 1292 399
2891 707 710
464 238 610
2348 844 624
3223 3281 214
3069 1805 967
2274 332 793
1011 1082 963
1159 1030 41
1907 3181 768
1924 3477 766
3328 969 657
2106 1723 590
3345 350 698
2622 1123 418
3024 543 4
1662 3368 685
3205 2470 159
1151 1168 103
1706 981 296
3141 2295 733
2379 1511 872
3415 1425 493
801 543 189
2892 326 706
516 1799 628
1695 702 183
1160 2331 89
902 3335 705
3389 2457 250
1731 118 104
2958 2069 97
3373 684 969
1819 374 270
2091 1208 669
2427 2080 791
2714 1442 103
647 2993 994
1596 665 560
1589 2744 102
1684 3089 93
456 888 460
2147 461 278
1901 1353 265
752 1493 270
3393 2346 916
1116 2477 190
3313 295 354
3066 1802 786
764 678 225
2389 487 831
3187 1483 15
2915 2318 674
694 1854 497
660 1545 261
169 3133 671
782 668 64
845 1577 686
3203 1313 488
1504 2280 266
446 2240 990
2584 2325 920
3312 2222 121
1219 564 887
1784 3290 360
3231 2128 492
1222 2851 545
1200 1347 464
989 1405 279
2590 254 179
443 1336 656
1758 1700 664
2159 1112 316
1109 1524 79
507 1997 159
2642 2960 765
2008 2721 310
2581 2424 481
2754 1845 779
2493 2295 378
3081 1050 737
1561 142 550
115 1813 919
3076 212 556
3422 488 485
2393 2878 711
3193 1938 860
1710 1713 189
1318 128 839
3236 571 238
2375 2909 279
2918 1910 453
3190 1665 191
3369 1288 646
3040 848 176
992 1861 740
162 804 223
2308 209 403
660 1095 763
2711 2218 85
2092 1494 83
103 3175 312
1906 3113 596
598 885 413
1142 1260 762
2220 3322 296
3390 1633 356
1813 1221 506
135 1370 944
934 723 59
502 2277 299
2907 2243 87
2622 2165 719
528 822 522
2711 838 841
3152 481 557
2239 484 873
1347 2881 726
1355 2255 597
1081 2677 868
847 742 964
1984 296 57
1999 507 553
816 2579 854
967 629 882
1550 934 640
1843 466 328
2799 331 61
604 3359 258
600 993 408
3232 395 565
1760 2215 716
3118 1190 775
2646 2013 204
2610 2629 482
1122 3010 505
2672 151 460
1743 1329 65
2599 1845 193
2057 1314 523
2949 2216 986
412 659 48
3120 1771 242
1664 3067 487
233 724 79
254 3444 754
2035 541 995
3225 2725 12
1798 2107 60
893 2717 962
293 2708 93
2945 3331 15
885 1281 130
1373 1957 707
1579 1851 353
1253 2315 386
2188 1749 73
2161 419 138
2002 3183 894
3457 2820 406
3427 2892 94
30 823 254
2375 2545 141
472 242 80
2437 1537 599
150 513 339
281 778 435
1194 2100 144
1985 1438 885
3353 250 710
469 2868 699
2625 319 28
1577 828 390
2395 465 587
2839 2174 38
2015 275 388
2402 325 301
1962 2278 9
1128 1907 423
1254 2357 392
2910 340 280
479 2509 135
1536 873 80
903 1369 348
3020 2411 397
563 2629 183
1463 3429 939
512 1093 820
2318 2772 497
2070 1480 104
3316 223 110
2372 2678 882
2250 2881 14
567 440 826
290 2015 694
1025 1282 165
542 1958 439
2081 3376 289
1610 1242 126
1889 2640 333
745 2802 66
2875 3221 844
2077 879 284
2819 460 58
3488 250 961
1675 1807 615
1695 3175 529
2045 1035 635
1125 1517 38
1176 760 116
663 2172 963
1743 628 386
628 1844 731
1321 569 201
1947 2683 705
630 497 157
736 2467 578
734 61 722
1267 1909 747
1307 1409 416
2149 2815 518
1583 479 638
645 91 731
972 2918 623
677 1439 190
101 3031 471
1915 2125 964
1688 3419 848
3004 3325 723
2181 1717 442
3194 2521 581
932 2676 829
412 401 974
695 2530 487
644 3478 754
1038 958 680
706 1841 903
891 2275 650
1637 2173 239
1618 1515 840
3375 2377 141
2448 1412 783
1930 1076 738
1096 2014 424
1724 670 439
3146 94 700
3447 3337 885
2703 1540 303
797 429 108
2699 1081 711
2991 2482 117
625 1788 795
945 581 276
3242 986 912
2222 1742 802
2292 116 207
1560 935 467
1579 1861 42
2607 2657 723
3254 2446 716
2225 2807 974
1715 1544 682
692 1941 789
1682 2165 300
2427 2069 829
2907 2848 674
2128 133 959
625 1773 898
1390 1302 397
109 1624 951
2768 992 430
3465 1175 398
1610 991 927
3103 2976 933
1510 462 960
2240 2668 877
1837 3000 577
3208 3202 492
670 1607 271
450 1998 798
312 962 992
2269 1065 11
2282 573 293
769 3177 927
501 467 647
380 1180 459
2222 1036 542
2105 785 639
3191 2279 944
2945 614 230
358 2897 295
2885 646 509
1409 540 318
394 553 606
1977 184 297
960 439 758
1104 437 580
1419 2888 785
2058 1667 729
3382 1659 172
105 3132 244
871 3150 353
461 792 175
3314 2834 610
2344 620 735
3044 716 355
1623 624 490
3477 205 565
2596 2486 461
1141 463 949
1155 618 805
1430 187 325
1208 348 345
593 1252 490
3414 474 600
2065 336 738
1574 817 251
253 2641 745
2018 3125 165
2134 2847 162
338 2957 410
2484 241 264
1048 2615 884
2815 815 336
2494 543 165
2004 664 56
24 1221 246
2253 1414 310
2069 120 294
2381 1717 322
2678 2358 851
1440 1119 747
7 1200 379
2229 1677 550
3475 1541 889
2342 2122 912
8 1057 665
2507 3397 516
2788 1344 290
982 1078 69
3257 189 471
2777 2148 483
179 1812 824
275 79 186
2517 884 899
801 347 151
3385 528 296
124 1058 120
815 1506 572
793 969 751
1393 1898 48
1484 2675 910
1582 1843 924
1623 2916 787
0 1725 871
2098 2662 631
2130 2461 81
1711 1413 661
1441 2089 584
2374 345 298
2565 2376 784
871 3428 734
1164 1332 570
1271 598 18
2571 3097 789
385 3465 33
426 2560 270
3461 437 492
1966 2493 426
892 2807 580
3007 2335 758
1387 3414 40
1667 1117 883
862 1789 346
1860 2139 751
142 1517 991
3499 778 811
3071 3241 534
2297 2005 795
3278 1526 187
2781 1622 718
335 1285 721
2680 2914 846
598 248 221
2101 1251 11
2998 1964 916
1220 1383 787
1515 2794 136
1490 693 252
464 1085 561
1685 2758 346
1794 1422 636
1656 1719 973
660 2185 299
2640 21 896
3023 2646 285
1278 1032 414
2333 1327 78
2227 716 995
42 1240 850
1571 2219 133
1800 262 817
2319 428 241
628 1182 802
2103 3241 860
2774 2 303
1050 1739 580
1595 1359 377
370 1154 132
1791 431 524
440 1163 20
3111 677 81
948 1530 700
1169 2503 28
3026 1009 409
2821 356 740
397 1279 890
957 1692 71
727 2071 796
2699 3328 303
2453 2352 307
2595 3107 504
115 454 545
726 3364 544
491 1223 129
1240 2328 173
853 2067 731
3468 615 81
3096 1820 649
366 2385 801
3169 1898 428
1070 819 741
1233 613 391
610 2209 332
1679 2809 263
1905 800 472
1021 577 248
2047 3463 164
1076 938 228
3305 3059 412
2942 1804 179
1955 1169 796
1327 2547 775
1767 678 357
2652 2030 708
557 253 266
3451 2428 534
305 566 703
2053 2469 261
2049 3218 687
1332 2915 502
3181 2991 438
1636 1905 978
395 574 839
2888 3400 825
1198 822 132
2656 515 265
2608 1172 767
1729 3180 149
1482 1015 825
1328 1434 228
2396 1765 958
3220 2229 236
580 214 826
2930 41 675
2007 2721 316
2497 2184 220
1706 63 956
588 410 690
1147 820 774
902 754 338
1409 1243 187
3352 2509 619
1153 2583 955
3326 2141 497
302 910 220
332 2697 544
267 3214 593
1316 770 177
3201 2961 481
1117 2739 761
2281 146 352
2201 80 669
2132 1199 283
2302 3405 461
3198 857 744
891 829 837
3001 1845 826
1677 3307 48
2927 3457 494
2650 1998 36
3397 77 985
947 205 705
519 1738 649
429 1672 216
2824 937 237
664 1245 478
3489 1678 898
3315 834 316
3315 684 772
1077 3392 437
758 1534 337
905 1402 68
2842 3385 939
734 1899 808
1184 1756 197
1677 452 772
16 3232 456
609 1672 950
3209 1690 107
1372 783 893
2221 631 784
2362 1595 929
2977 1274 63
1312 1062 621
2786 1277 81
3301 1292 736
1686 2305 544
3052 2180 626
247 1826 848
1412 1886 51
1565 1233 589
2142 1559 811
421 98 229
1344 1270 973
3163 356 342
3484 1474 723
2040 1792 666
2329 100 626
2682 375 173
2638 559 860
2069 3406 796
2684 1770 303
402 2560 546
496 1851 907
3001 1310 112
2490 1983 87
880 1664 549
2488 2386 894
681 1288 567
2494 682 904
1697 2013 478
3412 2303 751
1722 1158 758
618 2968 722
2794 2196 424
2506 2105 739
3117 1389 789
1255 1597 63
2156 363 204
3176 1429 676
2353 2087 528
619 1378 509
1919 1850 81
371 1311 631
802 2712 602
1773 1428 789
2919 1135 873
2083 2576 667
3361 3231 557
2912 873 254
149 105 887
147 78 614
2538 2482 886
1728 2825 426
941 1314 459
3103 1460 670
3493 1655 894
1939 1417 83
1246 1517 568
2831 2209 121
2285 1247 373
808 255 811
1072 2771 556
1407 355 2
2136 2555 232
719 1954 831
1943 1181 558
3079 1856 689
1379 1929 665
2500 2852 846
2064 1783 718
2702 3332 782
1611 1029 838
765 3466 194
3235 1341 766
2142 744 274
1224 3443 395
2704 2892 859
108 1964 286
3061 752 809
2514 238 577
1009 2718 347
1023 1991 588
1864 2129 216
1983 1134 632
2798 1192 243
1208 2036 426
887 1141 567
547 1698 105
3325 402 977
2297 2617 385
41 2422 91
2544 1984 332
1823 1021 555
430 833 643
2949 2434 451
818 2214 489
752 2264 252
76 2532 798
2515 1609 629
1155 1668 59
706 566 785
2409 2774 987
1627 1946 941
2560 2672 8
3450 2646 319
3395 1553 918
3435 2152 193
2079 910 580
1969 2598 4
3082 1377 297
663 1245 284
1349 1469 547
2629 2838 783
419 334 449
3386 2842 773
1564 365 669
2202 988 790
2847 1082 865
1628 2346 507
1306 1460 444
1360 3396 364
685 1464 916
3064 3236 471
1614 3204 754
2146 2953 140
275 581 629
1443 564 358
1260 1152 71
2681 2812 958
3061 458 11
2454 2518 562
2689 3159 927
1031 494 875
1520 2219 64
606 246 724
688 1072 824
3083 3422 551
339 1427 608
1711 1480 561
471 2797 697
2525 3257 932
2908 2412 134
1143 2216 950
694 123 239
2 1561 166
2849 398 833
2413 102 49
2081 2316 290
3159 1764 983
1722 892 333
2144 763 317
7 517 908
1117 3389 433
1910 844 239
535 237 578
867 1945 786
3206 3046 554
1435 1301 200
2260 3482 855
2127 791 940
2078 1953 408
2235 2655 594
3112 1519 372
2256 2744 487
599 2038 458
1173 774 511
3179 1804 769
1932 3413 659
2454 3402 7
2837 715 150
2815 2888 885
2964 113 895
52 1973 30
944 3452 169
2509 2811 132
1054 2297 632
1542 2326 91
2717 2075 657
968 1960 776
419 3058 753
3338 3341 642
1152 1575 451
3129 2709 2
1521 432 101
3050 1815 794
2761 2183 547
2337 2595 366
3387 382 521
2215 1145 977
1677 1772 262
337 978 489
2415 2131 901
2755 1419 926
1137 1466 46
493 1818 72
606 1078 969
291 2727 928
2148 35 974
3459 2785 582
2948 27 69
593 1782 354
3027 3100 52
10 300 849
2546 1397 945
3270 599 480
2932 2933 518
3319 1800 793
580 2992 508
2748 2135 994
2035 1844 733
2409 2290 551
2016 592 296
1835 1894 843
2827 1294 166
1827 1227 222
2225 2503 419
1985 1236 278
1121 2662 159
527 151 905
2566 1057 177
3028 1845 396
606 1366 381
2177 2858 985
527 2846 270
1528 762 677
631 1224 972
1329 1161 72
330 1746 544
1975 2727 106
3233 1582 447
2789 1403 591
2443 905 706
1235 970 541
1989 171 975
1059 1883 385
2577 3445 723
1646 655 269
2049 1911 321
2408 1902 850
2693 1914 269
1260 1595 760
2648 538 904
99 2938 152
1509 137 843
1961 2180 662
1857 568 585
1717 906 804
1219 525 186
321 2070 374
2671 648 36
321 2421 869
2217 3098 232
2542 1744 217
1222 3411 848
2312 14 834
1624 1111 147
622 282 281
9 924 847
1923 561 322
2380 2407 1
2911 2058 308
923 3448 632
3350 524 553
338 973 861
1148 2006 42
2565 3216 307
1510 2398 545
3342 1166 354
913 3432 992
1122 63 270
585 54 107
157 2124 328
2714 3358 40
1436 1860 518
409 2085 449
3231 1605 820
1125 106 598
2730 2899 274
139 2585 130
2534 3021 549
1054 1979 888
1417 862 953
1584 449 704
1894 2245 202
3133 2282 498
1316 2092 291
1915 688 881
2237 1441 351
3260 3170 85
1404 64 196
2041 1578 1
3236 322 142
1614 3495 315
791 811 172
1697 1700 328
260 405 675
1908 1918 384
2549 1298 219
562 1033 198
2195 2247 353
3234 627 615
1001 1843 834
2832 1815 328
971 2790 961
558 3284 687
321 1491 748
1169 435 893
2024 1593 217
3090 3109 97
3188 2931 43
1534 836 841
1250 645 145
1020 913 352
1585 536 288
1654 2958 621
3330 739 609
2428 464 261
3478 467 33
1253 1158 778
1419 486 87
285 880 5
2575 2662 790
1417 1920 9
2478 910 93
2873 2715 929
2125 861 678
2950 105 608
446 915 976
583 3134 120
512 2250 932
1625 2868 522
873 1977 676
2774 1839 84
2076 3209 599
3269 1653 156
1015 2784 611
1337 641 303
1577 2039 838
1877 663 616
146 440 741
2961 2617 225
973 2254 98
2473 1687 896
2324 683 354
2452 1998 993
3110 1689 645
2028 2625 264
1282 116 795
1940 1281 236
1782 3050 344
519 1136 856
2581 1024 847
1935 1319 982
1227 3022 538
484 2586 142
234 2947 34
1871 3317 842
3033 2345 940
102 3365 124
455 2117 376
186 422 97
2370 980 513
1437 3011 331
2173 707 935
2825 3417 780
1384 423 666
2199 1188 243
306 370 596
1713 2553 447
2411 315 199
2090 963 398
2255 163 741
786 2853 380
3418 3289 858
2493 3358 417
3452 1352 788
164 1249 63
2105 2514 629
433 1614 398
1632 2735 779
2953 3010 36
425 2128 323
1188 3256 816
352 1297 635
2082 919 171
2458 3253 691
2830 1794 356
196 1834 207
1430 1870 92
1707 823 377
1028 384 217
3200 3384 167
2899 1830 220
3432 2511 830
1163 1565 428
1217 3230 999
2075 500 227
1249 3167 880
1310 1441 395
2708 2604 974
464 3020 113
1055 276 492
2260 377 531
1753 3193 59
1033 1453 684
1255 2621 470
2237 1502 464
145 1028 370
2186 2917 15
336 1818 379
3407 2141 129
357 3492 317
1790 3263 249
1583 3349 142
2696 3088 294
1251 611 910
1720 477 160
2746 2023 926
1332 1386 351
624 906 994
2295 965 522
3206 2223 160
289 600 10
1104 2372 248
948 1711 511
1157 1284 41
1032 2031 721
1282 1481 279
1583 1521 358
539 2473 499
1426 1355 158
1552 1214 694
1929 1686 113
1102 174 440
2575 698 684
2910 862 949
481 2106 302
3148 1001 668
1381 2102 387
2048 1375 833
2945 304 500
2713 2819 100
617 577 287
2710 2375 86
340 1375 583
2023 313 461
868 2759 653
1383 2799 190
3247 3363 514
2502 3448 967
2264 1822 556
290 2320 606
2053 1275 784
3015 41 399
704 1311 821
888 1773 320
2648 707 21
2605 334 339
1146 3073 742
2357 84 644
1622 2663 263
597 571 192
2917 974 81
3011 2655 87
620 3327 739
1318 1780 504
3403 2837 531
3032 1379 86
3043 3412 78
2769 2401 183
334 231 788
1280 765 973
673 177 459
136 1715 516
74 2399 147
705 2761 281
3087 2715 306
1706 1757 900
1347 2717 139
2208 2841 85
217 3122 932
1127 2695 209
918 3324 246
2426 2571 160
378 1563 641
802 290 633
534 2616 355
1376 355 163
3115 2603 859
3096 2347 787
1642 1626 384
1868 1000 664
2851 1943 146
304 1718 300
524 2190 935
1044 3073 807
1269 995 260
1030 1008 767
144 2316 38
1429 343 531
1906 2266 104
1389 1549 747
2567 703 191
3094 130 970
3038 1492 678
3259 1334 22
320 2083 17
1424 942 346
2734 1458 550
1656 3023 503
910 371 249
1773 2745 704
1748 1770 203
768 333 56
1532 2866 824
2780 3255 114
615 1070 923
2303 1961 282
2434 2171 203
2443 1874 365
1993 1191 604
1559 1417 99
2776 728 153
1537 1216 841
1803 1640 301
1276 1079 49
429 1940 29
2580 3158 296
829 1087 520
3271 2879 386
778 985 744
963 1923 439
1179 1649 80
1701 49 356
1705 2704 618
1373 626 948
84 1164 612
3072 489 950
973 3325 245
2169 2449 6
1706 2840 23
1893 1793 34
2984 2988 702
1322 1891 66
3399 739 10
1853 3134 737
3201 2446 424
1028 1297 218
1903 3035 720
2317 1958 166
1256 2477 815
861 3069 545
171 1520 125
1089 40 159
4 2477 71
2654 156 570
2722 3331 747
213 2881 229
1935 2935 655
2382 2063 351
1374 749 257
1251 2472 308
1785 1313 109
453 254 534
990 2012 418
877 3041 525
375 1902 799
650 2560 174
3436 1255 31
1586 732 993
2758 617 715
646 1610 184
1998 3339 305
749 1618 673
106 88 92
328 75 897
642 489 997
698 1029 704
3237 2694 426
2442 3120 467
1719 3095 829
3125 860 329
1293 2321 724
1579 2182 140
3219 2584 785
1550 2037 964
1029 518 605
581 1021 568
1951 1012 895
3199 595 458
2723 380 160
2947 841 440
850 1918 238
2697 3261 498
2740 2144 809
562 1852 52
1179 2460 857
2244 2354 236
185 235 602
648 1338 149
2496 1204 219
934 1879 979
2952 2758 951
1085 1994 820
1872 2012 367
1151 1826 712
322 891 439
935 2740 543
2925 1133 113
556 523 752
3215 3318 184
1007 697 330
2023 1430 310
2663 622 878
344 3499 253
2081 3016 754
2971 308 940
91 1272 765
3421 3063 191
2577 751 613
883 1546 119
1521 2372 326
2484 1073 917
2530 362 831
1476 2954 392
805 402 136
193 574 441
1776 214 78
1925 3212 643
2740 2527 148
1428 3493 913
1808 1130 53
1374 1219 244
2986 933 159
2061 1354 414
1856 752 574
2318 2314 495
977 101 667
2943 2314 309
3382 3428 793
1117 1041 138
1942 1143 966
965 1284 847
2641 575 930
2263 3467 7
3267 2609 835
489 2451 167
2406 2058 647
2614 785 643
3178 1365 407
710 2932 441
3033 1252 231
2898 3185 989
0 1749 715
2974 1668 674
112 2803 999
532 1554 421
575 1605 969
826 1266 639
3182 3055 943
2636 845 619
1163 792 41
19 2819 605
485 2102 66
617 2920 359
3232 3427 610
3466 262 347
2002 36 243
1740 502 147
2481 1303 374
730 2724 583
2137 1429 483
432 3282 26
440 166 845
1801 1962 268
1689 598 847
2986 1302 60
2289 2510 643
537 3322 518
639 945 679
1296 725 873
1630 1219 862
2046 1876 991
2767 2738 746
2159 378 647
1724 3091 407
3342 2328 522
3400 3256 85
2122 704 984
1304 3192 345
1792 2365 329
3088 1908 739
2126 1830 364
170 1221 823
2295 101 389
780 1952 583
2637 1747 536
1416 3068 623
735 3277 874
1374 3315 542
3059 195 744
1447 3112 277
1538 3374 284
66 2809 576
2968 1021 383
3046 824 906
1796 2397 650
2995 3051 173
1328 3268 377
2520 3178 282
324 323 910
999 2 389
2561 3342 387
192 2263 957
955 2828 574
746 1193 32
775 185 207
736 523 757
2832 174 474
2399 1460 37
2610 3213 606
1443 1295 637
1684 959 962
722 2300 47
1489 2372 67
3440 2978 522
1951 1680 275
1280 1385 953
814 1400 185
2932 1990 435
2271 3254 407
3050 2724 659
3155 647 986
3361 1061 108
144 2906 38
1450 3186 685
3492 1392 325
433 1581 464
794 113 701
652 1789 649
979 513 282
229 3424 917
3428 1486 186
2106 2363 590
1129 2382 388
3122 2320 952
3070 2988 304
2913 1060 775
590 1889 170
2654 1655 112
2170 812 301
981 2813 747
3277 394 98
2285 815 457
1560 584 534
247 735 381
422 3098 437
3175 2591 494
951 511 28
3454 2137 868
3273 2267 961
1806 2618 129
2768 1264 374
2429 3152 582
1460 1430 445
1701 2741 871
2830 2154 482
1203 421 247
2192 1956 727
2308 1096 428
515 2702 521
2334 593 830
2481 748 939
1432 1072 622
1763 1480 126
2870 1157 686
2489 743 704
19 2307 660
316 520 211
434 2267 586
543 331 516
2620 2357 310
2594 860 225
3429 1938 874
1849 2761 753
624 2932 856
397 3371 369
2993 2870 267
592 65 532
2969 885 152
1560 1186 596
2994 1076 164
2964 3272 681
13 891 878
2305 1668 483
379 3026 732
2241 2605 45
2652 2936 642
1395 2285 836
1929 3062 303
612 422 313
1639 1757 849
2611 3455 178
1515 118 800
831 2786 191
1201 146 2
2465 2328 512
2060 1400 913
1535 551 12
1303 3428 709
739 2847 906
308 2563 629
1683 2654 281
2635 2720 34
148 3402 272
3263 1702 367
2368 1040 478
3414 794 670
1867 370 312
2755 24 309
652 3156 749
2075 1318 426
2805 1910 758
1011 2306 277
1721 2211 807
717 847 765
2901 1354 955
1451 2370 536
1311 2171 110
1158 98 546
1340 944 239
1819 2861 892
1765 648 200
1031 1846 260
3346 3461 893
1501 364 379
2188 2298 884
763 1574 645
2693 3066 194
479 540 250
2637 2844 451
2154 1975 758
1792 3058 441
907 2947 701
2318 203 101
1835 364 832
2027 2824 134
2056 131 263
2313 2385 278
2266 1812 848
2390 1171 517
2609 706 85
1898 2128 132
1317 2488 345
419 1921 167
1685 1603 866
395 3360 927
3431 955 891
2198 674 176
1051 1713 142
2945 2257 60
259 1747 193
3452 761 968
3222 90 624
1281 3108 927
407 2729 176
3080 320 852
3057 3244 652
2289 2125 948
511 3324 411
1923 2970 1
972 400 310
818 197 530
1481 2719 803
1363 1613 788
3142 1452 109
3283 2073 420
2587 1386 939
735 3264 344
3472 2351 291
712 414 267
409 2135 626
925 1175 654
1595 507 89
1125 2049 373
3227 202 641
189 3249 898
1005 967 504
3038 15 843
326 2670 116
1014 1271 736
1378 3487 835
2968 2663 155
794 1399 132
1540 2898 115
2058 777 633
1762 1940 114
403 523 498
1693 44 525
3464 1906 990
3178 2158 972
2409 705 856
1960 1329 128
1674 1330 730
590 985 828
2519 1241 26
35 696 840
3443 2981 825
611 2053 257
801 3252 241
3397 2165 298
1354 1776 714
1774 393 164
2510 2671 687
1482 365 758
2725 1716 372
2838 326 787
1000 548 526
364 538 397
183 317 195
2874 1676 330
3414 1133 323
278 162 878
712 1146 586
160 2380 702
149 2031 984
2811 3491 555
93 334 9
3495 2318 790
1215 3099 854
1996 1448 715
3136 1472 621
2138 2754 425
1849 2152 544
3199 862 884
239 2213 519
1961 2898 509
2145 276 596
2602 2631 991
1177 90 326
2590 753 472
1492 2316 233
1300 599 927
3332 2105 738
1796 3289 30
1027 2651 68
2667 3292 992
2707 1474 338
2391 2795 898
2243 239 503
962 3428 847
3143 2238 164
1532 1476 993
656 3083 575
1631 2833 678
304 2106 718
1800 1018 527
3218 1618 786
1054 2508 551
2680 956 77
2588 954 545
150 766 996
230 2853 4
2132 2377 947
1628 728 684
1476 1403 838
2389 400 972
1128 495 665
3187 1797 22
481 2363 172
997 230 681
2180 554 948
2981 3328 371
864 2810 930
2199 956 191
2688 872 568
161 3298 883
1932 179 507
2867 2570 310
443 2232 30
1678 1266 111
2173 3083 327
3279 1992 296
2031 1039 675
3253 3417 636
3067 991 319
1638 3228 254
2229 1685 831
420 535 750
2460 2826 24
1777 555 564
685 791 310
896 146 70
692 1340 225
1660 1205 533
2382 1431 359
3153 2624 111
511 689 698
683 1661 192
2152 2166 22
3004 77 426
2328 346 714
1347 642 713
3274 1223 56
3437 2951 67
1994 1386 124
2752 2581 300
1288 1156 435
1378 1742 523
253 1791 902
1510 115 316
1149 3345 808
136 362 612
3428 959 678
144 2170 314
191 364 822
1148 2532 980
2125 1778 499
1211 1504 713
1096 1783 396
2232 1570 41
3033 2981 365
3323 2837 477
43 1190 99
61 2828 947
552 992 850
1895 2139 811
2749 266 86
1356 3492 504
3341 3182 764
326 1055 283
3050 865 207
2700 2477 681
1804 2463 803
1325 2766 890
2565 496 927
431 780 619
3077 3096 555
63 161 828
360 1905 121
1162 2672 201
1036 1078 651
172 2555 599
2204 993 444
1755 1608 581
2146 3052 523
1530 887 266
1225 2626 827
3162 192 237
3386 827 359
2181 3483 803
2925 1059 507
1851 997 794
81 1500 62
1784 1467 255
2220 1510 65
2602 241 653
1963 1030 337
3438 2013 540
429 2751 213
3230 2664 11
2948 2767 593
1352 2609 395
2620 2429 503
1989 2536 792
3302 171 857
1147 2726 488
1952 250 228
1418 2624 128
3346 3060 52
3270 2986 99
2459 3001 501
600 592 481
507 2173 324
2092 3495 873
2161 2805 125
2915 513 757
2785 2515 407
152 2430 267
934 2225 501
1933 529 348
380 2602 423
1349 2235 152
749 1993 646
2742 513 414
2364 3188 550
1921 676 110
3378 276 466
525 2091 143
601 2541 835
1107 2341 779
1535 2980 23
207 1883 116
2361 2094 372
2237 497 761
291 3025 274
3178 3138 74
3422 333 417
725 714 223
1384 864 164
2839 863 550
515 594 394
1839 1061 924
1819 2350 987
1474 735 639
1454 179 342
1804 154 447
2226 3019 880
111 3203 929
2648 1046 664
1606 1256 642
2518 3336 328
1762 2091 980
545 172 223
2659 2590 476
1835 2310 818
1416 1934 481
3026 1920 817
2125 1154 453
1190 1775 796
2725 1222 101
805 334 332
76 2414 939
3254 2019 586
1978 775 886
2285 1449 306
3228 293 739
2035 1324 700
1675 232 539
1888 2191 111
2 3447 459
987 2850 915
2534 2389 457
1434 1982 434
3397 2577 452
3231 957 520
1119 1244 16
2146 1473 701
1390 2824 685
962 858 160
1888 1363 493
3404 2135 225
1904 65 378
3065 2525 993
1578 1135 849
3318 2317 682
1691 11 859
3476 3289 562
990 208 527
1148 1447 172
3004 2058 528
3452 2746 770
1826 1180 875
1356 2312 960
1114 1148 386
990 2524 712
2687 3439 103
1191 118 998
1680 2245 757
1120 1469 345
1696 1977 631
2307 2881 887
787 1864 169
1580 2808 772
2306 2662 325
2121 736 295
748 984 119
1550 2642 46
3103 1867 607
2695 3059 917
523 609 111
2962 231 259
249 1293 93
1907 3316 527
3423 713 760
3443 3150 698
3159 2581 295
646 952 630
2924 1643 929
3239 622 867
3011 1115 556
1077 2091 346
2043 127 237
1148 2916 192
3140 1956 630
2246 2388 251
489 395 411
3456 1409 597
2467 518 537
1159 2043 476
968 191 714
1982 593 366
613 1222 603
967 252 109
2240 2764 747
3444 2811 20
1291 1430 469
398 1164 925
3049 367 64
422 641 427
2670 1521 200
1612 1200 505
1018 3129 402
1645 1772 531
2947 3417 740
1194 1375 917
2657 691 367
160 2360 585
719 2032 587
594 2510 373
2503 2488 514
636 1713 561
3200 551 947
1341 3090 352
253 790 213
1602 2374 626
998 447 297
2730 197 16
2376 823 722
2076 700 950
2494 2693 520
1769 98 345
709 2437 582
2377 40 678
394 2034 58
1998 3116 269
412 3429 526
3489 3430 734
2270 2029 694
3256 890 617
691 3453 595
2881 765 10
1051 1269 696
1199 2904 383
1149 400 72
608 36 916
2729 1767 311
2762 1006 376
873 3499 604
1296 1451 528
272 236 960
1858 1338 869
940 1016 139
996 171 415
2348 1831 89
1636 1586 433
1418 1035 102
1002 1288 181
1506 3499 40
3337 372 477
3185 968 234
1785 1568 855
1091 3293 202
3425 2029 280
3317 3499 175
2672 1418 932
3387 414 24
3154 404 635
1501 3434 30
1175 729 919
747 2678 348
987 3443 654
1442 2095 525
1068 2775 871
120 804 602
473 184 618
3162 1879 758
974 931 691
556 506 170
1146 2643 571
1984 623 763
1698 3386 389
1648 2426 850
557 3333 896
3355 3377 350
918 2855 858
40 3377 818
3470 2998 897
2146 1190 324
272 2745 155
3071 2224 815
675 1856 645
1434 2855 25
3495 3314 308
1855 88 145
1012 1142 414
2807 994 758
2549 1858 398
2936 2228 305
119 2460 443
2537 3340 631
1781 2753 211
1157 211 795
1888 2273 857
1815 301 849
1579 2423 302
2168 1101 26
2053 1372 765
2130 405 841
331 1378 332
1352 1340 225
2826 2836 170
1260 2213 503
788 1335 811
2709 1949 214
2512 1906 955
3212 1405 536
2415 2097 454
1828 583 289
3232 1645 269
1478 490 978
427 3183 802
653 1736 907
955 834 971
2348 3471 826
474 3220 8
1917 2487 619
312 767 414
1091 730 530
1858 1829 592
2713 2699 842
2491 2645 672
2441 1129 62
1483 1737 270
901 2258 886
605 2605 253
837 383 596
2539 2413 499
1195 2281 661
513 895 894
1913 365 659
2412 3283 75
1668 1904 408
1170 2171 658
2220 118 812
348 992 951
1217 1649 335
443 2390 394
3350 243 981
1542 1238 510
1283 1963 772
1916 953 208
3373 1408 413
2205 2672 837
1052 834 799
206 1201 69
1650 3036 497
2815 2872 8
1693 1338 930
1207 878 341
1426 179 892
429 1931 628
3066 1976 518
68 667 496
2181 875 565
2122 1853 331
1318 2113 259
2252 3271 718
1736 3304 426
3270 1365 795
3157 3199 965
3234 1390 135
1098 741 610
1376 2048 251
956 1837 586
870 2939 54
3352 2321 551
2259 349 107
1218 543 17
2729 573 313
1586 1587 2
2123 1889 471
857 1767 757
556 969 695
2627 415 520
3248 3465 584
40 3431 320
1736 2038 341
2482 1958 114
522 3326 616
1865 2165 634
1652 265 789
1339 1020 3
1176 800 399
1323 626 681
2126 521 885
1420 2596 145
685 3438 967
857 2342 812
1436 3412 321
3436 144 342
2784 1066 440
166 19 344
2751 1696 645
2467 93 760
1432 2201 305
2589 2916 900
2011 2715 322
2620 579 364
1922 880 396
522 2147 561
2871 206 124
1036 618 321
1411 1754 69
803 3400 697
195 393 149
464 3396 640
1550 582 55
53 185 472
1712 2940 336
166 489 17
3409 3056 675
1022 1812 369
1063 1735 797
362 3174 641
2328 2904 102
2540 2438 832
1554 2716 20
648 1606 735
1760 3398 781
1761 2690 886
1445 478 689
2578 469 861
1443 3265 400
522 1186 762
33 2097 428
3022 1351 531
1411 2449 768
1967 678 882
1275 2661 91
3197 2560 62
3471 2276 159
2940 1063 993
3064 165 758
1748 1630 584
1873 2233 739
1365 3182 412
2141 737 294
1093 255 249
617 2562 127
2875 988 597
2439 1204 362
1135 218 602
3347 1504 526
2035 2130 33
2356 2304 750
1004 1424 178
1085 482 772
686 1502 414
2228 807 785
2623 2344 473
2448 1959 426
3395 2769 156
371 1842 395
3125 2809 586
1838 1954 526
2289 135 349
1208 891 216
2344 3280 485
1717 864 566
2781 2177 648
84 2464 877
2078 2383 306
983 3160 927
75 3337 567
330 2231 717
409 825 993
1642 2175 150
2826 2681 65
2450 1437 127
1901 1819 606
930 3114 482
1066 1699 979
172 146 823
1669 1259 425
1769 2745 804
1762 1317 247
3075 1371 414
2763 1847 579
2003 195 821
2619 1105 439
1324 2107 433
102 3383 429
701 417 314
1326 2147 228
1590 3301 402
369 2145 889
1404 2841 742
183 1478 327
1271 67 173
972 629 244
455 2686 388
2015 2890 521
1685 3376 339
1592 2425 291
1434 1337 368
1625 2453 511
1403 2704 876
2105 1886 609
2477 375 810
386 785 925
3334 688 163
469 3497 779
2773 518 62
1902 1178 796
1209 2941 819
700 2990 810
1537 1871 922
263 347 327
29 3434 129
649 2699 143
2574 359 877
3212 1948 31
2241 1815 446
1864 2793 429
3177 2214 424
1807 3024 352
162 1905 66
1466 2408 520
2035 665 132
2229 2096 987
3395 2604 751
2352 1689 674
3408 203 937
2342 2229 842
506 356 265
1509 854 974
3424 3419 438
1925 3098 451
939 1047 78
1554 513 605
3390 2761 562
1486 2990 580
2914 2664 847
1459 2525 389
1226 186 797
2096 1278 454
1919 2565 58
2411 2274 361
215 719 332
751 210 69
2217 1228 306
3126 980 987
2250 3425 144
3265 1282 211
2612 1472 741
1683 2684 871
1106 956 274
1717 3396 437
3052 3116 440
1257 1187 976
1309 351 869
2725 2053 453
3364 419 906
3010 2624 333
2108 660 991
922 1478 336
3224 662 883
1479 1393 414
824 3157 453
1919 3224 97
2668 1832 896
809 3358 231
1286 585 331
402 780 882
2837 2912 238
33 1650 671
753 1218 165
138 1226 604
2725 3215 200
1163 1471 627
1041 640 877
3013 2884 404
1266 1373 805
2912 1105 267
591 2423 602
3063 3268 430
1569 2017 841
2149 1078 101
232 1534 737
3293 474 886
2563 800 888
581 2434 40
1188 263 395
1020 2012 802
813 2851 2
2187 482 480
3313 888 291
1338 2973 828
2645 2021 790
1746 1115 360
2544 932 890
1799 1836 940
2055 1544 415
969 1153 101
56 596 344
1309 667 979
2186 768 860
990 3041 558
2469 1113 602
3313 1266 26
589 1515 992
1712 609 426
1774 2954 523
3470 1414 569
866 3485 607
2033 2995 138
2300 2731 616
1168 145 52
3187 599 744
2259 2077 429
1174 1621 220
1319 3132 25
1095 2443 356
1730 244 529
786 2833 452
1094 1533 717
1895 830 186
2923 2143 918
3100 1172 304
1087 405 533
1939 1237 966
2744 2348 191
399 1501 991
548 1961 401
2947 1979 773
560 3390 474
2009 2661 15
2304 1194 386
463 544 478
1379 2906 838
1360 1 382
537 507 21
416 1092 8
3402 1892 219
2827 3186 519
1666 2397 144
3037 2584 123
1344 29 52
1071 2206 660
2917 1233 402
3155 1617 573
1449 120 705
3228 1347 621
3122 2193 112
3116 51 962
2877 2938 882
2928 441 467
3412 3256 690
506 244 104
3074 432 541
2643 2814 747
3052 1780 565
2844 1158 702
339 539 400
212 1157 50
492 2648 458
526 284 367
1980 1658 913
84 429 129
1594 3323 261
1611 561 736
799 3484 682
1005 1444 606
3275 892 600
2873 1127 2
3004 629 546
1326 1499 64
152 1039 493
2325 1638 581
1274 2012 902
1538 2956 884
1707 397 939
3300 2572 219
682 2011 719
1339 314 576
1254 2824 184
3306 1886 766
2657 396 421
1650 686 324
380 1986 166
2769 1598 838
2287 2831 752
1893 2756 696
2442 2436 81
1286 868 730
1026 1809 302
172 1403 198
486 1756 429
2233 2464 825
210 8 840
2161 1050 221
1352 944 582
2803 2937 372
3354 2772 679
515 1322 759
2613 1514 191
2806 1343 987
883 1850 859
863 861 520
1436 3397 948
1063 1143 978
2985 1412 148
2730 2465 547
2512 1928 651
456 2000 256
2584 1863 682
2342 1786 275
552 1906 781
1417 1458 675
1082 1213 318
3260 2597 499
2763 847 932
1993 1740 322
1279 1162 595
2495 1505 98
3100 375 357
596 2411 742
2889 3125 710
916 2374 335
2542 1773 821
1952 2930 511
3145 1796 969
2897 3422 245
3273 2130 905
1677 1097 248
948 6 216
1448 257 964
288 844 438
2572 453 336
2252 1017 611
160 500 892
2583 2978 872
1624 3283 934
1459 552 681
2980 2552 646
2410 3154 390
2236 3212 350
2197 2686 877
234 2601 544
2416 2055 19
342 2633 189
384 2706 322
3090 878 740
1222 1837 104
1902 3001 86
2586 100 521
1004 3098 231
1427 147 485
1398 2627 168
301 1501 299
514 3477 754
1316 3056 279
2074 2279 637
983 2258 834
3263 1636 566
670 993 196
2247 1941 704
453 2525 554
1198 695 113
609 83 34
2198 3008 315
1600 1673 308
2748 3293 327
3433 2728 174
1475 1738 467
1792 2138 730
3030 146 415
1883 3208 257
1731 680 954
1474 462 238
2026 2297 684
3173 236 381
824 2238 865
1912 179 580
1283 2205 540
1747 2279 598
2151 3165 943
2396 3121 992
2500 1226 144
2898 2013 549
1921 576 209
2913 1479 938
1895 445 137
1696 1520 422
672 1614 366
438 3482 838
2116 2673 364
2658 909 577
1032 101 671
2702 342 544
134 581 802
1214 1945 718
578 1445 641
1578 594 307
1088 3499 350
1305 1970 866
420 1016 440
262 467 18
3461 2891 203
189 778 743
587 149 88
2278 3317 488
2218 3421 106
3108 247 801
562 17 322
2197 651 289
113 3153 613
2375 2634 955
2049 977 729
688 529 179
1988 245 228
3062 1793 640
595 2370 159
1761 3495 359
55 182 593
810 906 14
1377 280 880
1959 2396 505
2355 340 866
3322 2630 293
3083 2085 121
850 1313 742
3064 263 83
2256 1773 422
2533 3331 590
2744 2312 221
2814 3374 533
1604 1492 792
1567 3173 94
3475 690 982
2197 3103 503
2578 3167 812
1693 1727 397
1843 3053 918
1895 2021 71
2240 1989 89
1498 2705 620
1632 2535 733
311 2028 933
1887 3484 354
708 1589 552
568 2408 318
1799 1167 885
2655 1244 131
2086 2241 437
458 454 85
3370 2991 783
2854 1009 915
1610 2400 318
3182 3133 207
3021 2045 77
1234 1852 924
3391 3174 675
2270 2789 578
1144 961 616
3156 3112 639
2862 1179 886
808 2376 580
2474 482 839
1273 645 627
1016 985 435
2710 913 761
1942 1637 126
2416 2579 445
2292 2037 3
2775 3445 734
1604 1774 878
898 1821 969
1064 3040 292
1999 2290 795
2668 2968 839
1245 2433 519
731 752 640
1494 919 477
286 957 495
2044 2739 546
2625 2925 72
1922 2104 760
1496 46 726
3177 25 50
3239 1383 387
1471 3259 83
1629 3020 328
1597 1155 178
1001 294 432
3313 1931 502
1566 678 806
276 1977 580
1414 792 149
56 3092 302
583 2180 577
1969 2454 640
1923 932 538
1960 2720 600
199 974 540
2578 322 821
974 592 990
1963 710 675
2066 2579 565
97 2813 39
2298 2649 278
636 418 863
1470 1458 687
2027 1348 631
207 2338 748
1003 312 196
2608 1274 384
2069 761 448
2608 79 979
888 2165 29
1700 1325 634
161 955 414
3475 3028 852
3405 3260 91
1647 897 256
1487 2823 402
1990 2298 317
3215 2758 86
1926 2491 575
1882 1537 505
1581 1919 710
1064 3122 701
3377 207 855
1287 724 19
637 1930 568
3155 1865 558
3314 2438 925
299 2681 208
1776 3095 924
3403 2670 801
32 2112 294
1234 992 213
2637 412 164
3242 2168 967
3247 3169 298
2975 1149 308
3272 2309 874
3290 125 303
1773 1578 418
2195 2057 819
1055 2601 90
2885 2960 168
1100 761 143
15 1838 323
1388 3136 798
57 2455 2
2212 13 321
2089 239 378
2651 2535 405
1796 752 735
2448 3148 17
401 974 434
