4300 4374
3049 322 615
833 3911 496
520 3656 885
1772 3050 870
1924 2823 28
840 3275 267
1145 769 673
3556 1022 590
1432 178 816
1168 2978 182
2874 446 500
181 536 868
4047 3900 878
4266 620 90
3233 553 200
2018 1151 919
4069 1857 424
285 2470 991
881 973 419
2620 613 248
1150 731 756
591 2130 58
241 3526 534
1021 4211 450
1413 2927 308
539 3249 100
2761 1358 870
2222 1095 429
902 895 104
1758 2995 645
757 742 437
1132 948 390
1437 2073 673
499 1639 144
2478 2491 180
1455 9 49
1240 1858 923
738 3768 759
55 600 295
2907 392 95
1391 2728 775
3014 1988 854
2873 2887 461
3210 2918 171
3651 565 523
1115 967 717
3163 2092 923
1931 3273 830
2245 1524 984
866 3872 671
488 2166 540
2003 2525 563
4093 990 768
3607 2936 991
1990 2726 368
3921 2540 117
2468 1503 177
4186 2700 618
3658 3347 765
856 997 206
1558 1163 681
658 2819 311
1294 803 526
1367 576 57
1484 3859 22
919 3265 154
3747 1856 775
2478 1137 167
650 421 98
2384 4106 56
4279 55 146
3271 3635 928
253 2028 289
444 1011 628
3146 514 458
3504 4079 287
1046 1122 767
4066 1898 48
3137 2881 425
1563 494 993
2039 2300 618
2548 761 959
1700 407 584
1157 1372 295
242 876 193
1953 1926 415
3472 2479 163
3584 623 527
2579 1217 959
1243 354 324
365 7 423
999 2405 522
590 512 798
2995 1197 302
153 1029 920
1832 349 38
16 3428 260
477 3089 372
1017 2748 971
1357 3510 68
3892 2056 92
1529 3243 162
1545 2485 133
4029 2178 469
3390 125 354
64 2075 453
612 22 646
1322 653 166
791 514 94
1932 2802 759
4245 1686 767
3631 1374 835
1802 2148 474
2641 3635 709
325 2156 827
1616 1074 88
416 863 595
352 4 309
3989 4030 108
362 101 627
1620 2840 649
2539 2799 405
2392 3938 653
1958 2654 190
1447 222 356
3269 3630 495
704 4183 80
1799 704 40
2046 35 965
2617 1655 640
35 1265 68
1107 2303 468
209 3003 149
2365 673 632
2964 592 812
2211 233 826
3985 703 789
2435 3184 123
1159 723 655
2218 2858 890
1486 3305 82
1707 971 141
3302 2789 671
3592 1814 192
2476 733 356
3294 2917 59
2678 1633 952
1896 3098 353
1547 2421 723
1160 2873 590
478 1907 616
348 3041 197
789 1898 829
482 4092 27
1627 52 238
1934 274 269
1739 1165 327
3974 2757 925
2602 2278 456
4123 1352 60
1789 537 670
3010 3264 932
2598 734 557
361 2318 978
3125 1002 418
2636 1088 334
3902 3838 748
3478 557 476
1395 2860 120
4232 442 11
4247 3630 342
1548 1163 24
4203 3679 977
2518 3176 222
2407 951 87
1964 758 733
1266 1703 636
915 2195 327
1295 2103 741
3354 970 536
723 2400 812
3186 3302 989
539 10 434
3360 2944 593
2594 2123 165
1340 2851 65
3129 2002 220
1518 1256 781
3336 617 50
2656 140 517
2374 2094 790
1446 3162 612
3443 2061 667
4293 3102 602
2540 4112 443
3042 3781 812
812 1657 606
2331 2482 353
3486 3512 511
682 2965 589
1363 1249 285
2854 1862 345
3133 2426 546
3173 2468 892
3502 3176 15
2482 3251 527
2174 2680 410
1216 981 844
3203 2172 781
3559 1961 940
3825 3361 619
3654 972 735
1992 2506 82
269 1471 279
960 3706 134
295 985 83
2577 1264 895
148 2190 834
2326 1483 388
3787 1459 32
3077 3998 209
1082 3037 874
2290 2383 29
1583 3305 590
1721 123 816
626 3411 432
957 4001 921
1323 1034 563
1070 2424 918
3277 3745 141
1163 149 611
36 2034 396
4278 3013 506
4192 3790 882
1585 3527 597
3425 1601 249
764 3308 463
1333 1345 564
2741 396 940
2685 2691 756
4009 2979 877
3204 3367 117
1735 31 201
1719 2945 147
3898 1202 714
1381 3103 200
2989 696 320
2897 300 840
3868 3560 597
1427 1251 356
3154 407 449
1752 2893 539
2634 732 704
2004 3184 961
2460 96 457
126 41 718
3011 57 249
3613 3770 313
2016 1127 781
4127 3643 510
4172 811 741
2990 61 573
1314 2151 114
1926 71 762
1044 321 513
983 644 592
2286 2229 404
1531 1650 5
2699 1431 773
2286 2097 176
3109 3598 577
1033 2860 878
305 3734 54
4296 254 360
762 1926 497
1409 422 807
426 4143 903
671 3231 955
4254 3804 917
1231 4050 651
1143 1220 612
537 1308 962
4142 3858 264
2930 2636 321
699 3187 221
3015 1886 310
3745 710 502
1647 143 798
1160 3944 74
238 1555 256
557 1405 752
1107 1641 280
784 2594 840
75 2948 326
3388 800 498
3537 2925 925
845 68 807
2575 1071 504
4104 1697 618
292 2303 866
3441 277 854
2033 2909 48
2214 3211 693
2806 2053 272
2975 1369 13
2892 3320 568
4073 753 359
921 1905 41
562 4191 454
4197 1939 116
2483 1810 527
1807 42 457
3720 532 384
3946 1724 200
3938 2209 309
745 2701 920
1720 3327 745
1350 2499 836
2493 2525 809
1862 742 580
757 2575 679
272 66 51
3533 3700 401
482 3900 148
880 862 666
3367 3340 731
1835 4101 302
902 1042 680
1172 1507 872
2507 3427 151
1108 86 644
2219 2583 93
41 3542 749
4007 4102 943
1768 2303 77
3778 2262 93
3054 3546 710
1504 971 784
1312 1076 897
1479 1839 491
1032 2297 42
649 2250 576
820 1377 412
3599 3373 956
577 2371 741
3321 291 730
3137 791 195
2031 2920 658
1774 112 898
3417 1119 759
1232 1409 116
1239 3959 931
3589 2327 571
284 51 349
2795 4026 498
3245 3428 655
3427 2413 47
1882 1477 601
1712 3206 547
627 3793 127
942 1797 472
2701 968 759
4157 4200 974
188 2628 177
1811 1850 735
1711 1471 634
2243 630 571
2491 2013 161
3542 922 837
2887 2078 166
620 951 465
1830 3672 522
2595 3084 424
799 2189 666
3440 3674 350
2333 558 762
590 2438 639
544 1366 108
4095 1001 239
2231 1869 700
1408 630 43
2273 3929 428
3530 2214 981
1878 1573 335
3089 2803 44
1786 727 642
2491 2410 696
3928 2053 493
2257 932 292
2968 484 363
3595 295 11
1038 3175 231
3174 1855 331
403 1323 517
3231 1751 307
3189 2616 628
2531 4161 471
4269 4121 268
4067 891 141
3492 1393 752
3737 4071 454
4210 3489 165
2072 2495 747
3435 3804 722
975 2342 779
1953 787 679
2461 1625 531
2367 2269 662
2684 2640 250
1997 3467 858
1849 3969 917
3739 2240 930
4141 3301 785
2088 4134 135
3227 1591 487
3220 2008 941
3861 4273 796
1070 2285 318
3694 3060 686
3430 2431 658
1518 3519 556
3798 541 574
2536 3367 331
3557 247 763
1373 1544 525
4242 954 526
3083 3232 464
4087 3301 976
1626 1099 737
3645 1200 130
3668 2319 54
940 4251 919
2185 633 373
3749 1608 345
2009 523 357
3081 1790 534
3385 766 15
2285 1754 555
4149 1262 343
4267 2795 965
787 17 922
1917 4172 712
2266 2625 424
891 1085 272
643 3817 263
3512 74 947
835 2429 854
2443 1481 632
2785 273 849
1339 3132 12
2419 1677 194
1071 1026 153
2803 3915 851
923 4012 909
1811 2532 496
2998 3122 287
1107 1982 849
2694 3887 764
3032 202 913
549 3729 354
1878 2893 650
388 315 79
1586 482 714
3445 3761 33
2059 1207 862
296 888 414
726 3599 705
1465 4168 420
4139 2760 729
394 908 617
1685 3509 820
907 1735 378
2923 3243 19
1183 4224 450
354 1512 773
2996 3492 665
545 3031 761
889 2252 420
3193 3176 334
1484 2691 652
276 20 61
2574 3042 338
1631 1308 917
448 785 215
3562 602 38
267 2300 309
2048 948 213
3871 4210 711
339 3185 733
3762 2397 861
1935 45 553
3564 3121 774
3705 1525 925
2077 2807 200
1212 2816 21
1410 2967 211
750 2774 213
2419 3635 648
1503 2324 563
1754 297 606
3031 2788 180
3333 1417 774
1017 1425 535
905 2806 361
4299 2483 688
2269 1395 780
3002 1755 400
3270 2921 594
2596 3989 356
2233 661 200
2955 1464 652
2435 3479 198
1598 1526 293
4199 2734 907
2197 749 662
1409 4182 720
1641 2862 681
2427 1938 657
1738 1427 142
802 418 936
622 1178 996
3060 220 763
2383 1318 117
1047 2537 384
3510 1536 439
2004 1776 313
2360 2221 692
3238 2367 495
4195 565 997
2889 2819 955
2693 3497 544
1645 664 425
112 2338 516
2784 4242 173
2757 3356 549
3711 2751 438
2116 2176 215
157 3401 762
1529 69 308
2208 1439 919
3850 3984 467
870 2716 568
3227 1988 250
2584 3696 25
3589 2326 877
978 1581 83
202 2036 655
3197 1039 704
2415 1625 478
374 4165 670
2339 1283 831
2322 3787 69
2028 2693 745
4154 1988 380
405 740 361
307 393 539
525 1606 498
2725 3697 396
1724 2488 441
2775 72 795
3150 3465 116
1783 4299 499
1711 2030 620
3105 802 128
418 725 14
3557 2243 267
2693 2615 41
3855 2026 278
1246 1115 890
3496 1318 624
4168 2734 502
999 3476 668
3141 4225 675
1707 2282 707
1438 1654 806
2016 3662 561
3195 1352 153
2951 385 622
3493 4234 53
1544 1185 307
324 2352 212
700 1271 672
3253 3030 460
674 2200 34
3992 1577 361
3421 518 843
315 1019 40
531 4037 628
2702 976 229
1913 2331 344
3753 3538 74
144 3723 58
1619 3993 828
1565 3823 724
1622 2507 395
3443 648 345
2081 1827 158
2100 1096 979
3429 669 6
1855 400 660
3216 1019 174
1866 1527 770
2046 2054 938
1910 3834 21
504 4134 455
1609 363 954
2013 3028 10
3913 1854 386
2665 3045 653
3733 540 504
1322 2562 395
300 2585 700
4228 2024 612
1365 3862 818
1406 2349 218
2124 10 508
2719 1958 488
1364 2532 315
2132 464 919
2917 1705 343
1497 1352 538
647 3762 47
564 4047 802
273 3478 609
3865 130 763
907 2211 10
377 2469 288
3211 2976 14
3793 3291 551
1019 3468 746
789 2645 450
3802 4141 932
4119 1222 431
314 222 180
3660 3029 947
3825 14 605
3862 2972 52
511 4182 964
2870 843 28
2516 2187 681
2150 1533 885
521 3997 189
562 472 134
4102 805 808
3607 2351 988
1506 642 208
1344 1392 668
2539 912 78
2405 1493 243
4281 1492 778
3750 2329 506
3309 433 16
3271 148 269
1512 241 685
2623 3475 677
2873 529 835
232 4299 723
124 132 897
3256 1287 712
664 2743 612
1702 4273 317
1212 1992 195
2809 906 769
176 1611 466
4178 1892 545
781 881 706
1105 3064 126
3826 501 337
4129 1580 381
1765 2237 914
2138 2690 816
2442 858 873
2711 599 948
2823 124 177
2072 3821 226
3285 2846 643
2762 655 352
1374 640 967
4132 3647 933
2710 1974 196
1361 642 836
4198 1797 75
4161 1616 988
24 1025 34
1222 2366 643
774 3805 648
4123 4286 751
1138 2719 812
3554 181 769
2794 3520 701
3360 905 455
3830 2761 911
2213 2469 164
1518 767 699
3776 1629 853
404 432 955
3038 398 408
1868 983 649
577 2942 455
1622 2345 981
3969 244 382
3675 2921 971
2825 571 56
3341 3386 310
1848 4148 624
3447 1489 937
3200 1376 442
2574 1376 265
887 1463 74
2493 1164 931
2474 2306 507
4283 501 114
600 3872 880
4168 2955 569
4197 2837 434
4078 2952 859
2280 2359 935
511 298 889
1676 4075 573
2763 3460 744
961 2784 745
3955 113 122
4204 3735 872
3414 2266 211
121 1152 105
121 2702 917
2828 4022 460
2712 3800 706
1559 1339 752
1308 3676 803
901 1792 825
668 3379 493
2116 1846 36
989 941 560
627 4020 721
431 488 188
2108 3875 884
160 1296 375
4123 3929 579
2432 3223 357
2384 662 49
3060 2025 471
1926 84 1
2457 4220 629
298 1376 474
2119 3322 10
563 3182 191
34 3916 709
2192 4032 853
1835 1867 334
2786 2575 113
3828 4289 44
137 59 727
336 1550 4
105 1646 416
2780 586 331
1049 2012 136
2626 2181 326
835 277 168
39 178 75
3085 1564 741
3936 324 749
1964 1045 561
841 3479 732
3820 820 474
1560 3843 672
4176 3522 192
3622 1815 744
948 3601 523
2771 2873 552
3321 2688 609
1024 302 245
3992 3198 246
1386 3989 336
2744 1898 820
3032 152 792
546 2793 664
1966 2506 777
1450 4029 961
1256 3495 132
1858 527 338
904 925 67
1604 230 569
2205 1817 467
468 1346 623
2700 1582 255
1182 3241 786
1143 3880 556
1515 262 868
2548 3768 921
2339 1265 255
313 582 251
571 3613 611
2247 3876 651
1586 865 178
2496 132 663
627 3200 476
1399 980 141
3983 653 408
2099 2603 517
2308 2961 922
660 1725 472
3748 3434 615
3885 4175 947
963 3053 503
3959 2697 49
2668 2888 702
204 792 319
3817 1672 397
3935 3548 914
1975 3417 658
813 3206 854
1926 2750 57
2188 1119 155
3772 2156 408
2522 272 945
88 1642 45
3893 4196 696
2400 3348 716
216 2198 42
2907 1686 881
1299 2346 611
30 2891 340
1906 521 173
2778 4065 477
260 3178 130
4204 3908 954
2039 3932 978
311 3224 159
1595 3751 659
2222 1976 524
2507 3928 655
879 600 517
2543 3690 115
3035 3198 730
2485 685 492
1053 1973 632
2887 1348 551
3381 897 613
2797 3340 206
215 496 260
4084 50 249
61 439 654
1249 2089 429
3377 4124 551
2662 3114 675
1420 2596 418
3903 2147 826
3569 1987 924
4133 2189 529
713 2808 319
1014 1203 641
3739 2396 155
508 3047 544
345 4147 411
2506 842 101
2389 3420 969
1428 1704 180
3462 2990 731
2362 3666 561
2123 2226 63
2527 3325 551
1543 1540 491
3049 1204 811
3506 533 513
3180 662 550
335 3196 94
2760 2627 731
3355 4141 939
2703 3264 637
2577 1667 851
2263 3933 210
4255 4258 891
2214 3454 18
1393 2141 570
1951 3225 591
2797 1040 439
2710 3614 310
1522 2227 283
2428 337 699
3525 764 106
3125 726 927
3516 3044 842
1033 1906 668
3556 3401 447
3690 101 603
776 105 32
9 3093 431
477 415 657
1135 425 799
2298 2660 73
1018 2121 448
687 2096 430
2907 3170 493
3016 146 350
2580 320 724
1817 2801 248
4182 3948 339
3602 2013 166
203 191 782
2959 3189 375
3610 826 936
930 408 974
314 1466 366
1414 3322 580
2748 1955 745
314 3641 162
848 404 414
3792 2040 501
2569 103 153
2656 765 231
3993 111 735
3326 637 737
453 1692 814
3486 1240 615
1227 632 201
2187 815 689
681 2322 360
423 813 1000
1919 915 344
398 42 443
3404 3153 429
3619 661 417
3542 4007 962
2240 664 115
2851 4193 296
1999 2867 58
1514 1342 230
851 3255 399
1398 21 679
168 2764 583
1333 2527 79
1799 2848 597
544 321 499
1538 2501 121
714 484 895
2916 366 317
1604 3457 794
3140 3406 746
2783 598 750
1741 3271 62
602 3556 895
216 110 970
1063 1192 266
844 2788 231
596 3762 891
1493 585 947
525 634 610
379 2287 868
1785 1991 140
3642 2854 758
2792 2816 163
2943 932 793
2649 2176 820
1378 706 567
2519 2374 828
4192 353 207
3987 2831 172
1577 1794 564
4125 2869 237
2449 920 593
1448 3343 423
4287 3961 789
2163 2816 283
3210 3200 99
661 2626 707
1059 738 616
1315 1914 919
3392 2649 432
3804 3236 193
3324 2133 901
925 1677 485
2704 1604 781
3693 970 589
1932 4253 457
1116 181 233
329 3842 78
2139 3728 560
1985 1321 97
2722 938 331
2728 2677 452
2191 4163 483
141 485 205
3576 190 492
1065 1558 936
1712 1002 406
2493 1486 895
697 603 866
3393 2362 888
3332 1132 231
2470 1558 510
4115 4050 846
2447 2399 916
3092 711 589
2610 828 563
3589 1034 813
544 768 829
1550 945 307
2530 2070 624
3637 4144 444
2159 1589 570
469 1277 946
733 3165 8
917 4212 589
1845 1617 791
850 4232 726
485 556 487
977 3917 751
2579 3353 123
1983 1450 211
2153 2690 366
551 2041 170
2070 2338 774
3890 1151 424
2592 222 803
4227 2832 952
2508 2103 556
2662 1824 105
3652 2348 364
2439 1859 256
2109 3829 409
2213 459 986
2794 3346 206
1631 652 956
1940 2905 67
2597 3830 118
3334 2242 902
894 29 699
2849 4188 694
3326 1433 8
980 2306 907
2004 3915 737
2901 106 319
1539 1110 25
2884 2550 526
52 807 819
1273 25 199
1298 1352 831
3735 1353 824
2454 3832 16
866 217 154
2569 1760 582
2673 2796 326
3167 1651 130
3281 1848 181
2266 3911 472
4098 1865 587
3009 2519 618
3008 2880 201
330 3556 335
3937 4159 891
186 3232 441
1374 341 999
3771 3825 163
1805 759 919
1029 2840 611
3189 3074 649
3493 2851 943
3013 3886 162
4219 1697 463
3078 4296 922
398 683 965
1947 818 871
2232 3251 859
3989 4241 867
2881 1457 386
4124 1368 236
1437 2233 691
1110 128 402
2312 3599 556
1306 689 208
551 719 920
751 3937 599
1544 2022 598
2766 761 517
1180 1352 542
2662 613 277
2643 2290 862
3365 1105 370
2538 4101 190
260 3488 731
162 1516 990
955 3576 303
1497 319 954
3287 806 549
676 950 510
3147 2985 677
1316 561 832
3161 4065 284
462 606 114
2847 236 370
483 4010 806
1333 1936 710
2892 735 711
1532 1046 295
197 2494 469
2424 3054 562
497 3037 721
1737 1572 150
3873 4012 265
3294 181 818
45 1016 568
110 99 843
93 869 356
3494 2098 486
2395 4069 176
1295 1115 470
42 683 75
723 3755 987
3246 1129 399
3915 2343 554
1010 1777 512
3200 2008 182
228 187 40
2807 2317 581
2100 1555 767
2385 416 168
1206 1501 902
3180 2723 45
3518 495 590
2790 3199 846
2876 3783 661
2939 100 563
2094 3216 252
2452 572 317
2342 4112 626
2834 266 239
2775 3606 315
3013 2296 551
1089 1206 234
344 3449 512
1656 994 856
3244 4110 382
555 889 15
1334 1041 709
4066 1618 287
423 2960 859
3265 2339 662
2877 4153 533
1382 2994 868
1554 2816 466
3778 4084 462
245 675 80
3965 3196 693
2098 979 77
1773 1133 203
3011 2977 33
1229 4182 788
4058 2999 219
3425 2059 872
1204 4086 865
2974 2947 105
3442 3167 772
3185 114 570
2889 991 713
3646 2162 13
2498 3236 211
659 871 17
1671 3041 107
1766 3091 1
1661 1660 680
3186 4148 209
808 1323 933
2357 888 93
2900 3590 95
4220 2139 134
2400 2681 171
1131 635 45
1521 673 402
1643 1630 382
4187 1088 632
995 1000 959
3398 3366 23
2807 2838 584
2448 1633 449
628 3013 1000
2716 2138 102
1937 2098 370
1403 3449 710
805 2971 253
1008 3090 930
863 2964 495
4174 2183 575
224 2956 453
1093 2025 491
511 2604 783
3669 600 143
3000 3998 524
3707 3528 549
2352 3620 632
2638 696 583
3171 3744 844
3064 2513 55
428 4195 786
566 2299 801
2040 638 420
398 3853 404
3207 225 361
1630 816 352
2209 3212 507
2605 1872 390
2045 3217 35
2557 770 697
1038 4216 350
3355 3263 701
2758 2596 264
3954 1417 1000
253 4225 173
2386 313 811
2188 3175 561
2461 1143 577
2179 214 837
2585 1939 26
1626 223 336
2608 243 425
2912 3562 439
412 942 621
1728 1555 383
340 4063 650
3471 4126 718
295 2492 758
2775 3926 725
3638 1043 911
2512 1389 895
1438 3995 930
918 3872 994
2637 239 234
3322 444 777
2854 1227 278
561 2764 955
3678 4198 696
4062 1779 844
551 3271 629
2658 1724 624
1852 109 797
2811 3952 94
1897 4025 465
2694 1362 299
4060 4106 849
2141 239 865
54 3842 226
1529 102 995
3932 2705 30
496 2998 201
4159 3957 151
2521 1425 695
2840 2533 797
3274 2582 130
3259 4042 359
2854 3357 21
2662 421 293
428 2100 503
3870 2304 755
3434 1726 305
1229 3642 48
18 3375 814
3282 356 363
1769 2082 635
1577 2934 170
1291 2138 784
293 3464 411
1828 2608 593
2754 1199 55
1072 3287 340
2198 2250 65
1372 1116 411
307 1557 7
2465 738 131
45 1290 341
615 347 388
2858 2773 560
1601 299 327
678 856 293
1037 13 222
3101 3046 297
4171 3493 365
649 2240 739
1484 3810 390
2199 3624 494
2466 1028 250
1682 3268 165
1433 2053 487
178 1921 133
566 3126 515
3644 1740 727
1737 2608 658
3165 289 381
3186 3113 909
357 1005 567
1981 540 730
3995 4149 622
1886 3944 564
3977 3508 830
874 253 822
3611 2342 17
509 2917 247
339 598 264
3033 1799 95
2302 1832 796
2636 435 601
1389 2305 520
625 2528 864
159 2686 178
931 234 99
3754 2857 585
68 3739 477
2018 2647 653
2009 4281 701
3000 1408 204
2880 765 20
658 2295 945
3700 455 884
1228 1753 450
3683 635 336
752 3515 270
4131 3289 598
650 2084 31
3498 1935 228
4164 139 450
2954 1023 617
2706 3705 611
3250 1264 460
1018 2830 289
3839 1906 850
3780 2947 916
1843 98 78
533 3152 706
2639 4007 114
3661 3343 628
3134 3527 151
3418 3624 912
1202 2151 339
1787 145 867
2109 3709 459
2081 2449 105
3868 2639 129
1652 3097 979
3022 1964 100
1239 143 222
3669 1759 573
4142 2822 454
972 3667 99
2735 767 440
1432 1347 611
3118 2488 756
4198 3903 947
4045 2604 308
2571 2353 611
731 2689 62
2195 2360 170
668 997 235
875 2130 261
434 769 505
68 2029 67
1939 771 792
2811 600 486
2773 993 952
1717 1067 623
1013 3925 710
2332 4141 168
2825 3120 298
1974 1639 273
3803 3676 318
1920 3838 959
978 4264 885
2458 3497 120
747 2629 827
485 2875 950
4209 2930 805
3054 3292 127
3547 3382 74
3717 711 128
2944 1316 75
4 3587 863
3431 1824 817
3818 3328 379
2167 2766 686
27 805 422
2112 22 66
2843 3686 39
811 2673 704
719 895 689
634 2399 204
2186 2457 85
985 1124 430
2454 940 268
3581 2735 935
2006 493 324
144 2966 207
2218 3070 386
420 1337 354
1998 709 565
1691 2549 798
3811 3483 496
2572 3812 523
3948 3192 279
1914 1917 431
592 1893 827
1084 640 642
2604 2265 341
908 2757 635
2186 463 290
1946 2056 715
2629 1709 795
3 1027 618
525 67 773
3922 2465 990
2298 3003 808
284 2115 979
3914 1710 900
2609 3715 773
3438 1284 798
142 1809 530
2479 2515 980
1778 1005 873
2265 2825 86
2030 3796 805
1614 2335 156
157 1811 217
2023 555 703
3225 2946 772
2049 2745 38
3229 2695 337
1239 2206 118
907 1460 652
2711 371 840
1537 3621 939
2974 2477 63
211 3427 759
1252 2077 273
1918 2840 540
3431 2565 290
47 1580 651
608 2034 896
57 1722 238
402 3265 394
4158 667 660
777 1396 913
1911 3544 357
1872 2144 991
505 1398 49
1607 2481 1
829 2415 616
1417 443 844
1340 1461 687
1962 4217 552
3660 2838 239
2610 3697 3
2946 1821 556
3353 3492 421
161 2561 859
3275 672 28
4073 2318 467
431 793 196
339 2496 607
465 1413 885
2916 1590 48
4023 35 989
310 3094 465
3837 13 813
4269 2064 800
245 3068 358
1759 1354 620
4080 12 441
2087 3407 472
2633 2204 711
2951 610 806
3284 1755 24
1401 1336 263
2998 1749 446
472 2095 977
2844 1497 427
1106 2431 890
2125 3405 1
1072 1352 16
164 543 516
2041 1302 595
624 1184 208
2716 1487 497
2991 4226 816
9 1160 814
250 4161 669
2992 2792 537
1229 497 983
694 656 153
2442 1957 91
2366 3976 472
1875 3296 417
238 2757 230
4235 1799 314
2480 3235 882
30 3680 843
2556 3919 999
3163 3779 29
1896 1657 823
2133 389 895
2620 1185 742
3036 1504 474
1692 2763 88
526 3539 739
3188 866 983
460 2144 81
2776 3183 158
3746 2469 696
3762 587 163
249 1416 240
3156 2180 849
2510 3691 795
1254 2086 867
3217 4014 873
2261 2360 802
4226 2915 345
2979 488 111
1232 312 750
2395 128 870
422 1511 84
110 2793 217
480 790 901
1573 451 832
1964 1927 275
2331 2705 882
1294 2924 165
1115 357 562
3500 3541 678
3669 3352 31
2662 2089 587
3230 2019 447
3236 4269 551
2681 2895 768
1971 3444 662
2309 1494 736
4112 2156 637
551 3114 967
289 354 365
2962 3163 529
3803 1965 619
326 3673 408
3531 1017 841
2979 2814 799
1295 245 589
1522 758 147
1673 3937 799
1145 2677 320
1774 3452 115
2747 3974 770
2422 3304 430
3761 222 623
569 2912 631
3144 1673 8
3853 3112 430
1814 721 300
394 3508 849
1945 1357 831
278 2833 89
1990 2399 708
772 34 954
2095 1015 549
3895 3571 203
363 3022 386
735 3859 638
1355 4208 916
392 148 645
277 3565 865
1795 3864 99
2687 802 731
467 670 510
668 2033 804
3369 3879 150
1153 3318 965
3 1913 922
2953 795 773
692 2419 582
4284 1107 821
3969 741 189
2523 1130 551
3618 1474 969
3373 122 28
841 1118 591
2035 789 120
2259 1585 939
2932 4037 553
715 2298 339
1127 549 142
2076 3554 518
3193 1010 323
2217 1437 858
3753 3685 621
2450 4213 283
366 16 404
1569 1181 681
3072 3383 738
2445 4260 894
2574 4201 996
2556 3522 980
2073 359 824
2315 1006 33
2802 3375 904
1665 2954 346
4060 1719 989
3141 3899 175
3348 254 86
673 2014 38
3873 222 223
1537 4030 818
1010 2103 896
3084 3719 855
3918 3602 705
1252 1364 135
4255 251 170
965 64 607
1067 1345 204
1212 2278 381
414 1755 872
1656 2381 295
1986 2468 764
2078 3338 158
1238 2323 328
3732 1351 948
1248 3163 896
132 1443 868
1658 851 712
3456 2447 195
4201 3417 437
545 3795 589
1733 1953 469
2359 1003 207
3352 1344 720
783 4069 666
1870 4122 649
808 1971 682
1407 2506 551
1259 1216 570
3155 968 751
3772 1086 529
507 3343 995
225 3943 140
564 2648 549
1447 2255 418
391 222 363
1003 355 618
391 1749 166
2198 1695 897
3800 1626 824
2851 3419 185
2630 640 114
975 1209 279
4297 642 65
2448 266 765
1261 2257 835
3999 864 707
2528 3474 539
2033 4216 603
2879 1128 398
3825 932 18
733 886 422
3185 1348 894
1841 2733 811
3516 2384 74
3895 713 127
2744 78 948
3450 3381 170
2315 1392 685
2853 126 638
1188 886 217
2421 1161 324
3773 1796 119
2624 2190 779
581 2784 425
2448 2088 338
300 2497 761
2659 2082 362
2382 838 221
1425 4146 853
3299 1660 168
3527 3397 104
2320 1787 563
2669 137 450
4196 581 271
1917 223 281
697 274 712
1098 708 697
1753 149 35
1037 1941 472
139 1316 690
354 955 521
683 2945 373
966 1424 306
3196 4111 334
2705 4176 651
2048 872 513
3313 337 599
1985 3217 897
2810 2017 488
1534 3627 132
3507 1471 846
2114 858 762
715 3404 321
368 1100 693
311 2247 988
1480 1546 317
283 3353 955
3301 40 274
372 2762 129
3391 1213 548
1771 2323 555
625 2898 682
1043 981 263
3676 1180 654
2617 1116 445
3296 542 626
1554 3511 352
715 3329 826
2928 3974 580
1455 11 992
2818 3568 555
3138 2891 509
1997 3628 270
3470 3713 78
439 3140 755
4222 354 704
4158 1503 351
8 3775 912
3302 2900 836
3155 798 214
2938 1971 535
1393 2241 94
306 3244 379
2642 3199 89
1349 917 905
577 1306 973
1145 2275 993
43 3553 996
3366 1553 514
534 4053 638
3027 2197 252
1765 1197 395
3983 1646 540
728 969 250
3917 2566 338
1074 3824 168
1048 4191 718
2746 931 245
1288 3993 826
2233 1519 231
3976 4194 129
4258 996 31
3703 239 1
1783 3489 418
3086 2227 72
2782 713 313
799 1030 847
1198 506 304
2888 1166 363
453 581 564
271 1066 28
3361 101 134
23 1981 337
2053 1037 197
4197 1242 594
1609 1393 648
1310 3298 554
1955 2950 156
3209 973 79
641 181 209
4204 3598 702
2857 1791 227
3800 1761 327
3344 2785 359
3365 775 332
2712 2505 612
1764 3357 325
1772 2341 763
2777 3472 489
130 4174 779
3491 3862 236
3231 3501 588
2586 2902 452
3871 1838 858
2621 1171 590
1718 558 83
2024 1916 147
2752 3805 787
3432 38 304
2710 2137 994
4279 2704 509
126 742 927
2443 3960 408
3972 3214 543
43 3029 821
4060 2976 141
3771 2977 397
3629 1369 573
1107 3452 150
1627 2708 670
1063 2030 706
1667 3025 690
2837 1391 552
1668 315 525
3731 1444 558
1555 1702 891
1039 1541 743
1805 3014 491
224 3289 827
4223 9 428
3540 1721 531
377 2201 520
1194 4238 769
3329 1070 36
2253 2894 889
1641 888 702
3543 1131 102
2498 3930 646
2095 3243 476
2679 2445 711
2164 2259 300
1693 3326 619
1126 1121 896
2066 1026 662
1274 3781 711
263 1897 91
3980 265 692
3413 1674 795
3280 2129 34
2828 3018 819
1076 1054 787
981 625 239
1636 1185 949
2760 435 481
337 1919 630
2154 3405 207
91 1030 229
124 2819 979
3143 3677 872
534 2961 733
4254 570 497
4165 3306 838
353 3860 831
17 676 554
2227 4184 948
2023 2498 779
1666 3695 275
1526 1262 431
289 4251 28
3672 1989 821
2507 456 374
795 328 242
596 2790 438
1807 126 493
1761 510 600
1832 1154 126
2637 2085 547
455 2834 167
117 3647 484
1741 3010 546
111 234 964
4032 845 614
3928 2529 219
85 2071 851
2559 2709 141
2577 82 243
3536 1440 308
3503 2068 774
4270 4145 873
2514 2856 756
273 2586 477
3312 2021 173
4217 3172 18
2322 2142 119
2549 4259 666
2549 4192 954
1889 4278 723
2129 1098 430
3509 2357 136
3764 4176 961
4168 1064 261
51 2998 940
248 2764 22
625 1959 560
2748 3611 762
1568 740 783
3594 4263 448
1461 2265 393
1040 2001 961
2759 581 759
2282 3761 904
4226 3645 703
3126 2207 887
531 3641 771
2832 1796 451
1559 3224 791
996 1517 38
3426 1009 227
639 1905 324
3564 1746 797
3071 487 421
1677 2206 488
1935 1177 192
491 1593 127
741 692 363
3097 4234 529
2370 1420 255
2034 25 479
2887 2618 857
3891 1949 399
3149 1355 963
4077 1851 225
1047 2873 764
1447 2203 121
1111 2701 951
4263 1989 284
785 1714 132
4088 2129 306
1371 1927 213
389 2070 580
1685 760 749
1896 1629 94
1475 3313 877
4239 2279 206
1531 1501 863
572 2746 709
3236 3001 439
3274 2223 149
2804 766 947
1169 1906 175
3960 1626 269
1244 308 705
2021 3478 293
1849 2980 261
2179 642 295
407 2691 727
1423 4017 184
2807 382 961
1254 3925 250
3854 871 946
82 3181 27
4257 3652 588
3799 3646 775
285 1565 129
347 3550 814
1198 2626 14
1122 912 541
3875 2379 418
1369 1311 329
1735 1464 164
1141 1491 36
1291 1275 156
95 4066 58
882 1320 306
2132 2442 838
2932 3072 274
1392 1892 464
2714 593 48
203 724 275
3959 2489 418
3687 214 921
93 1607 585
4205 3194 112
2675 161 533
1834 1547 821
2842 39 575
261 1035 556
3555 3482 169
2099 4067 589
779 146 10
2444 905 568
3391 2817 594
2227 3635 219
1383 3842 177
2227 293 825
2762 1052 318
3199 2076 575
101 2820 560
2867 3917 477
3189 2109 983
212 205 635
1937 1001 680
95 1518 647
561 596 251
3599 2079 405
604 592 277
1026 655 240
181 207 71
587 3020 783
2607 4142 800
610 3854 787
1078 2048 915
3380 224 612
1836 493 558
2213 2575 835
2766 383 878
1744 2649 369
888 3838 336
598 2267 932
1512 3327 753
2719 979 405
4214 218 746
3552 2951 517
1828 2216 49
2164 4135 951
938 1880 416
4268 2820 638
3970 3759 277
2248 3249 947
3247 545 747
509 4261 802
1875 918 471
248 1177 40
1174 1317 810
2170 2708 139
3189 3935 503
95 1676 505
2578 2358 812
2647 1602 790
2303 3620 363
2157 2884 879
1146 1319 946
853 1582 562
2467 3537 210
2987 3333 247
2983 1984 305
2100 604 810
2319 4071 799
2288 1903 973
1875 3765 774
2466 3728 755
3175 1356 299
2726 3880 829
2687 837 219
930 261 987
558 891 107
3782 2483 26
3536 313 119
1479 2785 968
1910 826 992
369 1787 45
813 2989 427
3232 1634 937
519 1479 749
2208 939 155
1898 2563 39
3910 3975 996
828 2669 650
1287 3084 987
3977 3822 338
2989 94 604
2097 2873 831
1390 1049 563
3654 2027 793
3451 3949 742
2702 2425 469
3540 3851 567
1973 2800 344
3658 3329 696
2329 568 813
558 2056 438
347 333 797
1657 34 405
1445 4182 947
841 1398 744
3431 2165 914
883 2366 872
875 3232 485
873 4213 408
2538 997 905
792 1097 268
2362 1573 613
2614 2194 898
1838 2092 11
612 2934 405
313 648 30
3495 4143 736
3441 2727 753
550 2768 78
3385 2191 610
1381 2655 271
3281 2780 45
2951 2883 911
3128 4068 633
910 3267 737
653 2755 833
1985 3819 754
1658 127 254
4060 784 880
3430 3117 541
4219 1838 785
2841 2407 244
3758 2641 950
1929 3617 511
4150 2914 190
4201 2230 573
1018 1701 243
153 3992 939
1473 2810 432
2882 3280 426
2481 3594 693
3460 4253 387
2410 515 422
3558 1493 790
384 1328 645
1980 302 296
846 495 115
15 1460 989
2123 3724 939
3075 506 391
3663 3130 405
2114 1244 10
2612 2890 921
1729 3356 271
489 3372 850
3390 3093 725
3037 3606 61
4106 1289 975
1559 1435 537
3260 1511 538
1651 1459 77
3539 2931 309
3268 235 522
3868 2984 143
920 1538 99
275 762 602
2818 1600 538
1441 19 53
1345 1042 818
38 2612 506
1702 545 830
2003 3266 583
1438 1869 693
2067 3528 815
4058 1793 930
257 1268 945
2774 1639 379
2587 4071 926
3201 1511 645
4071 456 655
2162 52 993
428 1104 2
4177 3810 301
2501 4028 493
2573 3811 812
4082 3874 317
303 3795 418
93 146 718
1711 4182 177
3393 1996 678
4108 2049 528
3076 1921 126
1480 2877 67
1112 1930 596
1099 3348 990
647 1882 90
992 2151 816
898 1651 457
3992 1819 973
3574 389 495
2040 2076 993
673 3923 802
2005 1318 734
2739 2412 48
3259 748 28
2209 2934 723
3364 1707 308
1045 3784 864
1696 4290 248
760 2351 745
2028 1224 794
3932 980 687
1830 1133 196
1669 3479 480
2935 1095 281
1515 1403 897
3646 744 533
3211 2218 635
2306 1627 82
193 469 457
3287 3754 922
1669 4145 58
881 1206 188
3401 2481 445
1291 2393 925
940 2001 318
1854 3541 577
2438 3346 210
4218 2159 665
2154 1884 264
4086 2440 586
3840 1420 560
2342 319 331
1023 1042 561
278 3415 85
1617 1651 768
4234 1333 311
1799 2708 267
2499 3262 104
2352 1880 1
3039 1110 607
1382 4021 268
3213 3008 179
3114 4283 890
2841 3051 746
2948 1722 964
2011 3539 471
2928 357 137
4111 2141 543
1889 568 493
732 304 430
3888 3034 233
3899 3239 325
3796 1459 895
1157 3338 63
3481 316 234
1137 843 353
4180 3678 646
2848 3766 144
1743 700 899
2894 3259 707
4079 2542 100
2362 4266 239
1563 637 746
3612 1396 701
1028 1618 905
2429 3951 462
3781 118 3
1393 4061 96
2994 686 561
572 297 257
3206 2672 270
1983 629 29
2830 1823 565
863 2865 406
1790 2590 595
2440 3916 294
2902 3970 610
838 1086 778
1859 262 616
958 2248 215
1979 3487 430
735 2190 971
2516 1238 19
3473 773 869
3765 843 722
3561 3108 326
3422 3600 363
701 3119 17
3799 3551 33
3853 1951 886
4068 1011 344
2227 3331 112
1162 1409 632
756 2041 830
1143 3226 826
1384 2933 930
2671 3417 598
98 638 733
3583 1546 166
2546 1180 893
1744 3850 835
2186 2681 837
685 432 605
298 3941 654
308 411 142
1690 169 823
1867 1565 855
1547 4118 52
2971 1817 726
406 1233 581
3994 155 52
2758 1295 985
766 1677 963
22 937 948
2664 3341 875
335 3732 918
2880 1556 350
3733 2625 733
3857 883 834
303 1734 625
2390 1162 851
1786 3840 240
3872 3900 533
2707 3671 358
285 499 928
2853 939 21
1331 1561 892
746 1368 647
2964 4048 630
3310 2056 951
556 3879 221
1055 373 713
671 2595 868
694 2273 934
2191 3192 545
342 2558 453
3263 3574 892
103 2070 57
1665 4295 633
730 514 560
672 3667 733
2735 1515 69
1115 63 112
3544 3718 440
3689 4124 768
2621 3397 846
224 2207 891
2707 3571 460
4193 3862 183
2117 2556 648
1326 4240 333
1464 3431 702
3280 2437 600
1813 657 425
3783 1647 928
4236 274 407
3745 626 768
4169 3273 134
732 2425 605
1833 1125 160
3084 1950 195
3335 737 880
2551 3004 483
1389 3042 496
2193 4014 81
1792 1946 658
2825 241 933
1639 930 895
2523 181 858
2808 2506 336
4264 4033 862
1101 3020 239
787 1450 194
2181 1501 622
1923 2486 528
2830 375 761
2109 2498 129
3736 990 740
1317 1703 554
2786 319 179
1508 3198 26
1700 1650 955
3380 1183 551
71 86 500
2430 881 252
200 1794 254
2362 3095 802
2771 3126 825
2835 990 821
1427 1694 678
2106 2458 239
881 550 352
903 4097 498
1607 2909 658
4140 1251 909
1709 3461 375
1740 2157 780
3756 3388 747
3675 501 711
4176 815 56
1410 3114 894
3199 2256 345
1657 2991 554
2487 464 307
609 413 98
3795 3519 421
3714 2692 24
432 940 800
3581 405 625
643 1656 266
4266 962 634
2848 232 735
2405 751 914
3315 1922 273
2496 120 348
3085 2411 799
2631 2574 994
4218 4007 58
3700 3201 257
3573 1729 639
65 530 210
2597 3647 713
1092 1816 343
2 3513 844
3852 4236 879
4173 3000 915
2040 1641 374
1461 1015 104
4214 1303 707
1553 1130 46
2985 1502 162
1353 4212 187
3341 10 842
135 3515 399
1819 1192 775
2270 374 82
3363 3669 191
2518 2220 876
3031 2409 604
2973 416 568
2174 1546 902
2223 3515 973
171 208 263
4085 3754 669
3524 3942 555
3749 2493 120
4106 2619 511
2673 2491 898
2772 2268 167
3106 1033 825
1497 432 9
224 712 782
745 4226 411
3424 2935 411
3068 367 714
1730 1709 592
276 539 350
2205 2714 663
318 2577 35
1190 4100 393
3545 1957 274
1100 873 487
2406 3427 442
1263 542 493
4194 833 723
2572 821 215
1446 105 572
905 9 46
2307 4056 399
3218 729 695
3896 1217 823
3545 3619 902
1415 669 394
923 675 936
4065 3836 318
2653 2745 512
4289 1206 681
911 3430 667
3946 3953 534
3091 1717 442
3321 3295 767
198 2770 792
2253 3706 85
3897 1714 464
3945 167 429
27 2416 760
3652 2123 290
114 1495 271
2754 993 642
2307 2492 417
1186 3221 495
2483 691 693
1027 2914 915
3968 1764 226
3368 1016 138
3101 791 898
1353 4187 333
2082 4209 867
1691 546 803
1295 3826 597
4183 1258 238
2454 3497 940
1355 2577 255
3105 1802 998
2069 674 66
110 1293 576
730 2955 851
2644 4156 635
2100 2255 713
3469 718 853
3216 2877 44
4104 1877 250
1517 2323 510
390 2883 794
3993 1173 10
2240 2897 354
2334 1072 3
4080 2666 108
837 1277 245
1340 4270 750
19 3739 481
2472 3020 789
3548 1605 183
986 3949 240
3910 443 972
1346 3015 459
1245 3389 536
1100 813 317
3129 3675 139
2613 2627 954
2177 3274 449
2766 541 858
3497 2005 70
1559 2276 430
3948 2867 751
2428 2936 772
516 3193 993
2074 419 104
3581 1704 537
3614 1032 253
3574 2866 94
2067 2509 579
559 258 13
2788 2416 575
2824 3320 631
2024 2377 707
272 165 540
1164 1483 465
3833 485 505
3764 3902 443
947 3976 453
3975 3922 937
3194 3810 661
3190 3267 432
1697 3403 110
970 2582 558
4277 1795 200
3882 1168 870
1574 1659 671
2087 1083 147
4171 3299 59
1794 1039 574
1020 334 793
888 337 634
3131 2720 717
3021 4152 961
3913 1921 491
1482 2985 331
1815 1222 253
4190 3802 509
691 3160 301
3290 2653 743
3537 3054 772
2540 354 474
2061 2562 45
3473 317 901
1323 3221 655
3474 4018 1000
3486 4163 589
559 173 712
1001 2995 51
3858 3179 976
3645 2536 176
2612 499 67
4036 1464 2
1251 3453 749
3080 1913 265
4186 3446 859
1859 2323 699
4232 2156 462
3034 488 907
1766 2950 736
1682 650 527
187 296 459
2456 2753 999
894 1696 263
2904 4224 198
1999 3642 224
1833 2490 423
2788 2237 31
1186 1208 360
2147 350 2
181 3807 418
678 4255 486
2386 1380 167
953 421 36
2908 2984 368
482 3096 335
2322 1696 378
2042 755 741
488 1531 308
3044 1055 371
2733 3522 766
3843 2226 57
3169 4257 992
1082 922 721
1736 4274 166
558 2718 665
3137 2307 556
2108 3041 907
1918 129 770
399 906 897
4219 78 320
1238 173 71
2579 683 580
1726 4256 517
2038 453 329
1692 3640 431
99 2739 773
3294 357 185
1383 1226 360
1665 1325 589
1755 3221 71
3891 2868 595
3972 1749 36
3956 437 839
3285 3939 172
877 1903 782
904 1965 794
796 525 843
1780 1475 932
4198 2929 52
4089 3889 747
1394 2612 614
3347 3597 205
2699 1139 32
449 4075 651
949 4038 575
1115 704 987
2267 959 327
669 703 442
1834 3862 187
3825 3576 1000
1635 2295 281
1267 2544 882
2034 2972 565
3470 3255 397
2502 4062 225
1749 3215 760
282 2654 820
1806 209 935
829 3634 102
2544 3770 240
2742 116 833
627 2943 677
1712 3866 660
2672 1481 753
2714 3461 148
3834 2627 398
3445 2792 452
3031 1743 623
2369 173 362
2762 1832 825
545 2762 916
1581 28 678
3191 3990 589
3585 2552 988
1057 3521 146
510 2406 355
2946 303 992
1004 3134 863
3306 3918 643
3898 1483 431
342 1798 718
780 4069 817
2358 242 820
4055 1378 397
1071 535 590
309 1479 968
795 2574 83
2769 1862 722
364 1550 556
207 3765 119
1414 228 308
3723 3032 572
998 3027 103
84 1568 312
2180 3097 507
1147 2264 970
4282 325 211
278 1601 50
945 999 642
1987 1712 739
320 1147 179
1719 4161 780
315 1668 950
4296 681 898
3341 1075 877
981 751 776
1618 592 740
67 1147 374
2589 3105 297
3064 3804 875
4271 3200 402
1335 3203 64
2702 369 992
1142 1018 626
1298 3304 844
2074 456 421
1804 1631 221
3539 2033 935
3289 3996 677
1507 140 451
1754 1219 178
3504 595 1
4198 1909 560
3162 454 872
2942 2216 50
2638 518 746
2301 18 289
1583 253 134
3453 2522 175
783 2704 746
1604 1304 555
1725 3063 130
3774 4031 8
1339 367 778
1393 2373 416
2863 1387 843
1457 3752 305
1026 3571 916
1846 2966 480
3442 1944 439
3968 845 366
1459 1214 214
1731 3430 855
4213 3845 833
4179 1163 445
2521 3347 813
1612 3764 718
2130 2415 750
3882 819 383
2046 1210 735
1697 3084 702
1006 1218 174
35 38 827
576 3728 641
2916 3541 860
4015 2542 40
2709 753 31
208 702 608
2914 367 884
951 2709 390
4291 943 588
514 3841 28
435 1340 941
2581 2956 656
3190 2026 854
1096 1710 247
833 3703 29
3625 1043 932
3252 1001 156
372 2052 492
2940 1372 83
1129 2383 113
2777 1058 178
552 2971 979
980 234 607
1206 443 181
721 3876 809
2040 2243 232
2919 1012 295
2825 733 188
3847 2891 87
4046 3562 916
4105 726 631
4242 435 984
569 2848 553
3667 2675 212
3974 473 213
3343 3594 440
931 1653 842
3843 2864 38
4288 4069 559
3491 3352 73
3640 602 782
3664 2723 291
2646 3159 275
2739 1551 185
1717 3207 528
3931 1490 991
2941 1396 50
1750 413 169
2284 2253 132
1998 1716 876
4193 2684 345
4229 2147 954
3776 1180 634
1455 1089 277
388 3634 317
249 321 16
1256 2343 1000
3215 3022 311
20 3624 593
3872 1388 883
994 535 595
1804 1473 690
1483 1902 950
403 2269 941
3143 3182 418
4124 1300 389
2869 768 366
3682 3045 565
2665 2449 862
4026 3904 56
2129 3721 143
2092 2570 129
3564 1761 810
2935 3298 628
48 3024 704
2294 3672 145
3002 1214 179
2435 2211 677
744 2778 2
2846 2977 288
4226 4245 772
666 2226 441
2465 4298 86
1982 1944 933
4084 608 810
3777 274 417
2154 1136 173
1538 865 135
436 3117 719
2258 3357 636
3803 641 921
383 58 943
3068 3292 797
368 3339 780
874 2088 855
3522 4001 456
2724 843 544
2713 3628 513
1364 3783 21
3288 3852 233
402 2931 672
778 3750 833
3555 3989 751
1328 1674 442
939 4169 66
3433 3419 338
3442 2448 778
448 4007 628
229 343 3
1797 2421 7
1394 1948 34
3618 82 978
2229 3093 393
375 1059 126
2843 4257 109
1731 1295 710
693 1421 645
198 580 979
2406 558 124
893 1616 566
2108 3850 104
3685 3927 357
719 935 330
826 2657 565
1879 4277 985
3693 279 983
1538 865 740
2470 2758 21
3857 1353 17
1173 1646 114
1933 194 325
1296 3353 601
642 2969 356
366 450 103
1288 1787 660
3322 672 625
4232 1554 708
3068 1538 937
1344 3454 523
447 3205 614
4247 1927 91
2384 2475 143
1843 545 485
3789 581 837
4263 1637 429
325 2309 463
876 1342 244
4166 154 521
640 3023 72
3525 3025 798
2600 3138 821
2543 337 8
1654 2009 753
2452 2392 333
3333 2273 50
3232 1453 495
2059 4203 604
1136 1295 135
3423 3035 708
1075 3682 457
1263 2566 384
3892 1351 622
2557 432 946
1312 1310 706
1190 3195 645
1043 3564 156
2338 2729 977
119 3718 233
865 3439 219
1146 1881 597
1421 1031 888
3319 3124 692
591 3009 224
2898 1703 290
2359 1979 335
2056 2581 285
2099 2581 646
956 420 401
3532 3392 229
3301 2079 802
3836 2646 166
1187 2154 664
1921 3930 733
1183 2482 474
2621 2064 677
507 1737 825
3333 2631 476
1966 476 66
3415 1520 754
820 870 848
2393 3991 832
1485 2394 447
732 192 353
2206 2754 24
3119 1941 79
1514 3789 534
814 2579 216
1253 3079 996
220 153 218
133 1298 623
3236 857 955
2977 1662 731
2454 1998 901
3394 3738 360
2434 2717 502
1739 1711 899
418 1409 861
2657 2867 493
2573 2092 862
4168 2582 102
1042 3204 334
4293 3985 244
1542 3563 93
3215 755 979
679 4141 319
2785 2592 95
4272 3181 736
254 2825 692
2634 1402 211
2720 2571 154
2895 2946 255
537 3903 893
549 3845 822
2809 397 60
3713 1899 744
1587 1624 301
1065 1150 218
435 3904 618
2588 1519 344
351 3969 789
2470 762 740
1023 629 767
2415 716 952
3591 4229 62
891 3988 710
110 4174 775
4031 2880 920
908 1017 896
125 674 931
1638 4295 106
1388 3599 731
2709 3730 676
3315 510 337
4049 2863 773
2465 765 774
1437 2100 252
212 2638 912
3406 4051 188
272 3409 959
2333 2689 594
2117 2446 429
2 1023 652
4296 1772 166
3781 1143 412
2530 1506 258
1418 3484 556
2862 177 282
1359 2912 743
1180 3611 373
3818 3062 747
3238 62 618
1109 4180 89
3489 703 610
1705 906 356
1344 3052 63
247 577 378
3663 3477 47
2129 3625 317
806 3517 27
3024 967 939
1967 3564 283
1007 1468 559
1102 1094 32
2483 1925 287
2283 1912 668
2651 3860 64
2253 152 360
583 3621 975
3431 1075 714
777 450 356
654 2384 332
3436 2016 535
3834 182 444
1592 731 978
321 2399 940
77 2719 303
1923 2064 567
1497 1371 658
1523 3696 49
914 866 764
35 2387 357
1632 467 27
3624 3389 754
1324 2166 333
3259 1462 689
2144 3006 626
1268 2313 186
352 3418 771
4163 924 108
3917 3029 63
276 1868 227
3068 3106 481
2095 1666 379
758 3211 81
2641 645 129
1290 1565 897
2225 2289 129
2477 2181 281
3859 3181 357
1846 1694 607
716 2003 324
1706 438 516
2204 3437 189
2008 2835 464
1840 143 334
925 2711 49
154 2309 604
3240 789 666
958 1532 713
2224 21 987
363 4121 83
604 1703 352
1739 127 54
3730 2528 888
2669 3490 596
108 3785 925
1342 1978 907
118 229 767
2324 2110 703
3140 565 134
1435 3081 505
190 2283 319
748 3617 275
1632 3030 325
2896 4128 415
2533 2288 812
3118 2043 947
1338 2822 48
1910 1015 669
1108 1663 356
3686 843 562
2553 1307 434
315 4181 903
2102 1350 887
1935 2106 4
451 792 863
3740 1956 989
4114 91 342
2812 2176 171
3247 4010 963
1394 2091 604
3805 1695 602
964 4052 515
2521 222 125
2324 3682 620
102 2175 780
2945 759 923
100 2766 341
3352 3931 703
3242 2518 44
1198 3949 945
3354 1353 862
658 1841 505
338 3376 179
3783 697 848
2627 4199 333
379 1250 258
627 4231 546
1617 530 288
1471 2991 912
4185 3878 628
3816 3763 781
1879 2026 770
1542 4099 226
1937 1263 65
611 2799 146
2743 2433 495
4066 1222 163
409 522 750
4083 1891 299
511 2736 21
3549 1930 460
1156 1235 342
2179 3245 891
697 3617 373
761 3123 169
1209 509 451
1324 526 765
629 3559 444
1240 173 17
2675 920 295
3629 510 167
2147 3536 700
4069 639 871
3465 108 122
2483 447 21
1324 2503 934
582 697 275
961 2164 200
4272 3535 434
1822 252 382
4225 3840 379
3267 2255 658
3136 1315 649
3381 1514 523
1745 1408 131
2800 60 38
2087 3485 841
1176 3367 185
2781 3067 669
2537 1912 181
2444 2095 950
833 3911 973
2908 2129 627
1754 1985 832
1767 2374 36
2853 87 525
784 343 687
131 2215 599
1774 115 390
1676 1463 946
1617 4286 308
3830 4095 767
2181 1797 364
2646 3219 628
4147 2245 342
2792 2121 246
3598 764 683
971 1847 128
3260 3112 76
463 3670 741
3581 1644 278
229 3138 992
2520 762 727
2888 3322 843
3874 3005 962
3584 2044 222
3035 568 723
1078 772 425
2214 156 727
3498 2567 455
1985 1483 379
434 871 126
4248 644 809
4152 203 464
844 699 586
766 3890 360
508 4055 758
4274 2856 224
4203 250 916
1642 3685 900
4206 1776 970
2535 3282 634
1843 2393 291
1398 3523 107
2413 1786 694
189 84 709
1671 430 550
2854 988 395
2803 3335 335
2601 3853 995
2493 4196 964
3603 3060 135
1077 3336 514
1298 1715 826
1949 2020 127
2688 494 602
3096 4064 973
2557 2811 810
1671 3001 917
2586 2963 86
4106 4111 312
1428 1339 467
88 450 16
76 3910 205
2064 4036 346
1632 3271 634
3442 3115 741
3778 3040 817
3238 3064 712
4226 2046 552
352 851 914
3753 710 438
617 4121 703
4133 652 568
237 1590 874
2261 2116 288
2257 1870 546
3815 1405 732
497 2824 187
620 322 571
2945 1540 791
3713 746 202
987 1356 711
3167 3270 735
2348 733 203
1881 3245 920
3714 3150 919
2526 988 853
2663 581 310
3859 659 49
2374 909 52
688 1812 186
2325 2331 265
3804 1985 394
3143 977 944
3956 3702 237
876 3053 379
2316 3140 703
3745 4251 242
3260 349 776
1397 300 739
318 2502 11
4100 2470 671
2673 2343 944
1567 2244 120
3102 753 48
1844 3645 156
813 754 546
3605 2593 731
1395 1203 331
2609 1823 417
3561 2943 371
3546 1084 181
2576 941 667
2015 226 728
4002 848 859
3526 955 157
1697 194 22
2480 869 28
67 2207 135
1735 2530 73
3279 2464 608
120 1457 85
1720 2369 248
3970 2311 142
1180 3734 593
4243 1992 848
1106 3406 812
2980 2374 42
1776 3896 666
2114 1537 75
955 3459 800
2534 2896 478
1282 3543 468
1459 1139 735
3734 3708 256
2879 1206 600
943 1662 989
1907 1609 47
112 3509 684
918 274 102
3903 3870 480
175 1207 477
2939 3586 743
4148 1725 47
1701 4111 303
2568 2812 196
1496 3246 870
3240 2860 915
1180 3019 600
2595 20 713
198 1967 403
2015 76 74
3412 2087 570
2836 1613 812
2858 2617 324
3478 1688 626
3598 3986 187
1714 2625 394
754 4223 133
2792 1475 730
453 1501 575
3725 2603 709
2472 1588 373
2935 3912 595
1030 2883 599
50 1187 156
2603 20 688
3323 3704 597
4096 4262 707
2123 1568 477
3168 4209 538
1327 822 543
1617 254 486
4119 4225 658
563 2956 523
2404 2933 744
516 2074 13
167 2568 455
1441 4060 13
3685 2686 562
2973 304 203
3588 4132 130
1337 3186 310
3240 1776 638
70 1055 36
2322 2437 92
1835 1360 339
504 3882 330
944 3240 716
1857 4166 781
387 1745 307
1039 3369 854
510 4207 436
2685 3223 492
2013 2799 68
567 947 142
534 1356 824
1891 3270 500
3045 2243 541
149 469 842
3291 297 232
2163 2564 579
276 3366 337
1373 3372 888
3282 2947 537
1928 3485 372
508 4160 203
2606 1671 387
3014 548 567
3099 956 77
2974 2970 51
2541 2141 149
1651 1000 682
3997 3272 211
3177 1693 757
1138 981 951
618 3469 450
755 1701 994
3801 1654 25
1608 1408 161
2483 826 728
3685 2367 330
46 1351 859
2174 2082 348
3420 3724 147
3534 2786 228
1168 2099 257
1067 266 12
430 2487 307
239 1375 330
2408 326 580
2106 1184 507
4054 1283 134
1664 4262 405
1365 1332 572
3954 2010 224
2699 1332 533
1836 1109 768
136 2135 715
3493 2991 46
3358 3112 154
1902 3433 258
2293 1760 541
741 3286 200
383 620 937
1211 4009 185
3221 2799 562
2325 475 978
303 2915 311
3467 2629 107
3250 315 144
2270 911 307
768 3678 380
2680 4287 791
4286 2813 794
1841 620 207
4074 1906 248
1858 2932 288
719 778 78
1261 2273 672
230 2683 693
1139 4194 410
719 241 103
434 2659 588
2813 1413 834
1501 2807 958
2413 2023 951
3032 393 753
1610 2450 463
150 4132 72
1980 2832 631
731 2113 60
2005 3867 218
128 863 777
4164 3782 149
2824 4069 177
273 3729 60
1039 3405 359
2775 1297 410
1149 1454 220
50 3807 24
2729 968 64
1821 3927 311
4226 1299 734
3477 973 850
4028 202 743
2465 616 826
1576 2510 546
1120 140 177
1346 4153 605
4164 3859 121
3496 3451 967
2497 1986 793
2653 195 33
4203 3 179
2076 1854 56
2271 3670 15
3603 3297 827
2921 2283 87
4202 3904 807
1284 2817 825
4127 3619 731
883 1768 602
2286 4137 440
4082 3480 322
1218 4258 983
850 1429 74
2074 3946 73
1149 1296 999
3407 1595 417
4288 3982 41
3649 1654 735
2002 2964 185
1846 3720 248
1978 867 975
2913 700 235
799 2679 896
2408 2277 238
2084 664 872
3138 2840 291
2083 2271 856
2916 1105 903
3622 3445 654
3312 2861 533
629 1958 178
2423 2071 594
3400 1728 932
1202 359 773
4116 627 34
3926 4117 16
3902 3092 335
3649 1569 207
573 3100 489
2821 2992 970
3147 122 458
2539 4208 624
2646 2119 367
479 3010 752
979 4123 206
1363 4108 871
23 2656 382
2221 1425 700
3595 1808 531
4014 1676 609
2595 1279 133
189 1207 934
509 1933 534
3334 1185 417
3413 3395 328
507 3007 256
2538 2888 648
868 1034 781
934 4169 857
2812 3304 866
2481 2942 272
114 2747 461
2388 3604 670
667 3894 465
673 437 117
2474 3839 630
1436 3766 975
2909 1287 137
167 1182 188
336 2949 389
2136 1013 58
2121 3543 515
1993 1659 481
1949 2673 599
2732 3608 236
1948 1435 768
935 2721 173
2388 4004 173
143 1748 750
3411 2831 331
3517 3463 875
2068 1590 436
498 1427 169
2075 3503 669
855 2558 88
1658 1910 985
2185 1554 688
1851 3797 210
3937 2841 822
122 1960 900
226 2024 10
1341 2162 730
1494 3957 339
2669 3396 171
3540 2692 24
1375 1379 115
2099 3742 332
1616 3471 47
3561 3473 993
1388 2515 746
1252 4201 929
975 2740 604
2835 2110 208
903 1134 433
3984 1642 813
1842 3899 161
1888 2632 150
841 2905 18
2731 152 707
1324 1146 807
2181 3887 354
2991 633 50
18 2288 495
4247 1446 902
1959 2152 273
3011 1838 866
1202 3438 423
467 409 746
1906 740 619
3603 382 335
1894 2958 445
3592 3526 236
1374 1111 53
72 1175 274
2619 574 604
941 2417 460
4211 2262 573
2973 3882 706
2762 2482 748
2274 1346 644
1256 3267 421
2792 2856 742
3677 4014 858
4078 1305 761
925 1140 295
2079 2132 720
4042 3060 864
2560 3640 178
307 281 689
1149 3411 19
165 934 421
2851 1733 98
3457 582 717
2203 2816 949
989 1186 450
1999 575 673
4104 3506 24
4086 3781 209
520 733 713
87 2864 374
3399 1749 662
2426 3094 596
3600 2524 771
1394 2669 409
70 2799 798
128 278 239
1390 3325 662
1430 273 124
182 3717 655
1791 2935 469
1821 2426 664
3023 2420 729
1231 2837 455
3349 3544 322
1334 1863 60
2586 1933 927
1945 974 875
2657 3206 76
1936 669 967
876 3091 574
132 1762 816
1464 4155 71
311 616 263
2710 3654 857
4247 1581 653
1621 671 785
3727 3506 391
4135 3473 35
4007 914 307
3727 2892 221
1896 1264 210
1130 2135 593
1222 2689 43
1214 182 587
3204 4042 459
1287 768 671
3883 4043 155
1886 2833 677
1201 1770 614
569 2570 870
4045 2122 412
1347 3912 317
4133 3349 518
1814 3937 850
2857 3718 546
626 2726 66
436 2829 386
3385 371 10
1901 3874 497
2306 4046 10
881 984 742
1926 1197 97
819 2152 392
3859 2611 554
2980 2079 139
3188 2388 49
4074 1015 854
3943 683 561
1624 8 596
240 2944 542
3752 574 638
363 1495 708
1970 3825 173
2910 2616 24
265 2639 72
2098 3310 434
3474 133 352
680 3358 82
3424 995 78
4026 58 136
710 3225 367
897 2753 623
4292 485 310
3443 2950 823
3449 560 888
3148 3077 572
2859 3242 435
2211 2801 858
3017 284 761
3506 3540 88
1867 1634 163
3868 412 189
2934 4129 937
2813 1480 383
2617 617 333
3934 1733 592
2616 841 55
3265 3569 174
3384 3454 122
1747 2271 153
2936 2647 899
2006 3324 824
50 3817 92
3405 626 648
3474 229 798
1973 2529 247
4026 3008 695
1301 2564 500
2721 1744 520
3957 3777 718
1038 803 259
1426 1342 539
2264 3202 797
1478 1121 538
3359 2566 443
3414 2187 328
2026 6 555
608 2893 961
1532 2653 590
1818 3342 534
1859 1889 572
438 80 978
2368 1675 663
3136 3966 178
3707 3502 692
3762 3326 508
1757 3604 443
472 1115 940
4031 2272 823
1853 2662 323
3715 1288 998
668 1132 670
2990 2239 825
1953 2958 235
3289 3416 746
2762 3505 134
964 2013 266
1006 670 961
1167 1412 254
337 198 222
3106 2996 749
1426 2437 583
2428 2152 279
3029 1478 492
1188 153 909
145 792 228
414 2200 502
2395 266 284
4144 3376 132
1760 1175 894
2569 855 470
2944 346 249
4121 802 32
2055 2263 63
13 3901 752
1526 2947 11
991 2336 571
1162 2514 260
664 1481 301
830 1918 243
1257 1914 694
601 482 900
2996 3310 207
2466 3829 627
3762 3854 450
2328 3853 829
4254 2981 716
3386 1680 537
857 1519 604
2450 1037 698
3785 1143 752
1801 2028 331
1401 2876 548
1219 500 665
3050 1313 494
2129 1636 517
3036 2166 426
1704 1327 48
3205 3601 764
1364 3100 21
3847 1589 165
1554 3453 831
1472 1397 368
3963 315 392
1975 3933 920
2788 1040 328
3448 2264 890
1967 1204 102
1083 3389 425
3043 1112 715
1313 1141 935
2159 4138 569
343 3641 864
3564 1311 774
1427 991 256
440 34 620
726 3281 810
2608 3752 361
2892 1043 285
216 2239 71
2607 880 505
487 4044 55
2188 3789 26
945 3309 791
202 3081 473
539 1688 104
3689 446 612
2742 3297 130
1830 2269 105
250 1118 371
1931 2147 383
2000 3988 417
750 226 523
855 14 408
1168 3503 16
3991 2750 399
3677 2032 888
1509 1867 844
4238 1639 554
3633 643 94
1167 1809 620
613 944 237
629 2910 87
980 3879 498
2708 1855 490
1678 3898 37
3252 3925 565
852 2732 277
4044 22 45
1357 825 723
1143 2514 594
3636 657 450
3000 2105 716
1463 2491 68
1476 3689 262
1361 1033 958
2612 1694 144
411 1459 632
1000 75 668
1813 2653 961
1792 734 941
936 828 608
2198 2971 956
363 1878 851
2402 1787 178
87 1458 502
2446 255 65
2995 995 578
3968 197 965
3727 1210 293
2350 3507 746
2330 1832 344
1975 1747 846
1858 2886 670
2619 2443 959
3576 1841 121
3115 4038 575
628 3382 196
4215 958 634
4281 2298 427
1320 1125 847
2203 4012 414
984 1667 287
2731 800 727
3727 1252 442
4101 2047 444
2261 716 345
4089 2484 677
2307 1632 941
99 3111 701
3792 4237 155
958 923 588
1772 3737 450
1180 2749 996
1976 32 376
1184 3751 175
474 11 525
70 1201 643
3477 2939 336
1924 3090 188
3714 1370 858
169 2563 455
2914 3456 16
3308 1390 351
926 3588 541
3908 1746 714
3339 477 860
200 3248 612
3334 1884 484
857 2436 271
744 4243 443
3539 3109 825
1996 565 588
1558 3415 272
3607 1196 831
3961 270 42
3416 631 853
1254 1612 603
3718 3854 976
229 2532 839
73 403 852
4154 4171 715
1920 231 420
3952 2289 673
2561 3586 493
3657 1755 371
2703 2440 894
997 3199 642
603 1614 34
2195 1820 20
842 1174 936
1450 399 658
1541 3073 755
107 663 455
3085 3126 390
2045 3173 167
2604 1975 243
3428 3441 846
2010 3262 89
2855 4043 165
3416 2623 676
249 3320 844
1087 76 596
4238 3232 875
3457 1083 343
1873 4079 164
2578 1840 167
1633 2348 783
2323 3540 372
4169 3474 799
717 1382 782
3141 218 584
3748 2338 425
538 2771 302
2217 982 533
24 190 321
2655 1629 705
3363 480 984
2193 3249 18
1169 3208 711
2817 777 188
216 2625 237
535 848 614
3327 174 928
1192 1168 389
2489 3469 488
2595 3877 338
619 2138 292
3671 1717 261
1710 3273 604
3863 1601 955
1414 2076 920
2622 3654 843
592 1322 372
4020 2444 402
46 827 78
3590 2878 414
4125 865 774
1304 3164 250
591 2690 17
153 305 1000
1474 3140 225
2465 2710 503
1597 3848 852
3900 1757 744
2885 971 395
645 136 47
877 2801 987
3163 3238 403
1206 3245 791
3679 620 376
1092 2404 930
2144 4172 366
659 374 899
3827 2957 166
3398 1514 226
1183 81 188
1084 834 671
2747 2808 831
4060 2768 770
2857 3313 223
2997 1928 833
1883 1610 798
2989 553 795
3762 1645 142
2351 1261 694
234 1241 528
3294 343 116
1281 2147 924
34 360 706
526 3350 926
1613 2572 389
1388 2285 839
3477 2799 920
409 1332 55
4201 2269 280
779 1586 804
1172 2300 460
1775 2555 721
2307 1404 898
299 2942 278
3787 737 77
4069 1045 764
1442 3099 471
3375 1074 414
1308 3738 488
2163 2638 76
1925 93 212
2746 762 282
3127 2830 128
1550 3200 545
4218 4059 254
2638 2792 45
2451 4185 457
3621 513 29
3427 384 48
3986 3447 472
1477 1018 491
2231 2957 466
1840 2419 804
287 3778 324
1928 3648 676
4010 4021 229
3804 1318 879
4182 1823 245
3091 315 461
3294 2425 130
3829 2090 319
171 3750 451
2247 1904 910
1980 274 533
3972 2793 481
3381 207 46
3261 2073 70
2587 939 755
3939 2436 147
111 3812 30
829 589 706
274 462 211
3792 4141 961
953 261 422
2918 2368 438
3097 4141 869
2839 124 380
3255 841 619
1618 3708 929
1573 3031 181
2552 1947 357
1028 4294 38
1994 1572 258
1437 3001 460
3119 484 647
1948 845 331
1026 2605 24
268 2137 75
2410 1400 83
322 4233 813
3127 2663 535
2605 1745 677
601 954 477
3752 1447 583
297 2765 238
91 3250 712
2749 245 213
1704 182 280
996 3585 669
4173 3652 951
2235 2099 785
4143 3969 739
1824 1031 875
3693 2162 920
3384 992 374
1921 73 625
3242 3953 29
4174 3642 877
738 2479 54
3052 369 733
3323 2970 379
3276 1711 898
2157 2687 676
1362 1441 179
1454 2932 381
1294 2305 834
1048 1461 403
447 3603 765
1217 2403 426
2946 4059 141
1795 3958 356
1716 278 475
4149 1072 816
4192 803 802
933 1801 727
1932 833 813
1044 422 734
1169 2678 197
2885 44 106
3328 2900 671
2713 2348 38
2819 1934 990
2890 1885 85
340 3305 385
2855 1440 161
4227 3925 718
1469 1084 255
3276 173 745
2929 89 579
3686 2445 879
1226 510 354
657 3948 951
2217 1233 148
701 410 191
2302 4136 609
4259 2636 964
2470 4222 792
568 3744 8
3385 2462 842
3881 1638 62
2673 1642 110
2766 2613 663
4195 3200 720
1368 3917 660
1905 781 12
2420 1629 615
2754 2780 256
2396 3323 282
1706 1511 547
320 1914 737
2437 2790 380
2993 1611 256
623 3151 551
2664 2686 187
2184 1453 836
3550 4286 316
3603 3605 670
3052 3886 267
1574 2386 632
828 1955 938
1378 1691 57
3989 3336 334
3705 2939 147
1697 3985 133
2902 2219 793
1077 1754 569
1746 1778 866
651 2819 107
525 933 632
2900 1251 43
927 112 491
3634 1366 98
4286 3883 272
3836 3881 781
3224 1362 385
3059 3008 155
3732 459 176
2361 1777 951
4098 599 276
1851 3530 848
1412 3960 474
1779 658 144
1624 1611 14
439 2164 462
2830 4118 833
978 3451 154
765 3304 497
3968 3885 96
2531 1240 496
3373 1100 752
1411 558 396
4052 1062 758
2634 4108 789
4003 736 582
1154 2042 453
3341 1948 858
1864 3499 100
2119 721 779
177 4221 273
2103 1362 119
3056 3378 48
634 299 629
610 2423 943
2297 1036 93
4056 3033 108
843 2299 618
3053 155 748
3567 3538 204
461 398 927
1787 1584 814
3994 3968 471
351 297 572
1861 650 397
2611 2926 758
3736 3143 301
1202 1696 245
2351 3117 986
3704 1655 431
3381 1421 664
2479 1245 625
2486 1079 105
1065 1592 268
1642 3704 73
1192 3774 44
3783 2072 43
4076 1981 243
1421 2478 701
3089 3238 788
3072 2205 715
2927 731 963
2016 3325 771
1133 361 137
3309 4273 605
2850 3609 908
2958 81 212
1947 2284 659
1098 3704 990
2779 405 330
2816 728 596
602 3287 196
260 4258 598
3974 473 464
3402 2806 614
45 3537 274
543 3147 578
3011 599 142
3629 2538 757
3275 3005 994
1952 1035 198
1229 1264 663
1361 1320 141
1595 4299 179
199 2693 23
869 1640 537
3640 1756 721
2872 1487 61
180 1190 446
28 982 241
1581 2983 365
1776 587 741
3350 3969 824
1482 562 771
2179 2074 76
1247 3104 335
78 3625 419
4296 1552 83
3039 1424 469
3623 2281 688
4245 4228 258
3465 929 707
3209 1654 79
571 1379 582
4146 2290 121
4013 2910 978
2783 2610 652
1929 901 437
3372 3921 51
1944 1364 565
2340 2820 794
2345 177 337
2831 812 880
3334 3923 564
3051 2522 133
2031 2918 930
943 762 397
3020 3119 524
551 3242 856
961 2289 39
4113 239 291
1806 2573 685
740 558 340
4179 242 194
210 2539 105
2735 3792 655
1001 1923 672
3180 3043 141
606 1579 901
104 3414 214
1197 1832 942
2458 856 440
1781 4217 452
3877 2259 143
1569 2831 239
458 4234 151
586 1414 59
1718 3993 990
2275 2554 781
3154 1954 843
837 2359 654
2105 474 598
588 1980 399
180 3450 956
3432 786 685
1703 1892 308
3036 378 211
520 364 441
1574 1247 670
2490 878 504
2047 1737 268
4161 2499 966
2142 3423 437
1000 888 73
2937 1674 259
2593 2280 663
1391 1407 432
1375 2536 772
3639 1526 714
2476 1218 966
1382 3979 343
3389 3789 106
217 500 732
12 2036 654
3202 703 865
2773 3205 3
487 2228 833
3903 2220 714
2220 1524 680
2636 3603 970
3740 3457 934
3669 2548 895
2958 1109 622
2814 2048 446
3886 2964 986
1412 6 369
4209 3583 320
2773 1902 290
1988 3708 995
74 1853 406
479 3210 736
1748 3039 426
1623 1915 87
906 4191 228
1480 917 625
1540 4136 475
772 972 688
204 2120 41
1690 30 611
133 1686 886
3924 1377 263
1699 4041 94
1188 960 406
285 915 425
293 4128 666
1913 1317 31
1628 3591 939
2015 853 706
3292 1133 785
2866 1040 964
1148 3142 653
1766 2744 673
3280 2552 602
2253 1870 156
794 3511 406
3168 3946 209
450 3398 133
1457 447 892
1160 2943 134
1082 4295 906
3956 277 554
24 1198 243
864 3069 430
793 1828 566
2552 262 463
2463 2812 64
3894 3518 387
3644 585 214
1669 2147 78
1078 3934 874
1127 4007 533
2645 3743 817
929 818 131
2981 2964 330
3238 2967 38
2414 920 457
194 3061 428
2684 3381 272
1382 2731 767
1839 3782 313
3148 3174 34
2908 1512 336
4223 3501 710
93 931 775
2868 4262 77
3472 2372 920
3199 1877 236
3342 384 58
2315 1360 205
4131 3187 848
2372 4264 683
3167 2845 824
1450 141 274
3667 1051 941
1343 714 140
1606 1420 287
161 3048 541
2108 2618 83
1637 4118 661
194 2618 526
2200 2147 177
2955 2688 950
4154 3302 393
680 2374 720
1609 1075 170
4131 751 325
1292 20 650
4146 2666 604
449 666 374
2246 3297 187
665 3357 417
1287 1260 836
2138 2787 674
1111 2311 338
3948 2432 414
3045 4138 688
1297 652 211
3795 507 757
1739 532 371
2404 570 814
4249 1492 917
2859 3153 41
4174 3959 994
