2100 4128
538 1108 140
784 1290 567
1668 1671 5
337 1591 461
1455 1764 845
2037 1103 783
1468 701 93
2096 791 360
422 1555 581
1867 1737 260
1252 1296 571
1097 234 964
624 860 675
1782 1448 941
429 450 585
303 1869 249
1150 345 680
166 1552 661
1253 1107 139
1458 203 533
412 699 690
723 234 591
391 1598 320
135 1545 217
1084 543 479
1449 422 334
1133 579 892
1362 957 198
1491 620 768
1752 504 880
670 1453 691
1401 212 768
1882 844 149
1054 1829 207
2034 1289 723
272 1680 262
1110 59 736
1426 122 227
27 1575 832
1277 908 715
1741 968 929
1126 804 429
1770 2065 394
330 1822 28
1981 194 690
465 1204 195
1860 1622 876
157 143 485
1799 1319 292
131 2050 276
121 1808 658
580 1431 578
341 745 167
514 500 601
106 2015 253
1538 341 408
1874 1673 351
1445 621 920
1794 1667 187
2091 1819 479
1279 514 610
612 1516 813
1438 1941 791
1936 366 613
855 1314 791
845 820 565
86 237 887
530 1103 63
656 120 985
366 534 113
805 1839 796
1257 109 582
1301 706 434
659 429 669
1390 1155 115
1276 732 731
172 493 194
1313 1890 628
1637 60 874
877 500 705
2048 516 160
1502 1020 922
1092 322 502
803 1332 38
688 1359 240
1349 729 876
590 1040 137
901 798 310
499 1954 890
351 1831 878
555 142 561
1394 743 413
576 1589 676
1373 1124 449
1647 1335 115
1018 1736 918
1819 1881 263
667 225 976
548 319 910
1585 332 708
126 93 93
364 286 311
1355 1400 539
1150 1622 813
210 1840 450
2055 1392 257
370 771 234
1828 530 982
198 1092 513
1169 644 563
1600 233 760
633 720 232
1561 413 366
746 491 321
300 1136 956
1247 1744 21
1040 407 298
442 239 956
28 701 384
752 897 198
1719 276 596
1965 1061 709
990 1241 348
125 1679 76
846 102 386
2093 1630 610
875 579 645
1267 2084 417
121 602 335
1236 20 307
1684 440 333
468 483 355
1656 1195 568
994 310 209
1671 802 52
145 662 244
1972 1070 511
1182 1271 531
431 1367 339
397 2014 153
70 1955 809
42 2053 957
290 368 721
270 1146 229
835 593 844
632 466 918
971 1498 718
1771 1001 474
126 1334 520
268 1503 246
39 1121 141
466 678 468
1402 1109 863
1688 494 129
1156 1822 350
1280 1738 89
1128 789 264
1590 1005 987
1317 627 977
587 1296 441
165 88 669
617 466 770
1973 2034 998
104 145 366
889 230 661
1924 1794 922
1391 1183 233
1039 638 808
1419 1041 61
1052 1793 824
81 1221 802
2068 215 176
677 1918 431
157 644 885
1629 71 194
32 291 998
188 156 53
452 1554 301
606 1316 810
783 751 194
833 984 656
180 1342 997
975 1580 157
445 621 764
1081 385 257
1027 1915 646
1652 687 109
345 308 216
842 2043 913
2095 1497 457
962 565 602
1978 1637 106
86 492 157
1506 1087 376
1309 1399 815
2039 433 145
1241 1626 313
1144 1906 894
595 1373 790
2050 1299 219
252 1440 630
456 748 356
1728 2027 387
1412 790 78
350 712 295
879 643 576
23 975 422
695 11 406
1273 1515 526
333 1134 66
84 431 218
1728 308 984
1862 981 796
576 406 13
1760 2032 91
1164 1301 474
838 39 197
459 67 896
384 886 627
819 85 436
741 2054 715
344 650 951
292 1921 133
112 1975 168
974 1841 345
1031 610 531
1590 730 546
2097 335 873
2037 1463 593
948 66 10
153 1696 112
63 1686 307
657 1428 56
55 593 962
1223 1319 115
817 1049 488
1758 1158 965
1442 1365 720
1620 1795 826
750 850 601
2 553 889
1604 2011 257
1059 745 244
1453 38 737
437 344 977
1610 1781 603
1763 1195 651
706 1808 194
1434 1123 368
816 291 971
1730 245 982
1891 530 483
597 1862 64
1005 1215 882
690 17 405
137 5 559
408 1531 823
2011 555 381
469 1951 893
1732 287 250
1197 57 118
1514 754 633
847 1810 147
221 1062 731
1799 1476 854
1497 619 920
239 1688 628
4 874 449
1036 1441 12
1492 158 92
254 1557 578
187 1567 860
892 1914 164
1156 1088 302
1265 756 346
1411 1572 681
1461 1803 187
2032 385 602
1003 225 363
960 2080 729
281 826 540
1469 762 210
731 1631 577
1995 1046 662
697 1433 924
547 562 13
568 1763 303
373 53 612
1140 1171 162
1075 1747 363
1661 1543 10
1975 510 72
8 2055 799
56 1302 47
1844 1853 426
1798 1301 287
590 1561 100
521 1506 897
1440 890 411
872 820 334
385 1431 834
1660 518 621
247 522 561
1141 1619 249
365 1391 243
947 302 877
1767 1967 42
1560 807 475
846 1897 917
1888 1032 535
108 40 621
1246 1545 354
1223 567 767
1655 13 99
1767 389 631
995 1242 628
626 762 461
1936 1438 124
562 2023 702
1207 13 889
442 2004 527
883 458 450
1332 1480 207
1455 1367 406
539 1175 606
765 1602 289
777 21 225
97 777 787
170 1050 471
1036 1303 928
922 310 972
338 708 883
529 373 633
1038 1045 898
1182 617 75
1631 334 950
1699 1108 176
354 589 801
1985 1950 542
1127 1477 12
761 165 348
1149 532 957
251 1290 29
1157 1405 912
89 1935 101
1882 1651 104
1934 1017 134
705 1052 543
1851 221 965
1790 1135 52
321 666 415
1625 310 948
1897 1106 544
666 299 828
1088 1456 542
1318 1499 249
2029 655 553
825 78 82
1581 1760 37
1697 216 156
1032 1243 138
169 226 187
1704 1150 819
1789 1201 227
23 1951 325
1175 439 772
1600 724 518
1967 1140 518
296 1847 169
120 667 440
1086 1669 796
1414 1424 712
417 437 725
1100 2019 528
1371 459 24
231 746 585
1301 2009 272
441 901 383
59 329 209
684 318 252
1297 1549 642
1232 1829 648
1352 728 325
477 1671 352
1199 722 787
469 1379 750
1434 1913 789
1436 716 21
603 2013 410
1656 526 111
652 1540 770
1136 134 469
1494 113 769
409 2090 644
1940 728 349
1837 1575 99
631 1861 204
389 1780 441
556 1336 619
851 1077 29
969 879 153
3 139 260
220 724 679
1505 76 634
64 703 545
203 1168 565
836 209 17
1641 601 25
588 629 790
1145 207 890
1183 675 300
741 691 382
959 415 926
978 960 61
184 1981 989
908 1454 673
1323 384 924
47 1 571
1014 873 111
2040 1312 61
1020 935 629
695 926 283
1398 733 907
1056 1757 377
1917 1655 88
848 276 528
1980 503 988
1443 570 79
650 1483 224
1554 984 468
654 1888 552
1788 424 647
163 521 236
1812 1459 547
425 1200 234
1776 1627 679
783 1940 527
663 1166 488
251 590 997
1662 1102 274
1579 296 570
6 904 782
114 1065 475
558 2064 914
1290 1264 645
1416 1968 270
823 84 131
898 333 987
1713 254 421
1333 690 921
1239 19 639
1318 1162 558
65 410 656
4 62 851
900 1085 157
371 603 126
642 1921 836
993 1503 916
1593 2067 141
1374 1739 211
1696 497 998
1880 563 690
1550 1693 649
1886 1906 72
548 1303 327
2047 1435 143
566 1623 659
1660 1095 603
1248 860 394
245 2051 579
282 858 127
504 369 761
1232 117 816
1671 492 279
804 1366 193
999 140 812
37 1266 789
1062 505 200
1279 222 841
928 149 763
773 1319 924
355 1869 451
2010 11 531
71 1407 11
598 1326 493
265 1818 170
1404 1678 539
235 913 895
787 72 344
306 996 874
1154 2000 685
947 969 826
1156 1995 410
1289 1261 230
1960 43 633
2093 1615 637
1794 2024 37
1779 140 829
1990 1995 741
657 943 769
1055 1423 125
1268 1346 349
899 146 268
2026 1746 963
1400 925 381
2025 1400 393
1196 2023 956
1063 351 343
781 1130 816
1017 1683 957
2027 1811 326
1596 1710 299
1219 1636 828
1165 2087 605
1083 1682 862
230 446 705
897 351 313
1641 2039 148
689 904 538
221 1191 848
1386 1171 160
620 22 335
841 794 782
457 52 328
483 96 456
636 1922 525
1361 181 173
1845 7 57
147 753 354
1493 894 137
1979 23 988
2089 1816 774
1739 1425 461
1396 846 959
126 54 848
667 1768 787
636 1607 596
1548 972 784
1844 1518 191
1838 777 168
358 1172 43
1495 930 468
408 2074 404
1378 319 745
1168 1495 289
1874 711 154
966 1294 356
1855 1963 140
1157 893 264
980 455 742
404 2020 229
617 1497 990
1289 1275 937
1286 1210 166
328 54 789
229 692 75
1612 1062 19
1994 606 458
1336 2040 536
810 417 127
1081 1725 539
1840 1368 95
1863 1167 267
479 1568 806
317 678 158
1141 969 151
397 1538 542
1 1180 797
622 855 65
2003 67 1000
1358 1312 246
793 175 371
587 48 106
254 1087 838
397 1824 672
1780 442 776
954 888 24
1055 1638 864
471 729 304
663 1050 344
604 1940 966
1554 383 955
1691 1058 361
1771 30 891
1198 1147 662
1294 1136 437
2060 1254 775
157 1002 85
232 1799 857
525 377 673
410 1128 975
200 259 653
1123 1537 11
1133 1419 819
375 807 488
1696 1365 468
500 1794 779
1927 54 584
1750 65 659
774 242 989
1804 1818 929
1383 1378 901
567 310 861
1011 940 115
1992 846 905
1897 1600 105
362 436 197
113 149 796
530 1317 188
2087 1432 977
185 1410 24
461 428 680
362 1988 374
508 435 775
425 1974 985
1711 140 525
203 536 211
973 1043 823
964 724 830
1076 2021 90
50 864 108
1607 1548 127
1034 556 509
315 1327 206
920 324 182
1856 1674 329
1119 308 974
1446 170 45
1645 1244 665
1879 317 727
1240 268 794
39 469 167
396 1623 902
1763 152 835
354 359 688
540 932 613
2014 390 163
1776 678 657
211 428 631
537 1 801
2000 845 753
983 1108 482
270 1473 983
6 1203 889
868 116 574
712 296 151
682 2099 578
1856 1965 263
1774 441 708
722 1687 744
746 243 408
767 1749 360
1995 1826 496
506 1425 687
107 1009 31
574 737 951
914 1547 504
1224 406 397
339 2052 49
913 412 341
1815 1330 437
976 1958 815
2020 1379 375
949 71 168
2080 1611 327
1537 1794 93
1721 1831 811
1801 1599 365
777 1243 989
1776 1681 977
1045 949 323
1679 518 579
816 1861 668
647 1894 383
852 1694 689
1157 174 974
94 646 64
1884 2072 775
1727 2090 7
964 2041 629
101 1554 518
1410 61 755
464 1811 96
936 1943 617
994 911 987
2008 693 454
604 747 681
1811 883 522
940 1516 998
1354 514 602
1686 1945 965
543 1586 735
1039 918 784
1925 1085 597
432 1341 831
1586 1382 626
1283 885 341
1650 1559 137
258 282 90
1377 1950 230
484 1995 347
779 1062 69
274 1162 917
1057 1531 943
922 1147 456
118 75 860
1595 413 842
311 282 28
1755 1612 368
587 1061 849
838 2067 397
1361 458 979
818 468 676
261 1192 77
843 232 953
243 1510 977
1332 256 15
680 224 591
1882 1305 374
1460 1567 565
1982 1862 347
2018 187 142
1149 966 222
2059 832 632
1972 1250 801
408 174 20
1850 1655 110
403 223 467
1156 1626 70
61 1992 505
10 492 617
873 1064 253
136 288 361
1775 263 498
1345 1381 176
269 1269 871
23 1059 193
1853 415 901
1401 2059 838
1587 505 551
1960 1979 860
1725 25 260
1898 1249 136
405 1270 821
800 222 306
270 2062 619
131 862 697
939 1846 446
1964 505 473
354 231 174
1891 680 602
966 391 970
1263 594 235
44 1980 955
76 587 752
1378 350 828
163 1560 835
528 704 832
1106 1676 711
1144 766 358
1065 1556 44
1652 948 202
293 542 349
2080 1333 486
308 708 698
762 1361 627
1755 863 241
1156 1976 337
1629 896 443
928 725 246
1388 514 297
693 1542 594
1636 432 254
1398 1749 777
456 1497 427
890 110 824
1882 1913 197
1878 816 79
1472 1846 554
1208 600 610
871 657 917
643 256 792
974 700 738
1430 693 127
1725 818 82
1523 462 254
411 1356 735
730 1885 158
212 1917 289
6 1577 126
610 1961 663
1776 1730 943
749 1642 414
2032 652 768
438 206 440
1387 1618 44
2064 1989 732
2070 1649 252
1894 759 347
1634 1476 576
337 270 515
2047 1953 859
2077 1196 239
1778 245 922
1872 1033 492
54 454 374
1134 1290 394
2030 1302 406
1654 140 992
2049 292 662
425 1791 506
923 2030 9
1049 6 991
1665 688 384
1220 508 778
1422 81 167
1415 1238 893
947 1880 428
177 1593 575
539 468 419
893 1173 840
852 1161 73
196 990 825
169 2068 914
1127 481 613
1225 1855 119
1875 1850 223
1277 78 980
230 588 185
1230 1173 490
481 1246 795
1483 1501 504
184 369 804
1857 556 288
1660 624 284
573 2047 179
1663 239 767
1614 1975 110
1827 1649 378
983 438 77
627 1423 431
1810 222 460
524 1880 196
1503 1554 296
477 835 19
1014 636 555
1391 2049 13
31 309 334
645 1749 335
1366 663 231
1764 443 620
84 203 679
429 940 116
1108 826 566
1815 1939 194
666 1165 523
233 283 359
1282 770 779
1654 29 718
526 341 386
283 1245 686
835 1734 577
412 444 564
603 1778 470
1480 147 738
1718 270 512
1161 138 796
1986 574 833
486 1506 358
1528 1171 350
1015 118 23
1158 845 592
272 1447 38
1118 361 853
1307 1103 988
477 672 123
1623 1155 348
1533 154 348
1917 931 791
1249 559 481
659 1787 989
554 1367 764
914 489 282
129 1371 341
846 1030 384
100 1437 624
567 1147 550
1706 1178 863
298 1088 807
827 960 528
24 295 897
851 779 793
34 1628 30
1623 1309 643
1308 1845 587
1650 933 260
643 1905 993
1756 1238 905
95 1122 164
1158 2021 71
172 1114 652
1170 792 681
1922 1529 908
1211 1817 563
639 975 546
261 614 877
334 1896 581
1963 1646 822
84 1996 31
1473 1396 679
1169 153 245
672 1404 906
1985 1069 825
220 11 143
1576 390 253
351 986 122
257 1103 890
1566 1506 299
361 1879 439
691 890 585
1846 359 89
1098 250 442
908 964 77
287 85 30
848 1321 647
1716 836 518
632 1436 372
576 1680 744
1871 585 366
1077 1601 789
1852 773 262
333 2089 177
654 34 860
1843 164 108
61 669 494
1314 1188 299
243 1411 486
182 392 848
2007 501 477
2048 1254 404
1344 1528 608
1585 1964 401
980 1640 659
935 1848 215
1331 1214 857
1767 635 380
501 1420 826
653 1662 17
937 1539 364
253 901 644
924 1654 396
63 727 108
905 1644 498
697 536 349
1324 525 524
922 1386 372
464 688 603
2028 957 22
692 497 930
633 463 356
642 1434 212
93 542 721
986 873 351
150 756 157
31 164 347
195 693 282
1407 994 736
1626 631 34
472 1600 222
582 1360 121
1192 255 111
1214 531 466
142 2013 354
1058 980 853
1257 2008 676
1884 2019 459
125 538 776
1992 560 886
1539 915 955
1755 1327 775
1394 929 891
717 746 286
1688 1861 671
603 1123 254
1983 940 269
1481 737 620
1094 1424 83
1077 522 873
2020 1985 335
1025 1343 246
380 1566 945
1860 108 278
50 1749 839
1522 1838 410
1237 1596 619
1829 1657 485
1932 395 989
1787 1086 80
1685 590 366
1693 921 397
1126 1294 559
405 1745 350
506 183 319
705 1810 596
747 21 451
1917 2006 696
1552 560 613
1761 408 114
95 962 891
2091 1642 427
1044 1541 21
1910 99 584
1045 1835 74
2071 837 310
1770 432 132
411 1548 251
840 1478 958
693 1881 253
315 239 959
468 1622 967
748 2084 511
858 569 314
1833 1033 710
619 1521 865
613 1549 284
1158 1880 594
1403 545 46
754 2084 925
1264 606 389
905 986 808
845 1115 254
626 100 153
1929 564 491
1490 2072 817
25 764 937
753 2033 501
930 69 669
623 292 805
953 653 625
344 960 936
2093 1785 165
1535 824 286
1433 1823 148
1289 1724 336
654 743 79
313 371 743
293 1050 864
911 1738 757
187 923 953
1078 1630 650
1871 517 34
681 1681 442
1953 1412 614
743 957 719
1830 1983 300
1308 1431 657
1369 1054 166
249 1029 750
1882 748 325
174 1209 251
908 751 241
1363 639 985
661 1622 130
220 50 105
1753 862 425
1010 448 792
473 1266 25
167 1026 642
867 937 517
443 1569 224
1641 918 557
223 555 889
907 1196 18
1697 478 642
1058 290 813
1861 1661 626
500 171 268
809 754 645
1029 400 575
655 311 81
390 1421 43
1492 1749 921
329 1958 186
927 71 39
1394 855 314
1177 437 264
671 931 57
881 494 995
1288 1809 449
889 1357 626
2092 1341 690
869 469 897
136 1648 427
255 1104 980
1084 934 934
369 2004 761
1530 381 826
33 190 85
753 5 875
1075 2024 766
1220 101 311
1816 2064 534
267 492 940
808 1589 714
1029 534 654
552 1601 164
446 1057 898
2065 779 571
976 857 958
1962 43 29
306 1806 60
1987 221 540
1728 739 63
1747 104 820
267 126 537
1691 1428 762
800 351 957
1230 1991 978
541 370 822
604 2002 913
1837 1726 169
2000 326 786
930 1124 162
1622 627 3
91 782 680
1927 1053 887
1263 2060 935
1695 237 397
584 920 924
414 610 333
1015 413 699
1607 1320 710
110 1349 590
981 1171 34
1807 947 211
1521 1754 29
1295 676 613
1790 2097 345
1390 256 560
854 957 414
1457 1494 585
84 327 746
781 1072 180
1491 1209 881
1930 2043 657
1466 67 96
1251 937 765
1847 1925 767
299 1069 796
844 158 240
1899 1516 25
1302 1970 1
2095 1627 67
1354 87 985
1535 1338 514
1865 496 855
537 949 684
650 1970 254
789 1064 408
579 1123 866
579 1659 210
1566 594 708
1245 770 285
1134 1029 398
564 1156 688
1371 889 641
1425 1323 6
3 1061 800
2034 1900 556
477 1017 275
1762 103 836
914 543 896
1148 554 761
1439 1256 377
901 1813 242
603 547 796
1798 941 766
1033 1885 353
202 28 824
838 1337 73
1418 237 283
397 274 750
1049 856 814
191 599 774
1336 1150 650
377 1922 77
1374 1861 660
1338 1190 407
611 117 970
1636 435 388
1310 65 910
169 744 170
147 59 856
1804 509 662
652 1429 557
1741 655 978
2047 1348 471
691 1406 190
954 451 688
1062 1863 854
348 1817 862
849 1774 647
1534 982 536
260 573 469
1668 353 729
967 499 437
1466 801 842
98 1407 329
173 665 409
750 1523 203
583 1457 544
521 1780 389
1158 1875 205
1627 82 713
343 1507 848
771 1641 772
1539 207 643
366 1615 873
1326 195 470
98 83 695
701 530 615
1086 316 885
794 1868 644
633 197 899
692 1391 882
214 1365 31
1887 725 991
1086 730 173
1286 1519 479
438 161 270
961 1420 477
1542 1280 115
1246 605 112
68 1583 897
2058 1353 818
710 983 568
1390 159 78
1056 1433 418
1576 1614 818
1506 2048 4
275 32 126
803 1952 474
1448 1842 103
947 927 518
190 1195 839
1713 1516 452
478 705 388
1034 1184 175
1943 1949 568
780 15 592
1020 207 418
653 151 852
2030 576 375
1006 1272 965
578 1693 367
927 454 128
1414 1800 533
1809 1583 763
2087 74 879
849 2051 180
463 947 222
494 468 348
2054 321 866
735 1004 371
1564 1392 437
1259 61 981
1301 1701 924
724 1650 678
830 300 668
191 1548 725
448 754 187
1889 1760 625
2092 1242 897
1001 1969 986
979 766 635
1 285 473
854 1517 645
1676 1103 4
1501 1781 389
1939 776 675
1118 1848 943
525 814 975
1740 1017 718
1314 160 890
1163 603 790
326 1689 202
681 891 907
2079 2039 125
854 81 404
1308 62 598
1173 492 505
1440 5 706
2050 1350 879
113 1430 76
946 1699 762
40 1474 923
1971 1334 457
1209 1812 591
973 2060 492
1294 909 27
1247 340 871
187 154 274
1397 1261 787
1949 581 797
948 677 15
1683 381 510
525 1273 103
1406 470 634
564 381 219
638 1047 324
156 452 192
2060 1380 37
1471 1469 971
950 975 923
1341 34 52
993 1260 797
1019 1634 856
1329 1018 237
511 1331 699
77 1435 582
1714 1982 187
1237 950 243
1803 1271 465
1366 1524 924
72 697 685
766 887 651
1596 1026 146
959 1927 525
529 1476 32
1944 914 242
2020 1760 548
1025 1461 35
333 1222 99
1752 849 987
1331 897 430
1464 2084 283
1152 827 195
378 185 300
1490 1943 486
1658 38 444
841 779 197
1845 1036 640
683 702 920
988 581 207
1282 319 257
159 883 910
941 1140 970
235 250 752
1655 959 368
967 391 548
984 309 755
1365 67 127
659 448 815
69 1168 224
845 1767 67
360 1793 382
1817 373 965
957 567 292
1304 634 230
550 519 879
1287 282 486
73 2046 268
1610 2056 666
529 605 969
1561 1300 683
918 883 662
1859 1780 992
1027 1812 918
1398 364 585
1690 1085 22
706 1145 246
30 1306 565
1455 346 766
1347 1410 309
2055 1874 882
1510 1299 7
1415 1531 243
1619 1933 469
1418 1337 346
1547 258 360
1802 888 596
416 2005 418
1717 1008 944
2010 1427 700
381 975 107
179 172 39
1809 593 948
1160 1018 363
1248 2016 843
1943 1438 779
1650 710 353
19 1510 44
1230 1018 224
660 1126 32
1589 296 105
756 553 465
2082 1080 708
1189 26 135
152 1182 491
338 1054 420
187 687 70
286 1952 578
668 721 738
1286 373 318
2058 16 779
1046 477 870
491 1757 809
556 562 72
1374 1280 39
2047 106 500
1833 519 450
949 1161 481
1537 419 214
696 1202 380
1001 1573 534
1170 599 282
797 2093 579
985 141 110
1713 1119 934
1446 318 729
1489 743 418
1578 444 813
319 375 512
1356 1888 640
1840 438 353
1452 1506 177
59 585 756
696 1885 217
134 759 66
1453 256 761
786 1037 454
233 159 153
1299 1584 356
1131 122 250
1361 1405 614
16 111 782
58 671 416
1205 269 608
368 1094 970
1548 745 246
1915 1986 376
430 765 591
1262 1672 725
1738 834 950
643 794 274
1288 1159 573
804 552 328
1323 1647 188
553 1884 811
1768 196 807
110 507 478
1393 774 737
1609 725 103
992 725 22
738 1396 846
770 300 919
1951 258 590
554 1827 324
198 725 897
1057 1013 507
74 998 465
523 1488 384
1677 55 795
1276 197 679
1027 1852 474
1681 84 739
1833 1316 877
2062 328 519
1293 273 449
1160 2062 550
232 811 361
283 413 301
14 1130 179
481 495 42
536 1787 174
109 161 548
1209 1458 438
970 548 34
587 308 195
1262 1650 478
126 64 568
1559 484 383
716 564 465
217 1428 58
704 764 479
2031 29 848
323 1350 536
485 859 85
1233 757 41
745 1793 38
1551 50 627
2018 1010 859
408 131 732
81 901 193
1542 1736 750
1426 152 923
481 626 105
1459 558 657
160 1890 109
1532 853 717
558 988 225
1508 2028 140
1089 478 768
981 1875 810
435 739 635
1176 1119 264
829 676 523
303 1982 390
1170 503 476
840 149 493
1801 418 946
596 1693 116
985 900 717
112 1394 746
1591 1038 217
838 2078 110
2069 1763 603
1285 1192 793
919 469 65
1438 1177 615
680 467 864
1090 1803 945
1449 1239 709
215 1883 719
1080 1383 112
157 1649 951
168 422 36
1685 1362 986
1395 387 407
1630 647 833
513 1831 865
201 1057 974
211 541 86
695 847 535
566 907 326
474 1988 159
114 258 340
1175 1258 407
315 1520 327
1151 286 273
1583 1669 153
417 1706 53
1114 1818 554
107 1208 114
772 200 127
2060 1313 204
1758 1317 11
705 1643 129
437 85 74
1629 2086 421
1129 672 710
1378 474 399
1490 809 447
1261 597 314
1811 2071 565
337 109 57
233 1358 41
1858 591 414
491 1310 585
1408 901 343
1247 1818 887
905 1363 852
82 408 133
1685 433 12
1836 1148 794
1679 1215 274
1864 1415 117
1106 1607 610
191 42 946
1281 711 705
1927 1181 342
1097 1140 257
1099 1188 81
1865 1720 68
710 1939 70
1032 1923 612
173 1525 488
1078 1386 633
1946 1270 140
510 1324 849
1711 1992 903
900 971 183
437 756 466
172 137 779
221 1658 408
182 456 653
960 529 662
2027 386 309
1116 2044 339
1536 755 883
1200 83 328
1234 994 406
1195 432 469
898 751 529
625 2011 613
424 1723 812
1298 201 514
1935 1692 634
1646 1666 386
353 1830 142
1086 559 290
331 823 244
920 565 716
1374 1181 34
63 1812 432
272 945 22
558 1054 347
191 1009 239
1686 582 934
451 417 261
1315 175 590
1528 1511 264
2027 582 253
376 399 899
1287 1297 778
271 432 230
324 1131 833
1088 1096 414
245 2058 652
766 1868 945
1600 628 978
1804 84 122
182 139 37
1712 1433 931
1913 1707 101
503 87 659
1435 22 869
2048 1049 321
1301 824 209
1843 722 2
1388 744 800
299 722 455
659 534 503
1264 1237 906
700 267 84
350 1127 591
1671 1301 441
579 706 743
813 63 124
379 135 278
1001 1495 468
143 1241 59
537 94 463
1403 1115 482
503 481 465
615 1959 758
1132 322 481
1511 65 924
318 1091 485
680 756 849
1958 1751 555
29 1083 543
1790 636 985
280 164 990
553 579 733
1867 74 26
7 1294 604
1736 390 534
1591 468 137
290 582 336
872 617 69
1723 2018 879
1138 804 19
951 1951 649
890 1018 69
1585 486 736
1609 287 380
1279 504 308
838 1610 826
112 944 124
1987 909 310
822 977 188
1960 893 895
817 1586 513
683 842 57
1748 1592 69
1161 827 7
1935 1489 675
607 800 124
491 1676 481
821 166 680
1765 1233 841
58 189 799
1632 829 971
1185 235 925
1402 818 515
137 619 148
765 84 600
1459 2074 229
1498 337 213
1063 61 301
452 1183 741
1163 1639 704
443 74 603
2033 651 96
635 1705 408
388 556 569
854 94 83
1452 1381 543
731 1547 55
1997 1305 413
329 505 17
1101 629 405
1239 475 103
1029 32 969
1210 237 642
615 1047 162
1950 1811 3
1345 901 586
386 154 823
1860 587 686
1349 1651 74
1352 1801 495
1048 2022 484
455 583 604
328 1716 483
1698 1500 34
209 1902 493
2063 586 533
1039 1620 575
1683 953 532
1637 1919 198
1057 1565 157
1601 1062 139
1139 1232 191
576 1563 357
904 192 163
1401 1956 569
251 203 549
1058 1096 797
1305 521 113
1918 1073 770
587 1276 262
1417 1822 800
206 902 763
1313 2041 379
2015 990 880
1858 1653 809
855 401 788
1421 795 544
1816 211 248
595 1470 165
728 1586 212
71 1004 649
294 1416 557
225 1880 276
579 1056 758
408 763 681
224 1508 708
1428 1108 881
318 453 749
1893 710 141
233 1187 830
1745 1073 859
1666 432 213
2030 429 87
2004 1610 774
1884 1386 646
123 1668 431
155 1999 543
2068 1371 256
827 1156 683
1871 140 614
1395 208 474
780 1080 947
996 1304 71
2038 1741 175
994 486 602
1477 594 120
533 288 731
1040 1965 925
286 264 954
1321 121 995
1822 358 105
1386 1642 530
1843 1693 804
341 1841 542
167 1454 479
1075 550 905
405 2046 225
1404 184 462
406 420 547
26 1795 991
1823 1054 949
1023 2099 206
301 1118 865
1866 458 833
1990 1204 661
237 1303 112
2001 1717 957
1870 1671 73
1139 1187 365
1643 1661 19
962 1995 241
383 1344 354
1766 1902 746
553 1370 446
1522 181 482
1881 1094 107
212 435 529
1293 2001 331
154 607 805
1205 601 736
1937 1262 579
617 127 328
1720 696 312
470 623 307
63 2084 902
1384 1566 663
1799 1097 735
887 133 521
438 1630 112
1310 566 541
1424 274 37
1180 898 336
413 251 979
176 1745 104
646 1215 420
96 1352 678
738 1209 792
1059 885 843
590 53 475
1386 665 988
1354 1484 713
969 408 564
534 429 10
326 1059 945
768 547 815
1486 228 244
967 891 740
432 1961 27
164 1244 957
1122 193 383
1101 1568 505
24 959 608
332 1770 799
1007 1881 954
227 2082 189
1068 1288 787
448 1769 67
1903 1027 27
1381 389 681
446 1775 698
1123 1066 522
1548 907 645
523 1274 542
1935 1535 739
1258 1275 835
1748 1798 177
463 1240 905
210 617 134
1264 1882 421
1965 421 329
839 1807 966
802 373 933
1172 1765 486
1688 1945 973
1821 1865 804
1521 1896 71
696 1377 653
1522 259 761
972 1904 73
1462 1957 989
1910 1889 337
1415 1562 935
72 87 108
1539 854 931
29 1551 820
2016 466 543
1729 474 821
1477 518 87
870 1434 423
1682 1523 766
1980 1424 346
769 1533 264
1025 1482 467
2057 7 306
1148 916 679
515 1285 501
1460 924 297
910 2093 363
1070 1764 922
650 1133 990
27 774 471
1624 2071 783
1656 1897 33
958 500 591
937 1804 305
1646 1003 925
1523 704 58
947 2031 737
2067 126 903
682 539 985
1831 98 374
1175 1259 394
511 1033 977
1122 686 175
449 319 554
1135 638 548
684 1045 540
1156 316 281
2005 1417 27
1684 1989 707
1397 741 575
237 358 148
89 1397 292
1156 460 711
2012 855 782
111 1954 384
857 608 910
1248 2074 73
1782 147 826
844 594 876
940 551 283
1785 640 394
1069 862 404
1851 1663 872
889 1945 401
651 665 303
1765 279 388
2053 1438 525
1422 997 903
1847 732 593
272 1761 410
1965 508 256
74 1068 454
1076 1210 920
949 721 169
1454 988 52
1464 489 262
1644 707 127
1956 193 107
1866 481 957
1930 404 779
597 1948 602
1753 1319 77
1868 1248 162
1848 1266 924
1931 151 219
554 1359 384
1719 688 914
920 1762 55
1135 1927 796
2099 659 209
1841 1558 768
920 226 330
2038 338 575
1538 2093 534
159 1505 642
1487 1113 825
252 1945 497
272 375 181
394 755 771
456 725 360
520 1788 268
615 483 578
1288 229 193
1908 1281 926
2027 1223 379
1744 501 421
883 505 265
1067 1960 982
1017 1161 896
2017 1802 14
635 1351 791
131 825 490
588 1920 233
765 736 927
1815 1691 970
352 2079 701
1766 1874 136
993 1740 572
1340 1220 77
1944 1958 612
359 1367 514
1356 1058 217
469 1080 105
332 952 722
1859 1235 623
1050 1246 817
859 1841 87
1745 1647 430
433 848 664
921 180 767
1618 646 18
1602 1815 714
1319 173 14
645 2094 163
1006 996 425
545 1279 249
1923 314 622
902 285 857
309 647 162
400 877 533
1372 1657 714
1028 1792 465
366 808 955
873 1262 307
1598 1448 3
1131 64 984
1954 2076 251
1014 2045 869
868 101 91
1141 1946 728
1926 1596 757
110 1817 140
636 875 638
798 1966 704
1852 385 621
1121 270 511
2054 1352 799
1894 1336 922
1216 35 580
1735 657 971
790 969 96
1670 2085 85
183 1317 254
75 1036 599
184 1589 411
725 1696 528
1788 1388 996
621 1209 347
1385 1951 502
1778 1221 426
552 974 508
719 2047 638
463 489 163
956 143 232
919 1701 380
277 1642 467
362 1150 493
1922 2066 876
1481 629 750
518 1980 95
1951 1260 910
2041 1455 390
1098 279 686
1396 1809 1000
847 127 572
475 1728 298
1562 604 487
1434 1500 92
1200 28 364
1489 464 653
629 82 893
1489 1809 820
876 469 870
1701 2060 589
119 106 204
1216 423 516
954 1771 40
1080 833 869
1822 796 909
285 110 97
847 2081 166
1108 600 571
612 148 226
277 1519 655
515 443 486
1966 364 654
1931 1998 423
552 8 525
565 1420 674
153 1155 839
244 225 617
223 1827 270
1444 736 454
477 1113 690
1936 252 363
347 1287 486
1958 1255 289
36 1044 57
351 738 988
612 173 86
17 1351 352
524 728 310
1027 1728 885
391 561 286
398 332 830
1816 1023 883
1185 265 231
160 1957 925
1591 679 391
1601 775 736
759 234 722
19 544 438
0 924 3
1699 1303 360
1217 824 480
442 528 386
303 358 327
353 1266 904
426 2095 240
257 218 237
449 674 679
1917 311 981
1167 121 471
1106 1903 408
322 243 863
1986 1479 97
863 1296 378
1028 871 946
195 558 785
917 1985 266
1731 662 839
927 950 802
524 313 345
1154 1779 864
158 2099 386
741 543 244
1008 2049 931
433 23 617
128 1845 499
2057 593 246
1573 1297 381
820 1116 442
1043 1564 269
1093 1902 247
216 594 88
1076 214 485
1927 239 194
646 923 741
209 1406 842
1949 2005 97
1803 1020 483
87 1207 264
1856 841 87
487 1142 778
306 844 428
1463 1695 327
508 1259 294
1367 486 103
788 1760 501
1782 666 166
1826 580 703
670 1073 186
1034 468 404
1367 690 218
1667 954 585
1432 370 608
105 1237 30
1663 742 866
1415 1437 769
873 1351 133
322 750 268
785 1808 499
849 1033 175
842 883 674
551 731 19
702 1620 479
759 1825 410
1592 853 718
1974 1919 37
196 1372 994
567 455 195
827 434 191
967 293 875
1581 470 282
1373 1065 471
1413 1096 755
921 1479 109
1897 7 569
257 1115 717
1596 33 815
1790 374 313
1825 1922 417
1997 595 415
1566 562 644
144 1293 743
1959 94 611
1404 526 870
797 1767 913
668 1148 110
1750 677 197
382 272 989
1744 1225 17
518 473 927
500 1798 960
1610 420 719
1942 124 274
787 1691 40
478 778 651
1802 1694 764
1693 412 775
1322 668 252
237 338 262
390 882 22
1502 1064 203
933 2070 662
60 849 157
1817 850 514
904 1064 283
756 892 637
1753 697 336
786 755 42
786 564 15
174 719 769
1133 1064 796
1626 1789 214
19 1009 940
1197 192 372
963 945 345
384 714 10
1889 1452 984
1940 265 509
997 1594 641
1909 909 707
799 819 451
291 769 103
1072 1778 232
1434 1400 594
573 1460 927
1550 1788 943
829 1347 605
1688 2040 19
352 1098 157
899 1261 11
1069 937 453
342 1065 391
1871 1551 876
1762 1338 438
273 1391 295
1811 1279 389
1704 691 734
1600 1402 232
1551 1306 705
547 1555 519
560 1479 480
495 303 411
1982 1953 837
389 267 904
412 1089 182
1029 1389 96
1049 1244 304
30 488 67
233 689 313
2065 968 57
156 2076 481
544 281 574
155 378 894
1771 1758 88
1595 368 265
935 1279 221
2050 1694 85
568 114 389
1883 2077 788
545 2076 699
1457 360 874
1953 758 206
1807 1926 131
2067 242 82
1569 479 116
1586 335 576
705 1748 636
1859 1889 3
1601 969 640
1455 854 610
1522 1997 824
568 748 65
1655 1671 177
1530 1918 233
1413 327 120
1284 412 912
888 1888 638
1844 481 958
759 1418 788
1756 1046 875
188 960 256
998 913 76
563 1279 777
1016 20 859
251 1362 966
481 121 63
489 997 853
1878 1820 378
1769 374 671
1882 1237 142
1773 1363 153
702 698 639
1416 758 972
288 1135 762
1612 249 636
1452 1580 195
372 465 824
1467 307 327
302 2063 823
569 179 393
1455 1934 445
322 1671 384
1223 19 137
1184 1564 109
1394 50 316
1247 663 16
956 1376 840
1713 453 747
725 360 632
442 716 563
1265 936 161
2048 687 328
971 599 648
820 1720 947
1202 1607 589
372 253 757
634 522 432
1777 1450 447
1531 949 962
1079 587 735
187 1429 442
1616 5 758
1338 1037 882
1306 145 315
1105 179 526
260 1150 794
1795 989 747
1806 927 950
1021 328 211
540 1891 689
1182 1694 436
1802 1754 915
461 1621 841
1918 814 509
1270 1291 416
1436 345 53
758 39 502
1281 2016 76
349 1994 689
963 1038 268
201 598 233
607 1316 401
1609 1249 554
371 1047 133
2001 1869 22
634 1829 754
810 1840 114
972 1037 833
896 1424 798
558 863 108
1581 543 474
1242 1637 742
755 1161 66
489 1249 825
1237 1715 323
433 650 540
660 973 788
2013 2084 586
821 170 30
1153 815 352
1535 664 34
815 1372 536
420 816 688
1740 322 60
253 1995 473
1429 737 733
946 255 648
356 146 383
546 1623 458
1016 1956 896
1479 1059 40
602 1622 120
233 118 244
952 444 830
1093 1786 269
1753 350 677
1054 246 805
1717 1604 756
1321 1941 76
1784 1612 226
1512 542 654
1458 1879 474
867 444 298
1338 1964 781
626 1189 970
110 1943 818
100 157 199
256 541 126
1632 1522 218
1172 951 303
598 1257 719
1177 1096 691
1359 38 729
260 1396 521
192 1321 774
678 2015 425
1897 796 928
2080 2079 389
128 947 847
920 1219 270
1198 1492 669
849 606 465
790 593 384
555 2066 218
533 63 508
1535 601 182
853 266 933
322 1393 782
1607 407 586
1956 364 599
385 1604 102
537 81 453
348 397 394
568 1439 726
2084 1751 478
1180 1050 839
1471 1162 151
622 857 119
1603 371 994
1161 481 380
1303 531 381
27 1590 444
546 1762 924
1333 591 84
832 1192 276
668 136 184
2071 1745 802
565 760 301
227 1772 673
1116 1453 408
1735 1696 247
1648 1556 525
1571 1369 11
1444 2040 267
1874 1806 77
409 78 935
541 479 943
1373 1657 59
1079 126 469
441 1614 331
475 899 657
1452 1559 229
189 796 468
742 777 917
1574 1920 392
1436 1697 891
553 1980 434
1880 1589 567
654 1093 44
670 533 810
580 802 841
1310 567 754
1475 2012 120
1875 438 405
1496 2048 679
915 294 975
246 1312 94
1139 1844 584
1315 888 673
799 1989 532
285 1063 594
1395 1386 402
1792 1937 950
1003 1881 58
0 502 703
580 1572 386
1455 1516 212
1520 437 619
73 688 233
387 692 107
961 262 66
1903 187 424
1539 1138 621
1884 459 75
1701 345 586
2004 44 607
623 1761 427
1550 557 149
2085 1225 322
1602 2095 931
784 723 175
85 1689 751
1264 1104 455
1759 2015 30
1034 20 78
597 2066 951
201 40 429
1529 2075 785
446 246 611
876 920 743
1662 854 831
1047 1692 179
1520 732 935
171 1339 375
1835 1795 78
306 1075 912
1078 7 198
1969 131 378
1862 1805 809
104 256 641
2009 1999 716
179 1096 849
691 281 488
536 703 944
538 1925 523
57 1269 117
69 51 342
1589 157 967
1736 778 872
398 1569 505
1050 639 170
1809 587 454
1168 180 993
1516 810 916
1312 434 112
1678 244 817
422 1805 37
1499 1446 844
1248 729 123
1187 1169 172
1187 1264 905
1480 1347 711
614 63 374
481 743 446
1085 644 362
2014 695 20
256 2046 197
1093 1888 34
1524 493 220
1668 1185 326
1454 1244 654
1946 1814 317
1733 815 237
950 1388 74
1351 583 964
252 1478 129
977 1346 503
1414 1878 862
1133 946 689
375 569 896
35 952 65
1208 2047 74
113 977 838
1595 929 371
2083 1974 17
1903 260 755
1199 1356 561
1705 907 969
1480 845 112
1890 459 226
1782 2092 379
499 1648 797
950 848 914
14 419 285
985 1847 525
494 147 288
1034 687 864
2078 1818 364
1702 589 893
1628 1434 758
1766 1683 428
977 1506 4
1038 900 169
241 1249 44
708 326 369
161 1941 216
1727 329 360
1158 1636 590
2 91 972
1072 988 331
1298 423 529
1521 1219 870
1313 1703 92
1576 1623 276
1325 841 641
1406 218 552
804 319 449
1885 23 777
1505 1610 550
483 1015 530
672 905 771
815 897 557
207 96 810
283 213 993
626 222 955
562 1163 812
1886 1238 429
348 787 710
1400 789 470
1357 1073 523
666 993 155
918 88 7
1457 978 11
767 1930 582
1120 1695 750
1813 891 969
780 546 171
658 481 753
1243 551 416
1032 1289 59
1012 596 208
618 652 593
1570 184 121
1924 701 950
954 326 987
602 164 699
1072 375 561
1611 724 136
1364 2094 582
2046 1883 914
1278 905 177
253 1870 887
1314 1388 603
380 26 359
519 1618 820
977 806 930
79 68 807
310 1566 938
266 1492 100
58 1160 499
178 1601 263
1237 1727 454
1479 2021 139
1793 98 441
152 1136 789
1391 2093 912
160 1556 600
1583 1384 698
879 1736 215
1567 744 496
1101 1408 82
1884 1978 292
64 1171 164
645 962 249
1855 310 958
959 465 204
1481 2071 700
390 66 516
387 1296 816
1513 885 663
1554 1807 19
15 1620 42
82 1227 809
1889 418 61
1210 840 602
735 1001 126
1177 662 20
215 1669 758
1410 384 987
315 546 441
1295 42 637
1217 898 60
1922 148 815
1185 1217 343
1542 605 561
115 1152 48
644 191 525
544 827 120
556 727 395
1022 1841 584
479 1876 329
830 33 586
930 1669 665
127 110 509
28 1138 823
837 1006 130
1472 573 475
1090 1691 611
2028 1000 482
593 1374 626
2057 943 564
1334 984 89
2054 807 750
1519 494 236
761 361 159
861 1183 304
1204 1007 622
1150 1811 77
1521 1475 904
1061 608 823
527 1129 763
312 1617 310
863 346 101
459 628 869
835 1299 154
1384 2030 524
3 1275 72
724 623 487
932 707 232
2095 1988 184
1949 848 676
1434 1870 193
1798 118 181
1333 1820 978
877 93 569
1188 564 474
728 1665 883
1537 931 38
17 1837 684
1389 1260 903
314 1086 849
1013 728 593
163 1577 719
1260 297 938
1665 117 688
1435 452 294
1460 288 761
1493 1514 314
96 654 226
1787 1918 25
1309 1317 891
613 285 571
668 347 482
1394 808 317
1752 1117 615
583 1143 136
868 1371 964
120 1058 969
1898 1316 894
1350 2001 884
1356 2090 386
1047 1931 765
236 1414 774
591 1507 625
1593 1237 120
462 2033 108
380 2053 549
13 1294 167
1387 994 564
637 871 947
707 1927 478
1001 16 365
786 693 342
359 1214 69
1709 546 902
1272 716 341
966 545 296
159 276 282
1142 1390 730
1643 1507 346
890 1077 762
1429 941 444
1539 37 40
1389 215 228
2095 847 517
132 31 769
740 487 712
1797 1919 452
735 995 970
388 286 432
1454 935 206
1507 1716 314
277 1934 134
13 1870 443
1200 967 118
442 1103 371
1420 222 908
599 1669 388
832 484 371
1624 1740 560
1265 1635 888
2082 333 899
912 1073 668
813 1551 625
210 1036 131
1319 30 603
415 993 805
414 5 808
1029 1799 848
1930 1740 244
1670 1780 967
265 1494 458
1209 271 250
99 689 356
1236 891 733
910 1295 56
32 196 1000
1979 1590 768
522 1013 259
685 1679 811
1950 961 30
759 513 519
479 917 683
281 299 797
1902 770 825
996 1783 478
325 314 127
1466 1127 324
907 457 15
947 212 247
1741 787 109
1274 136 169
83 1343 465
1796 1484 762
430 1376 995
553 1916 110
416 588 670
1470 1380 934
864 1154 680
1401 669 638
699 1296 725
2097 2017 810
198 599 827
1578 1562 550
255 906 318
1579 1073 357
539 1922 364
1960 1791 202
866 1970 342
2 2037 340
1050 313 36
1240 140 793
55 1127 406
495 344 874
1075 1833 539
1014 518 337
428 1334 767
1753 1955 706
1511 75 485
159 274 439
1922 1634 388
61 1681 760
1770 609 616
1095 1947 6
104 2002 179
1478 1673 398
1139 505 814
1765 1264 793
421 857 426
94 1610 843
928 1274 307
2079 690 715
2071 11 466
1803 1300 782
1854 221 947
1583 1880 475
1978 552 67
1988 918 513
1485 682 602
1675 652 5
1501 1641 732
291 944 730
725 444 840
1757 1250 371
1328 1850 101
1875 1402 883
1384 1328 904
1502 369 594
1162 1387 899
332 1130 418
966 1722 245
1926 1986 961
1593 77 303
1091 1124 235
228 1071 41
1398 1486 884
1800 1021 915
1377 433 505
1297 2050 162
914 1574 357
637 759 771
420 1691 852
1725 1709 618
1250 2074 243
22 1908 548
1389 859 637
732 1488 762
1230 1763 53
1379 106 683
641 231 6
398 2020 771
130 1779 263
478 386 229
726 991 214
917 807 234
1921 1172 213
1958 809 543
207 1648 384
1367 81 999
595 788 588
64 1128 626
1448 925 139
414 931 66
670 2016 5
516 337 236
320 1634 684
142 1632 98
909 2048 781
172 1355 285
1572 1562 648
211 676 386
327 291 79
605 266 253
197 1784 359
1957 1026 24
1127 1624 211
1303 48 111
1858 79 227
1457 302 68
1841 96 279
1538 1679 228
1176 520 743
793 1500 795
902 683 643
640 196 375
96 1785 363
1816 1200 183
1274 2055 674
1013 19 640
639 2040 356
1751 826 348
243 1560 867
179 697 335
1917 1106 809
820 774 881
1275 1031 648
818 491 455
700 26 136
1833 1841 288
1770 653 198
1400 396 885
1136 113 423
1018 724 266
1416 1547 466
875 497 724
783 155 23
1989 1366 235
1693 72 149
843 554 758
1951 1272 756
1286 1449 686
975 431 973
891 29 465
156 366 608
3 193 806
267 1332 708
19 1983 748
821 156 710
49 1201 330
898 683 822
1521 1839 116
1099 393 787
1229 1703 795
1047 1260 4
270 39 783
1936 305 439
1687 1335 453
21 1537 77
1517 667 749
1202 1584 298
357 785 734
22 437 107
706 864 886
416 246 170
284 1844 111
582 921 35
1151 1493 444
839 1016 305
704 100 13
1822 1022 918
1581 1398 478
1547 866 372
362 364 403
953 912 84
378 798 30
1101 1088 686
1696 1312 480
1881 498 448
564 1244 208
1404 155 227
271 1832 103
1677 1631 559
250 1950 392
851 576 658
161 1585 312
1923 279 905
1266 1264 222
621 1024 363
871 219 306
1681 1995 489
983 884 761
1480 1005 118
562 1509 618
940 1800 480
1649 1936 877
1929 821 516
643 470 708
992 1762 494
1947 814 42
1774 1778 840
999 621 4
1980 123 138
277 1008 875
311 337 606
1549 1294 80
1214 1754 432
191 1163 591
1482 915 284
1111 140 869
1108 1649 2
1887 1594 752
1301 1501 726
49 271 227
1937 1564 878
747 1988 814
1111 1707 260
514 1544 623
659 947 215
1982 142 688
1235 526 7
152 68 845
574 376 919
634 1952 166
1885 529 473
1867 1901 599
670 1574 530
1270 779 982
38 630 131
477 1136 181
750 1298 638
394 44 969
1894 1573 904
1762 1212 442
1276 849 701
1696 1593 704
474 500 799
1347 861 736
950 1474 644
1694 672 473
1305 66 414
669 1822 480
1859 822 950
162 1669 736
353 1483 723
1936 540 298
2088 593 417
930 981 660
143 950 693
261 39 436
330 136 474
326 813 88
1042 727 968
1546 683 249
132 833 540
1300 145 810
901 1210 918
1297 1592 633
298 168 579
979 801 620
288 1221 881
340 1092 999
592 1917 431
251 1899 533
769 774 605
1132 1498 708
1298 1342 819
1777 196 242
1117 849 483
972 1340 743
461 1359 701
1135 1601 902
1545 1005 425
26 309 983
343 847 504
1544 1177 900
224 1593 813
1505 533 230
229 24 84
1374 1516 77
1507 1040 713
1906 866 843
261 788 606
1131 543 987
2079 1874 849
65 1708 859
623 1878 820
1462 284 737
444 2074 569
1843 1815 443
741 1844 833
91 1915 100
771 1789 442
395 280 830
1119 730 502
1648 1906 186
781 324 980
1590 2038 46
89 1829 209
1101 1041 309
2067 1602 101
392 666 946
640 1430 150
1493 1249 964
982 1985 496
981 1238 676
1232 1122 612
2010 219 999
133 1779 33
1933 680 957
420 1138 842
114 1922 741
2087 569 445
128 1038 863
56 504 392
889 910 4
614 521 752
454 1147 334
1552 1823 682
216 1137 661
1910 1713 638
918 633 683
307 244 718
1947 796 369
406 1616 260
162 590 548
1294 561 583
1455 1186 316
452 1567 464
392 1689 12
1871 1362 513
2039 85 308
117 761 635
2028 1301 404
630 1263 452
966 505 302
332 1461 639
1991 940 829
1562 1214 741
358 226 702
1169 73 451
1423 2099 995
1150 1514 120
207 1443 217
1031 310 628
452 1283 974
959 961 690
1754 158 209
1178 1326 991
1791 161 950
158 1619 178
1098 1591 859
47 1922 802
754 578 491
823 2055 167
46 1008 769
393 1048 473
1250 1441 744
997 864 957
1334 839 847
1205 956 805
277 162 330
1646 2085 512
135 1902 980
1707 1360 727
879 468 842
99 1889 586
1228 1245 808
1027 370 506
1323 620 668
1936 1467 209
1915 454 388
1239 1383 207
1990 729 835
22 406 369
1518 195 619
1711 334 971
778 496 962
1293 1694 57
1636 201 659
1164 830 243
1418 308 432
486 670 569
1104 1528 144
79 1369 576
1994 1711 592
1655 1409 25
1957 1991 309
437 994 918
701 68 539
1741 1565 444
1031 1453 328
1699 1783 815
1966 1362 348
255 1078 163
350 1119 281
1904 672 438
201 1903 239
1512 965 381
1741 1101 302
703 1303 942
135 1866 926
896 1649 19
1890 1940 863
248 1529 305
489 1805 873
920 479 602
149 794 689
1543 25 908
1105 394 936
736 654 930
131 201 761
627 125 792
418 137 103
562 546 803
1658 1178 87
242 1615 820
1707 236 310
913 1015 614
283 650 420
1289 231 671
1665 1021 987
1029 632 969
811 655 65
1960 1706 155
1586 1196 382
66 874 476
507 93 158
1672 381 20
98 1581 664
1947 611 217
683 528 437
412 1892 566
1132 2081 647
1068 1437 599
1354 979 24
1663 1171 220
1629 17 385
1236 621 839
1597 563 222
939 1488 653
594 1512 901
1498 1776 327
1630 1217 117
280 267 794
1487 1293 336
740 749 275
119 2034 556
1040 1703 955
1521 1484 345
1174 995 788
212 292 624
1611 1169 312
1164 587 891
1133 1831 736
734 1446 104
911 2055 364
1391 1637 716
706 335 993
519 1378 104
1844 895 20
342 1348 655
170 1123 688
831 1220 703
1874 526 286
41 105 659
1584 1405 754
1400 1303 694
1757 92 669
827 1448 985
1023 163 11
370 1943 93
1308 1603 297
537 735 723
1724 181 942
405 1905 380
494 1936 884
601 362 22
1103 1296 766
1961 1679 979
1553 2002 952
1556 1112 373
477 1411 726
1429 1309 630
508 569 156
1584 1434 720
1469 944 452
1668 222 896
2063 1506 870
1299 401 249
1184 1743 924
909 1645 475
1600 566 243
1489 631 499
2009 52 761
517 1383 314
21 1749 434
40 1299 830
642 747 102
1899 1080 155
893 378 416
556 1162 714
1248 1222 482
168 1150 52
636 1172 725
417 1442 895
1413 1338 281
117 1830 417
1002 1716 675
13 198 581
1136 818 711
1614 1035 736
1009 539 631
1647 567 446
1252 1342 271
1453 577 889
146 851 137
1720 1085 317
1190 179 514
413 2015 405
1018 758 598
534 667 339
1956 1257 946
1913 738 122
219 866 557
1964 1906 989
1906 166 766
669 1814 777
1554 667 111
1022 1407 820
120 1246 608
1811 1075 92
1576 2087 609
1990 1023 90
1696 1441 305
351 880 567
1588 714 355
1711 534 517
1835 240 606
49 926 361
604 655 371
161 675 50
602 1748 819
788 1872 927
464 1602 900
1058 358 344
1693 968 261
1281 1633 790
705 1515 353
589 1114 759
1171 1406 421
529 2093 780
563 1727 495
1729 2080 988
1878 605 776
828 1425 330
1150 1771 94
377 641 907
1771 1323 595
1043 1624 752
987 554 168
683 1656 265
2084 490 908
717 1419 356
514 885 267
675 686 372
1209 1473 347
1874 1356 920
1664 1098 457
1850 858 720
1304 1185 975
66 1380 328
219 1321 384
315 618 648
585 986 149
17 1587 693
251 308 540
375 1753 431
1233 29 794
676 516 209
700 569 937
1345 760 641
512 1547 82
1203 1715 935
282 934 125
1836 831 641
402 1696 225
341 1903 287
1180 1640 890
26 856 113
2071 305 501
1487 927 955
1341 414 866
650 1270 512
1315 1115 62
892 1648 72
678 1450 411
1950 1801 133
1873 1950 85
1427 631 661
529 882 699
1863 239 486
1801 1523 626
1511 2089 481
195 1889 182
2050 620 540
1449 1615 890
478 1800 597
1732 888 170
1512 522 222
332 1749 908
146 1107 638
2076 76 220
478 219 767
1290 42 716
1917 1662 708
1255 1510 716
299 1428 510
315 904 800
1417 1827 100
1738 911 900
726 739 162
1375 2056 920
888 21 934
352 1134 335
164 218 439
1328 1978 938
841 1950 108
32 63 525
1223 1723 1000
1199 1131 859
468 2081 928
1361 681 451
1074 1436 26
906 13 921
808 1119 249
1873 641 504
90 1776 257
1507 2072 413
675 1611 98
1816 1270 930
873 624 291
666 1816 670
2068 1016 432
660 1810 160
1490 1415 846
423 437 872
29 1250 382
238 1600 625
973 296 376
1758 891 139
1231 1553 998
91 878 826
313 2050 546
458 262 311
516 883 245
145 1146 677
268 1192 224
1022 65 373
51 1470 868
713 504 69
1447 988 50
396 29 440
919 750 207
618 396 151
547 1810 431
1326 1103 170
1558 873 700
2037 683 443
1371 21 484
549 1337 267
9 1671 570
1087 695 289
1900 1021 400
1826 1727 140
505 1221 636
1113 813 711
71 1276 234
389 290 633
1789 227 729
1219 1835 719
1723 51 753
1255 1823 220
947 114 776
1580 1455 662
100 1817 398
888 2005 727
1937 501 557
46 2087 551
395 1099 801
1072 814 17
231 1291 467
813 1589 214
1188 848 838
1190 1820 473
410 82 253
118 1930 946
621 537 667
87 98 128
796 707 902
386 1073 483
1610 1313 40
1990 21 335
505 33 33
1042 283 98
399 1441 866
1157 157 457
1678 310 517
806 1119 702
508 1666 573
200 689 884
607 768 17
658 1347 306
1413 1084 181
466 450 529
834 737 79
336 864 580
181 1977 705
1237 2053 395
21 1482 97
904 768 938
805 140 852
695 1455 203
783 1466 694
1591 858 502
1008 867 968
1387 1748 465
390 468 318
1335 744 512
1897 2056 48
511 1760 662
1146 122 666
900 577 475
1869 1634 873
1419 1777 862
1830 549 561
1887 69 353
682 177 93
1883 478 923
622 509 736
476 1342 416
1765 1597 949
478 895 229
532 30 938
1151 165 855
1514 1640 402
235 1175 941
656 674 871
300 794 74
1350 1760 975
1466 768 383
1738 543 733
856 1469 928
886 118 950
1355 1214 959
262 165 112
1767 1763 255
1521 1829 893
983 76 61
1376 1569 847
275 65 46
218 823 251
123 1275 402
1521 2080 404
1848 1076 25
1446 542 420
1078 101 716
663 1999 175
1407 1045 978
379 1777 150
356 594 781
1738 340 873
1338 2067 435
1839 161 526
401 72 95
776 1973 504
878 280 736
2011 214 835
429 378 796
1371 446 204
1071 1709 74
1421 907 133
1281 1763 57
973 1664 341
584 1575 263
1941 710 299
664 55 874
549 938 374
394 851 510
685 398 8
1444 1060 752
1558 5 242
1000 1789 183
446 3 457
1527 1202 895
1933 615 130
410 962 823
984 1816 452
242 152 980
1160 226 288
783 835 426
2032 620 815
1867 17 531
640 142 939
125 459 313
900 1098 402
789 132 422
1611 477 568
335 409 876
683 1607 596
1329 1184 625
1157 1407 121
1598 513 689
452 1694 215
921 517 890
406 1 805
582 269 675
998 31 39
1537 448 926
130 540 604
868 1644 575
847 866 37
484 546 391
273 1276 333
788 1325 95
2038 1420 244
478 464 457
1644 2067 678
5 1871 98
1447 76 701
655 1591 546
1572 39 503
517 952 708
861 682 501
1338 859 1
1959 71 251
805 816 927
170 1516 552
612 418 15
1633 2090 437
1286 287 772
1935 1835 280
491 283 786
1226 91 691
1112 562 27
1830 1881 167
1471 476 785
2093 1334 121
868 1668 846
703 466 326
127 66 409
41 668 525
328 377 877
1688 1674 953
1818 1856 973
624 1945 315
1245 1032 755
1513 325 937
409 1348 587
2033 1847 92
1746 211 126
359 889 436
754 2005 755
349 491 808
1495 748 316
591 1049 219
1787 1869 187
1720 836 525
1853 763 417
944 1604 433
936 167 478
142 711 98
447 578 22
1979 797 117
1019 5 858
29 1550 157
738 1840 820
708 1177 876
1593 757 991
1662 1586 318
1387 1567 718
1826 627 676
1246 1282 925
1005 905 902
1019 905 965
278 1024 832
1975 1319 631
537 1849 56
93 763 134
1769 2099 35
1860 487 147
1141 591 866
780 237 94
880 549 181
1466 160 611
761 603 415
1623 1210 854
1878 902 663
607 349 261
25 1192 204
209 319 443
2090 956 579
900 934 926
1482 309 613
314 995 213
542 745 405
704 929 5
1554 1894 700
64 927 839
996 720 103
538 940 987
965 239 423
2032 583 294
268 241 677
1062 999 664
838 687 651
1008 1657 739
1047 1741 412
2041 898 544
307 1176 456
782 425 164
1495 213 928
1563 1246 732
1894 1127 281
1000 59 736
1719 1439 962
619 1753 341
593 578 216
1259 1026 95
1182 1311 572
1017 185 755
494 827 789
550 1762 520
1992 1929 210
772 913 227
116 1716 874
299 969 429
166 1736 861
883 1119 695
1050 1073 852
229 438 522
712 2023 958
2038 364 791
1154 1751 415
1426 2095 835
1920 1672 260
1942 944 100
657 378 39
1480 1429 19
809 1897 316
1118 138 61
1413 178 927
499 1830 745
482 1968 283
1678 138 50
956 455 152
585 1744 310
698 1315 354
661 1175 478
1722 706 312
1934 1761 42
1866 1656 973
2003 1084 41
2018 553 860
524 1963 189
1426 519 169
789 1721 666
1542 476 291
262 1185 962
1980 505 897
1272 467 380
2004 1642 857
1522 595 919
1590 299 628
758 922 415
1248 478 172
1360 1887 159
1571 997 695
1328 1128 847
1949 955 615
1150 786 625
874 1296 185
1745 1883 793
13 1287 649
1108 839 754
1179 243 296
832 1474 33
1290 1076 121
1116 107 5
1807 1101 222
789 1188 577
1286 1061 913
535 458 940
2051 1888 712
103 1322 155
845 1951 748
18 1173 614
1573 1158 596
122 1521 79
102 2005 981
968 1362 449
1223 481 621
1831 1789 888
1696 246 406
94 76 674
384 1530 230
288 333 392
1325 1902 338
316 1304 800
581 636 656
1338 512 707
490 608 575
679 298 512
1517 1767 841
1143 1052 753
173 1718 763
1416 243 42
1138 1879 42
1614 2045 821
72 73 305
1216 262 985
749 205 500
1654 1949 218
1474 1085 729
620 581 359
1449 1536 495
1734 1980 565
1676 304 554
1548 638 199
675 139 216
35 2059 285
1682 1602 101
1963 908 805
1325 932 901
1744 418 183
703 1708 376
1189 647 921
137 334 927
1659 695 853
1515 1505 539
392 233 138
833 1588 36
1905 29 526
1437 4 210
415 1786 293
1798 1576 840
1091 1074 41
2071 532 448
589 711 605
414 1523 502
872 17 962
210 11 148
1074 879 373
1184 487 87
1056 202 999
898 1418 667
1463 339 345
839 795 583
796 752 227
834 1092 458
352 1492 396
1818 1716 8
1964 944 121
1748 492 806
764 116 883
1259 1541 21
222 1132 373
969 1360 810
84 1710 790
1953 917 36
1564 937 803
1064 61 236
38 915 343
572 61 704
1124 580 467
401 1164 93
9 461 756
1018 92 448
885 1865 404
433 1841 11
1242 1150 631
321 1244 985
1762 874 4
1145 780 725
442 1375 310
708 1491 532
388 2082 985
749 422 907
138 1623 805
990 558 645
1964 312 937
455 1288 727
1567 253 584
1909 1019 792
1478 1595 766
1789 1691 476
1976 25 37
276 1277 289
2098 669 438
252 1670 513
447 2 310
1225 1021 472
1193 270 182
1594 1307 914
921 981 941
754 408 702
1781 171 269
403 498 692
677 1165 601
1399 768 200
1169 128 998
492 1157 739
1495 1145 773
696 625 405
203 1470 431
381 114 393
1851 102 296
2042 953 366
236 362 631
945 419 461
1548 1542 680
609 693 195
1051 1314 972
1144 691 782
1379 1479 328
544 454 13
2084 1118 193
641 174 619
1141 92 361
185 1183 829
1772 1040 966
1262 758 577
409 1859 565
415 420 647
397 592 289
1486 202 552
1053 1611 63
590 313 827
982 2024 530
922 105 74
1844 397 159
639 1630 577
1984 1560 484
1088 2036 97
1408 210 482
766 1767 7
1029 1086 511
1141 432 108
917 572 887
532 265 938
167 1729 499
1921 422 45
769 91 229
1501 639 966
2 1372 78
809 621 83
1184 91 760
491 1870 619
542 2058 741
1840 1267 927
80 4 770
1558 1555 196
1440 1393 257
1639 513 405
1999 2001 479
649 900 6
720 1908 537
672 493 34
2057 1726 618
2057 231 627
304 1182 477
1463 1989 636
1253 656 460
929 536 801
369 1544 266
1581 1981 130
1661 220 795
705 1569 195
1506 175 376
2089 431 625
121 1385 399
1432 335 659
898 704 281
1164 2047 736
556 919 928
1342 1268 210
230 585 644
544 1514 241
321 1497 156
750 1904 900
241 994 575
1250 1920 365
1890 577 165
1310 303 364
9 1328 27
1910 838 266
1888 272 567
2001 2027 712
622 2097 505
1472 35 652
2051 1997 264
491 1427 554
783 1261 249
1961 1291 325
238 716 514
1360 1076 452
260 1222 659
659 1433 139
1826 444 418
1133 1932 973
539 2092 662
1846 2046 373
2007 673 315
249 1947 805
803 1127 150
1516 266 641
63 16 653
416 1117 466
926 714 626
172 659 605
287 1785 119
502 238 22
1464 728 451
395 1674 111
993 1680 93
190 1300 823
1320 1562 776
1055 1174 748
1665 1880 75
1405 1727 274
656 1373 493
1770 1329 490
1754 741 839
307 320 243
1246 1946 548
1268 1866 891
492 303 229
2059 1108 260
486 1176 612
1513 1556 782
286 424 101
1128 1124 665
1995 1337 550
1363 1885 963
110 1776 168
999 349 85
917 1445 341
143 862 3
1465 1561 65
1082 1917 28
1625 1321 61
454 1343 10
1754 523 606
1382 646 861
1187 45 884
1162 65 835
1707 788 134
774 1749 578
1089 889 628
1735 1663 38
1250 536 613
353 1787 967
837 1233 971
118 571 736
1510 633 50
742 375 708
763 823 969
1977 390 623
1809 2082 323
915 286 80
989 1278 56
1701 1278 65
1240 844 639
1552 1968 203
1712 986 434
736 772 856
70 657 418
1094 321 350
1712 824 19
1886 1360 676
1950 1591 574
25 10 923
158 515 111
268 1142 654
924 1562 77
922 102 996
810 412 926
829 340 876
446 2082 844
669 203 738
2012 543 668
933 819 869
1697 2070 946
1903 906 659
1578 620 812
28 1464 563
399 93 806
1236 851 192
1140 1214 596
263 1027 664
173 18 262
225 816 145
119 1253 348
1878 22 559
1793 1091 589
1521 12 86
2040 1563 927
1182 1688 240
1312 1670 101
982 1460 317
532 93 372
221 664 672
1426 121 275
712 201 74
1178 697 925
1273 113 538
1344 1620 24
1486 724 87
1962 1378 230
1691 1540 758
1288 1613 603
1976 957 753
1385 1011 746
218 1782 765
1101 1356 573
508 806 915
557 1264 735
899 1526 598
865 1062 982
1672 997 402
302 645 617
331 906 672
1603 457 212
1638 452 813
192 457 155
771 789 100
1118 1581 970
465 754 632
1400 753 321
1356 1167 599
1604 1453 716
328 468 357
1790 883 395
120 566 729
1617 1532 281
924 808 151
241 366 620
1418 1543 397
1940 1191 627
142 375 627
742 43 128
1019 1542 149
