2700 5179
1371 1991 61
750 690 959
1548 867 441
723 1201 414
262 2064 73
1975 2326 131
1188 48 19
2334 1330 188
1500 522 932
739 1731 429
1770 2553 739
1328 1764 144
1635 2623 503
1737 280 743
2386 1219 115
1266 1751 542
1398 386 500
368 101 565
1014 1194 71
1865 2137 590
1840 2219 602
1469 1651 973
1427 1823 926
729 2261 448
1814 1690 476
94 1531 871
2407 1713 282
232 1334 978
2298 636 838
2296 850 496
17 2370 724
769 2563 570
2689 141 780
1135 2610 873
2472 1093 688
1180 1682 103
1898 1229 609
1014 768 510
821 229 81
911 1818 281
557 134 690
2514 50 809
2073 268 203
183 1962 768
439 133 757
2516 899 381
980 2586 954
2157 2675 369
2582 2436 889
2630 1738 327
1825 750 163
1819 1258 637
2068 823 443
2259 435 302
10 7 862
1338 104 716
1433 1653 298
771 1630 956
479 1016 181
1954 1051 638
281 1359 944
323 1759 854
2095 261 733
850 310 785
539 2056 213
1506 2019 493
1180 1550 103
2335 717 206
924 2615 650
1977 594 160
421 946 251
991 2263 902
1561 1941 791
753 120 841
1430 1301 881
347 716 978
2341 1052 722
2389 230 356
407 1592 908
2221 2584 104
2039 874 733
737 1266 400
1289 2278 500
1670 2130 209
1052 2059 722
2094 923 972
202 880 640
1824 1074 638
2444 1585 606
2392 1664 731
632 1298 173
1367 1242 226
315 2609 895
930 1742 651
2363 2585 863
2162 1492 442
287 723 643
1935 1121 511
0 1417 610
664 57 369
2009 1208 543
1919 1857 613
449 2591 260
2343 681 360
618 693 177
2181 232 882
1134 952 322
752 152 747
460 1360 955
677 1917 98
2389 785 989
2384 1857 374
1582 1638 532
439 105 644
1431 51 512
1748 2106 565
2364 1075 951
489 2334 757
584 1614 545
176 1510 712
839 1027 160
2572 119 783
2624 1042 376
1801 1977 454
527 823 731
2304 430 827
1750 1064 520
244 736 127
876 654 631
1273 772 736
987 1692 760
2488 2310 801
779 776 34
2121 1047 284
1676 820 550
2154 2570 799
204 1654 820
2379 549 773
288 1365 403
409 48 945
1270 354 461
2527 2304 834
1977 2002 447
1575 1655 530
1833 513 503
1224 187 587
797 1280 903
2591 98 678
1652 536 333
138 1225 164
2342 2363 725
646 1581 959
991 1276 106
414 2266 257
2126 2440 15
2107 417 748
2151 1378 167
1567 2411 334
2132 1039 312
2591 384 29
2389 654 604
798 376 95
1127 2063 588
1674 934 527
2077 1514 55
850 1365 238
225 2620 720
1159 125 1000
2095 2312 890
403 2298 302
1614 756 942
591 604 383
1677 326 358
802 213 460
940 200 598
1770 2652 130
2519 599 765
1223 178 181
2083 103 16
608 389 556
1410 247 125
574 41 584
309 977 447
2351 123 801
916 350 104
1830 28 72
1771 783 873
2233 1156 209
1091 2658 344
2112 903 46
1475 2229 938
2296 785 294
2699 1180 599
481 801 217
1594 969 534
2373 2086 539
676 1006 772
212 1511 819
1695 2651 853
739 2377 355
2090 1598 553
2103 300 898
2514 1154 681
467 807 410
1525 1638 618
545 535 392
2542 1427 276
2557 1209 251
2108 1092 600
2220 176 135
802 2440 14
953 276 101
1115 925 298
1037 2218 172
2267 1665 115
1724 460 620
2075 251 636
145 188 80
2156 319 545
981 2304 161
1955 2588 129
1531 495 653
151 1949 439
265 784 86
1521 966 180
2341 1612 683
1607 1612 290
247 881 682
1863 2401 861
335 1822 407
1164 946 34
2228 1785 804
2405 2613 830
228 237 332
2170 1443 937
799 2527 54
1370 489 140
1111 716 738
2504 293 868
2325 1625 785
1736 763 690
1934 2049 72
2477 1283 979
2382 2321 896
2541 1250 273
1707 1688 103
1475 1070 459
860 1203 90
1288 2038 972
1795 610 436
416 520 260
604 800 193
473 392 359
136 2027 289
2220 528 149
499 1173 113
133 38 407
2050 2023 745
123 1842 715
818 135 871
811 534 829
463 1257 718
773 1840 665
2187 2006 79
2155 1915 67
201 2451 26
17 1315 562
885 1546 1000
381 1748 361
1758 238 822
1552 718 803
1190 633 263
966 746 585
1390 710 522
2052 636 620
1303 1123 750
895 521 677
1620 2275 626
1877 1880 989
929 801 249
1039 2131 418
367 1723 817
2547 649 774
255 2404 908
2283 1365 598
2187 1991 661
527 1940 239
2173 1511 443
1725 1411 788
1165 788 614
2542 1824 431
572 72 294
2405 1371 824
812 287 941
2159 505 960
1808 1372 944
306 2686 614
2191 1733 877
409 166 720
1971 166 139
921 1483 972
1372 2070 361
167 2316 843
1507 856 715
2459 1036 664
1254 2118 522
1141 955 941
276 1874 349
1885 903 163
2315 2218 826
2264 1756 868
192 1581 323
1180 970 372
497 1849 874
731 2176 635
1513 1968 6
2104 2332 577
2028 298 237
1658 309 481
1569 878 927
990 1165 24
657 426 200
1027 1835 288
268 16 908
2118 2425 955
1153 2655 926
524 2050 819
822 2117 402
2476 1609 242
509 704 724
526 2259 23
2483 1865 260
1483 1821 970
2114 2360 605
489 1317 106
1625 611 792
1103 2046 562
2290 370 259
1301 288 514
1930 1078 849
2023 1492 414
1822 794 868
1390 421 645
176 1375 285
1222 1924 76
646 1514 181
93 347 430
106 1604 180
1109 1965 532
918 2045 301
1694 1874 408
868 2000 595
2091 489 901
2615 1034 672
690 2117 107
1990 2627 164
653 2035 634
168 1686 871
1301 2339 772
2038 1112 363
949 2208 554
1527 2159 481
501 356 482
1672 109 158
1285 995 406
2192 1451 208
550 2037 12
1420 1438 81
1789 914 893
57 1696 770
222 1498 710
2440 151 276
94 607 619
395 299 43
998 887 946
2407 1376 635
1770 1491 864
1117 2482 708
2068 1304 940
886 2148 225
665 891 260
2303 1336 466
2355 2455 679
1345 2406 409
182 2697 560
182 603 965
2028 2519 828
458 1269 90
875 2162 320
2479 1620 627
2119 1535 913
619 1623 102
1743 1595 964
218 1653 448
2326 1867 710
787 2364 942
2641 361 837
2654 1613 869
2299 915 323
915 2079 987
1439 1974 788
571 454 227
1352 1319 126
2514 1941 133
1181 1021 485
1840 1745 851
2336 2467 489
806 2420 145
2504 1153 179
658 1799 963
769 2669 329
565 2665 490
396 739 733
2517 451 350
1858 1373 370
2410 154 943
2641 743 853
2130 2345 857
369 2109 870
2277 1853 491
2083 1094 641
1780 2368 742
1596 1502 589
1647 182 166
416 746 594
1985 29 415
128 1458 399
550 1828 759
2382 2578 50
304 936 593
298 2019 589
667 1405 667
2211 372 555
496 2180 865
815 1997 726
1048 164 437
1097 1809 961
119 2011 880
52 413 702
2297 2618 243
1224 2033 80
2262 707 87
1083 216 945
1964 89 74
1626 2005 434
1662 1433 15
553 1415 541
560 2400 63
1053 930 905
2160 2688 993
124 1651 135
642 2446 554
1877 1418 675
2565 2408 428
138 2300 28
1131 46 800
1241 1914 810
1804 2044 160
1735 1191 881
2562 943 13
2341 2535 378
346 1105 894
888 1406 837
856 1654 899
1238 2454 565
1489 16 378
1277 1917 770
2582 1832 386
1168 773 907
977 911 774
118 796 251
399 155 653
2030 1995 109
1140 1385 828
1479 1519 455
1797 1465 606
1952 232 832
2592 156 672
177 1057 133
1974 2315 406
1962 322 990
1040 1629 728
2697 2357 225
1592 1629 228
925 2668 487
1067 414 777
1019 970 195
1338 2607 217
934 869 615
400 2020 168
1108 263 727
1388 1840 653
1260 1296 937
336 916 745
490 2255 223
1293 342 592
1815 1939 792
1726 2384 831
1877 872 165
2184 1941 104
1888 147 62
914 2611 705
2582 356 654
1121 130 915
1801 2399 701
1649 1898 774
2628 731 241
1030 529 585
2516 2617 106
912 1022 981
2151 2276 13
1070 1216 936
1736 2123 209
2012 851 427
1721 1874 537
13 1119 708
815 1817 548
1406 999 922
617 212 405
1586 632 499
771 157 621
489 1488 386
1651 1422 190
1919 2658 410
1745 1144 858
2429 1276 935
1550 1563 440
1455 1239 758
44 1115 279
294 51 703
501 1352 197
1183 479 538
2152 1439 430
1102 1511 822
2100 645 618
1518 1576 32
542 1558 316
1348 1269 536
1488 1536 121
1038 1829 7
1797 1040 197
1578 2128 738
1561 1128 777
553 1887 345
530 1729 15
1654 1754 14
1308 2128 570
1240 1816 639
260 1756 339
422 1294 721
1222 2616 934
756 377 539
2323 1045 999
1566 1889 491
2351 248 754
2055 2315 648
2656 2208 745
1335 2362 571
2366 1585 795
1118 1186 121
2099 1175 262
1753 801 380
1225 886 436
1709 1170 380
277 234 904
1641 749 960
2052 796 579
1499 2021 186
757 774 341
149 1526 935
1243 686 396
1117 1094 445
80 2160 36
974 1685 204
1265 167 110
982 1058 5
13 956 402
1906 198 196
2065 1897 642
206 1732 424
583 919 419
631 2545 692
1664 985 387
1739 163 717
2192 61 651
291 893 607
549 605 159
816 2410 164
1675 307 771
2636 1454 721
1092 22 996
1865 329 365
373 229 577
468 2659 354
82 1458 87
2168 1238 907
606 132 784
2059 179 627
538 1825 326
1700 811 515
2373 409 190
2597 2361 150
2638 2516 517
703 1486 646
2639 286 284
220 431 301
1921 1319 895
2274 1532 704
313 417 200
1731 212 74
2565 559 227
1793 2019 67
2621 846 341
429 2614 590
1254 940 999
2289 2530 797
1440 2565 652
1532 1262 769
1268 1840 665
690 2167 409
2228 351 644
2562 2364 125
406 1092 240
409 1596 790
998 1351 364
2214 1460 607
2132 2408 345
55 1088 546
1835 2669 169
1900 411 547
447 671 54
2516 1401 545
44 270 466
652 1863 42
1733 1296 74
1397 2154 518
1821 1213 248
932 2156 627
187 300 240
1421 1471 470
6 1483 555
313 1499 700
2359 2608 410
738 1373 493
633 1379 496
1999 1630 403
2291 447 166
1311 2605 438
2536 2258 918
2606 2420 902
601 1983 843
246 310 444
2338 2101 383
1047 2560 635
1274 2030 17
2374 2654 15
1670 600 411
1639 620 141
1982 2627 896
1638 2614 477
32 1556 839
2155 1150 532
505 2402 215
2085 1433 102
2456 517 493
2288 2202 383
459 489 53
197 531 874
566 2495 717
1198 2125 977
797 1453 605
442 2023 346
2579 902 505
2641 1135 685
1792 1101 203
1426 1775 25
807 1208 326
1023 2045 464
2445 310 36
1204 1797 814
87 326 149
517 1637 185
2187 1225 666
2110 994 128
2254 2344 41
2396 1521 728
2086 1397 46
199 2432 150
2268 1120 146
2020 1407 120
1236 2281 886
966 1437 201
374 2506 728
2390 407 970
921 2182 262
2288 847 583
870 958 451
1575 1425 848
2620 1858 771
1981 2403 38
2347 65 215
1854 2310 571
861 1810 787
1075 1757 202
946 402 108
1058 1153 634
1107 2222 82
1244 1219 588
47 2649 123
647 611 631
347 424 550
1798 553 80
2059 483 341
1400 923 48
651 493 66
2268 301 42
886 1818 397
1641 448 390
1860 1103 912
205 2497 653
2574 439 805
352 118 230
971 1169 576
1905 1861 785
531 626 269
2099 2665 178
2191 288 254
1912 332 936
2398 2553 872
725 2061 91
2165 2257 432
1900 307 733
1494 2602 576
635 1166 557
2390 428 413
117 405 136
1521 2387 426
16 1148 31
2533 1611 338
24 1334 193
465 1020 492
2397 1391 526
704 1173 727
2686 2098 823
2342 128 930
2515 601 325
1144 1629 87
279 1082 941
2224 2244 247
2 1601 675
786 2392 789
119 554 314
1693 669 768
1552 2396 673
2667 2170 521
1881 295 786
1522 293 533
1780 2139 366
2140 232 179
51 2440 5
479 907 560
865 2300 105
1418 128 352
2374 1732 187
426 1344 895
23 1975 915
1279 710 775
683 2142 921
1205 1029 470
2136 1796 615
862 436 184
1894 1676 188
2522 2151 916
211 2326 423
1078 217 699
395 2487 609
2485 1761 448
1746 2231 156
2367 2179 268
1459 2657 589
1680 1334 669
2187 1380 794
599 547 327
1887 1402 215
1704 2019 663
1695 1101 709
1371 377 727
900 2665 551
0 315 57
1359 1786 292
1098 749 953
1642 1510 410
2003 18 647
1119 1905 33
1678 2444 758
699 1496 404
2036 2652 190
1264 2123 122
2298 1593 454
2191 2180 42
1385 1805 587
133 646 607
1997 1921 952
327 274 218
2385 1282 296
714 1448 440
1780 829 862
1282 1973 680
1131 2626 515
1787 298 810
2128 1216 918
2340 1974 831
928 1879 112
2604 2561 175
1058 2496 101
1158 1270 577
2134 2155 934
434 2338 408
1980 2611 92
1892 188 845
75 2204 48
501 518 759
2150 1287 501
692 403 899
2644 976 241
1888 1712 661
2338 2485 959
1451 85 413
2062 1058 41
1135 107 140
1418 1464 813
2025 1212 173
1531 1013 823
792 1048 603
1994 2098 526
337 1446 534
2123 515 404
1094 1329 308
138 1117 901
179 1460 689
2294 587 695
99 1133 835
2326 1312 265
2031 1013 38
1146 84 591
853 1595 542
1737 1244 280
887 1793 124
2050 327 474
748 526 468
1285 66 365
472 2429 94
2170 943 867
2678 282 99
773 2363 34
1422 1534 307
1579 1112 506
1171 294 250
905 2323 143
2051 1565 922
1127 1325 302
1344 2063 359
938 2055 824
1243 2698 95
573 459 709
492 1876 798
630 443 813
1970 2562 245
1198 980 195
1399 244 103
476 2360 395
2381 1902 472
2448 1309 632
948 2224 379
1445 939 793
2410 1354 687
817 468 99
2581 779 531
371 514 734
1756 1072 492
2477 1242 533
1145 2169 317
2555 511 38
653 1710 73
1297 561 73
1746 1100 564
241 1900 652
216 419 920
1055 1882 630
1029 1782 763
1544 58 434
889 1610 5
19 441 118
1303 426 94
368 2311 987
719 1365 564
1556 10 440
1662 2386 165
2616 875 26
960 340 210
2340 325 338
1669 471 86
1518 1158 837
2601 2614 681
322 543 754
1713 456 301
1598 233 922
443 1597 533
1637 1916 795
330 1197 163
72 1846 26
46 2191 997
683 1792 236
1194 987 632
1661 1654 83
925 2229 199
181 2557 675
2457 1458 991
771 1410 959
929 2592 972
2138 1682 225
2065 576 589
2386 470 691
2295 1539 909
218 568 743
308 881 613
503 639 707
1125 454 208
1248 550 374
1917 1052 843
261 780 17
513 930 649
340 1715 412
1932 1132 547
44 2320 693
2083 1350 504
1396 432 905
1427 1923 750
1381 2114 55
1637 2387 452
559 1348 449
522 1857 313
1300 1873 56
292 1201 907
1844 2305 131
1822 1277 17
2660 2147 775
1353 1960 815
1397 2088 776
1875 2329 782
1396 2602 536
2658 1898 797
2202 469 967
727 1512 332
844 1603 399
2020 2287 763
81 280 485
2679 1064 504
1851 1020 339
979 1116 678
1760 788 666
1677 1768 134
1725 556 646
2457 2626 975
1807 138 861
312 2400 956
286 1749 233
354 2250 201
2586 1238 249
2185 1439 474
1965 2246 381
2256 1790 121
262 88 897
2219 666 928
998 490 605
436 358 666
2519 1870 583
1433 2050 628
1907 286 400
1326 2473 594
553 586 74
399 1417 703
718 863 370
267 384 37
720 2277 429
2168 1943 315
1301 681 874
2276 324 941
1675 2646 19
2608 975 28
904 1813 119
1215 812 828
2114 2290 824
515 1045 648
1983 1192 965
1186 574 279
2544 446 267
161 1186 516
772 2257 820
687 2423 896
267 1304 103
535 408 764
2550 1040 800
2164 2679 175
2686 855 192
639 1913 950
792 310 644
2563 2295 269
765 1449 202
1452 1242 380
1627 2187 984
2271 74 470
1149 2458 861
939 753 157
835 190 17
1267 2359 929
236 696 277
507 2112 623
306 1951 744
579 61 103
1001 1529 382
1979 1630 811
1662 1230 524
49 1817 493
248 1974 460
2338 1636 229
2400 2152 337
101 368 286
1595 742 887
38 1580 375
1794 2009 251
838 2425 945
308 2459 925
2446 1796 209
2114 2338 972
2622 826 507
1312 1741 730
1623 2514 678
1437 1812 889
228 1440 410
1354 1180 642
1123 198 30
2123 1993 99
1032 2477 398
1470 757 782
1810 2519 812
2501 534 554
75 298 765
1126 417 836
741 1811 812
1991 2203 693
1894 901 339
1289 146 561
331 1792 771
2557 928 917
2310 2576 116
1891 2391 602
358 375 922
1167 92 824
1755 2410 423
2616 1791 8
661 36 249
900 68 857
1198 939 687
989 205 56
245 125 892
1626 502 532
2468 39 688
323 1876 322
995 1121 141
241 2273 840
929 956 843
1574 1286 145
1044 2537 725
1532 2042 567
861 801 279
1303 1931 129
1079 2545 712
230 2200 960
1399 874 421
117 1232 958
868 184 789
1886 119 940
2039 786 312
273 1913 289
2290 374 375
1017 1738 518
846 704 702
690 433 853
284 2512 299
1025 856 387
743 2342 190
1304 2301 551
2016 1359 878
2138 2427 722
1240 234 888
1158 1796 557
833 1546 514
993 941 206
2400 1075 178
1971 1526 724
1015 814 261
200 2040 62
715 243 805
1457 1035 980
2214 335 559
838 1576 998
2114 565 428
2292 1363 609
2515 1364 494
1101 398 295
1314 2022 309
714 817 904
2479 644 607
2130 512 282
2500 1527 887
1068 2150 729
770 2472 3
1746 65 715
1413 594 424
1463 1020 819
156 1935 412
1281 2132 793
2144 2430 520
2502 1551 963
332 2185 179
136 2093 354
944 301 206
555 2251 734
1985 604 87
1320 572 732
848 920 366
2304 616 37
1999 1628 268
570 2089 230
1581 707 781
54 623 928
298 1592 686
452 585 821
1772 703 850
2278 2462 946
958 131 680
2621 715 68
269 336 209
1161 928 588
1456 102 70
1309 1427 107
2588 2636 14
819 1368 846
1865 834 371
1676 564 697
1898 1430 316
580 1640 319
1845 2074 768
552 1036 605
1516 909 673
1922 2402 358
1209 1861 650
2234 1163 597
1093 1140 470
915 1601 888
2258 966 958
2222 1481 859
1882 575 391
615 1253 97
2555 636 125
939 1833 788
512 1293 781
2574 1790 295
566 1813 406
674 347 568
1358 1702 412
160 2512 545
1 284 788
2404 2125 577
1936 1952 117
402 1838 136
2591 2215 309
883 1578 139
2567 1496 97
1865 1519 595
669 1687 868
2243 1795 75
1750 2143 759
994 713 629
1267 703 268
2233 672 522
227 843 659
1092 825 12
1587 1964 241
1844 2400 296
1996 445 53
1251 680 280
1647 2252 821
1436 2277 278
986 601 746
1431 414 443
758 2458 276
1775 391 429
2108 880 218
2297 2417 639
1050 577 924
1817 427 811
1079 1957 118
842 2168 802
1838 1345 805
673 924 156
2174 2215 565
860 1877 94
821 2221 417
2226 930 46
2029 773 363
1986 1917 629
1799 1477 712
1503 703 125
1465 1129 213
2297 2580 401
686 677 643
2309 1811 597
2403 1195 428
1957 2417 106
1378 2283 171
819 1988 718
1073 2281 973
2323 1648 776
748 1982 877
129 2420 499
1134 140 418
304 139 224
778 62 933
1807 591 52
1156 1537 992
351 2346 123
1916 716 940
957 97 714
673 1970 229
620 1467 664
1894 1843 183
2119 1864 849
2648 2373 420
1145 1579 11
2409 1958 806
707 75 15
2671 26 272
1078 1340 176
871 1242 101
140 1463 539
2422 409 978
2501 1796 16
43 2692 154
2651 647 658
1014 1159 112
2616 1222 43
2610 2327 748
93 1552 212
2367 1499 643
1271 1947 966
1006 416 165
18 526 492
1663 850 52
166 2483 971
846 2567 916
1449 2310 973
1289 907 875
1583 1495 358
819 2187 825
1693 601 64
971 1836 348
1035 1269 952
44 1234 206
1400 594 170
2369 1157 752
1303 2659 28
1263 1798 215
1424 625 475
539 343 29
1098 888 895
805 1763 342
1126 428 458
866 1847 914
781 1004 908
1582 2009 901
2484 514 613
562 1046 34
1413 1424 620
1507 7 664
691 1911 437
627 1820 987
2534 411 300
1540 1459 31
786 2019 38
386 2565 707
1998 1231 241
2185 2478 389
210 1240 20
727 335 998
767 239 110
256 2153 377
98 203 34
214 1495 192
622 1321 573
726 849 462
1159 2157 661
619 95 819
1862 2113 419
1448 1695 617
1265 703 854
1271 2596 77
681 683 334
2125 2095 382
289 117 997
60 1566 480
674 1870 34
978 2287 40
1303 302 793
2073 548 246
1317 346 65
1485 534 820
1857 1825 717
1608 1787 664
2353 182 56
1994 2418 248
2343 314 493
2594 1642 987
759 1563 845
2524 563 501
990 223 934
1229 2280 863
369 878 773
1921 98 629
2415 563 124
1348 2375 620
1473 2220 388
1103 2530 804
2200 154 925
1868 1916 946
2616 1441 862
1923 611 135
2253 2095 596
342 2357 756
235 2015 586
771 1320 868
1618 2163 648
2466 1419 498
2432 1894 14
1495 1682 614
2253 2609 51
78 1037 249
891 285 445
1655 735 274
1136 1391 264
904 1734 800
1740 1654 324
805 2122 451
1061 913 844
2654 1946 360
529 690 300
1615 1022 270
949 94 654
716 176 169
1766 44 553
2638 2366 252
741 964 425
1959 1528 812
2108 666 488
898 2195 354
639 2448 407
1756 2312 593
2439 1500 352
2489 2113 734
2661 2539 216
1124 1890 831
1328 1028 783
874 288 529
19 1608 304
1501 1757 171
2391 2622 188
1365 1611 475
114 2296 79
2453 457 406
1915 1776 836
67 1967 784
994 2637 98
1381 2225 446
283 1862 526
1809 434 213
2429 814 8
2665 1040 848
1821 533 33
1447 1043 974
1544 1378 448
2536 1619 279
85 774 933
353 1026 704
1831 1708 71
2589 1130 357
448 1734 14
2297 2389 654
960 644 653
2540 722 829
17 1680 788
497 2065 978
2416 2541 559
1193 907 289
1265 1976 848
952 1028 626
1625 1355 432
928 612 718
1402 1299 689
1965 1117 749
449 2659 537
1006 892 953
897 12 99
75 662 577
193 645 616
951 1233 157
682 786 840
760 394 330
439 1895 654
368 2683 716
1538 2428 345
1258 1409 480
109 169 689
1080 2358 679
2028 14 437
2421 605 566
2310 1601 56
1556 1905 18
2688 2533 978
1962 483 907
171 1617 373
2340 307 408
1380 1143 920
2519 1176 39
1943 1027 501
2093 2080 959
321 1941 921
2535 1440 316
2448 109 708
1413 558 88
1067 1474 495
1867 1256 918
450 1106 405
14 782 535
626 2189 638
2289 2387 785
2183 1046 445
2371 2205 291
52 387 216
949 2294 501
2410 2054 207
1948 137 378
520 626 887
2601 1233 137
457 1111 636
629 1156 779
101 126 388
571 2259 153
2121 1693 545
1283 2429 232
2401 2135 790
2671 2483 253
516 183 218
740 1098 326
1976 604 543
1948 1481 944
1261 2511 446
1320 1342 100
84 1075 560
97 1615 954
185 2180 857
1373 148 982
1776 1330 267
2270 104 995
406 1233 846
752 2671 980
1373 2258 248
1495 736 988
310 1025 582
2229 978 410
1066 2667 705
461 1070 875
1402 2272 210
1546 116 645
975 716 784
2643 2091 203
557 938 477
1439 2266 240
1229 1597 552
797 2408 430
1333 2010 254
1438 254 578
2557 1791 393
1710 1843 16
1543 2419 417
1571 2088 853
79 2627 524
1631 2072 610
2695 603 677
1583 35 109
487 124 958
2048 2594 144
318 84 297
791 2689 138
2525 823 921
2014 1710 183
1165 1652 537
83 1275 826
334 600 654
714 2483 6
2108 1108 294
1049 400 375
376 788 966
1450 1403 280
1717 2393 738
2068 510 354
2392 2582 271
1378 299 539
831 945 712
1629 2072 938
595 2391 772
403 1801 913
621 77 498
1206 2148 924
302 254 733
1904 560 49
2676 1832 837
722 892 976
695 1896 325
53 2369 816
2504 1192 856
49 2392 141
1285 6 729
1481 78 666
369 592 242
412 1166 289
1380 509 54
1584 317 567
2210 2651 858
1589 2522 928
422 1003 835
1694 217 156
83 2059 248
1374 2326 751
2498 2296 101
155 1724 431
460 1169 170
808 2342 68
2310 2503 849
933 2316 486
1816 101 386
2644 1833 685
1829 2588 660
1528 1353 685
2622 1027 602
2237 1523 603
835 1916 846
1637 1590 922
495 95 138
1988 119 331
905 456 341
1797 2093 80
2169 1914 497
426 73 368
2006 1877 221
744 48 444
2692 680 360
1368 1038 839
1944 1816 740
239 2609 239
1554 1029 717
1409 2384 687
1988 1575 396
2111 341 104
481 1148 227
505 485 148
491 825 945
1313 18 957
985 2616 735
533 644 80
2201 832 730
959 1916 295
145 2292 198
1816 362 413
2101 2001 60
2548 1165 591
2303 2174 42
1841 1931 555
1297 1220 289
2257 268 513
760 1535 764
1750 580 193
1649 1593 152
1196 1215 299
2350 2181 525
858 2278 339
1170 2154 741
1801 191 154
2032 1137 885
179 2359 448
892 2401 369
1515 302 506
1864 448 309
2516 385 709
508 139 372
73 2253 432
176 398 296
533 1164 3
464 2042 158
1139 1395 566
1068 2106 397
735 939 25
2010 2500 93
94 761 218
2648 1818 576
1308 146 54
1656 1452 728
2028 659 835
809 615 358
817 1724 502
371 1963 522
2200 1600 969
463 1580 24
2540 1832 656
2099 1917 425
680 1320 64
1458 1369 695
881 2316 617
538 2517 862
1672 2322 113
2162 2470 599
232 17 991
33 510 439
1141 2357 837
1829 1158 679
844 2221 453
2298 435 968
1936 2031 607
858 1838 573
1071 2415 751
1449 1616 664
790 1721 381
304 2291 575
1323 1361 91
424 121 623
2596 703 35
1391 2062 980
2469 501 124
1550 1519 676
919 1745 276
1228 2509 266
1373 950 858
717 212 52
1309 440 534
200 419 601
1994 1363 810
578 2195 950
2164 2 673
2433 93 685
1623 1009 230
1689 686 684
1877 408 451
1180 1748 193
1587 325 778
1034 1529 268
2444 1805 828
1008 714 91
424 207 228
405 2498 456
2620 1848 458
1786 1644 572
1240 2413 555
697 1782 590
1084 2658 183
1287 793 92
2005 2606 24
2065 2370 255
308 381 585
160 866 396
625 861 924
225 931 390
1762 322 816
158 1916 374
273 1394 152
1804 63 955
2209 2611 888
1195 1762 24
2336 2275 524
31 909 898
715 1934 797
223 2568 366
1194 2114 860
1108 2284 285
2306 289 813
2374 2219 611
2402 947 14
125 541 322
1886 429 655
2051 1180 172
1307 1828 167
2251 2265 673
996 1221 721
298 248 153
2172 554 20
1959 221 997
1190 179 342
581 1722 858
359 963 540
1476 2392 70
1270 995 134
748 2663 114
1475 1033 187
1386 1131 272
943 163 607
1753 1367 730
2606 995 739
535 2364 730
787 1562 49
2649 1198 748
1395 1773 867
993 932 143
990 360 712
101 447 315
1508 335 34
1176 723 977
396 436 642
876 1665 140
1321 1363 989
682 130 128
1949 1027 327
505 1652 171
404 636 412
1665 808 718
1815 58 224
684 874 316
1014 1525 612
2492 2 141
905 614 943
2095 490 964
1007 1713 278
215 1953 904
167 1470 638
263 986 877
358 2317 741
466 1107 185
2202 2549 948
1921 1102 786
671 1244 582
2489 522 549
1109 211 281
124 2398 981
1537 551 992
553 390 905
1440 1483 362
313 2269 667
1381 1426 771
366 1278 432
1617 1023 911
979 868 64
1250 2399 77
1532 2052 252
1309 329 786
67 2081 460
2192 1830 352
2069 2065 653
708 409 826
2303 2596 361
1511 1501 528
1134 1204 930
1548 2636 830
1979 1252 904
1073 2005 793
198 1117 410
517 2412 700
165 104 384
2227 1215 198
985 1607 310
453 2181 176
552 749 819
2693 2514 229
349 1663 342
1716 1681 706
1460 381 221
1718 753 855
904 1723 30
611 1203 888
729 2602 450
2699 2054 347
481 97 996
159 487 106
1450 1400 754
1444 117 778
2120 397 816
1678 2414 627
5 556 931
644 2214 982
1069 2467 184
2628 1388 965
760 145 140
2322 196 516
2028 2131 894
159 2029 613
1954 2227 665
741 1055 545
2297 359 928
1764 600 14
2361 1028 296
557 1053 850
2191 2175 410
1356 927 801
1212 1264 200
1509 2360 124
2640 816 322
20 475 801
578 2276 465
2045 2643 51
1596 1959 769
2521 472 197
1070 2049 740
1684 292 550
906 969 539
1912 726 750
1125 2095 991
1187 426 576
2280 52 531
2404 1347 31
818 2653 973
126 1445 666
777 156 716
1739 222 12
297 2114 920
188 2164 628
371 2103 447
2547 2252 819
2501 1718 172
695 2642 603
1107 1088 765
2014 322 527
1155 2078 89
1614 1300 389
773 311 546
1273 1346 331
1687 1114 173
1393 818 680
1369 2156 870
189 967 507
2585 241 764
54 2465 385
915 502 95
558 213 629
2164 2215 221
2598 1778 249
2076 1222 303
2605 310 982
849 1855 203
653 910 306
1382 328 38
1064 1640 474
732 876 52
2075 2618 184
143 2516 974
909 1259 931
1186 494 833
196 1438 340
1657 2029 977
1471 2370 786
1314 2126 339
959 1786 666
309 2267 79
1445 2502 202
2604 1659 703
1562 1076 714
1946 2576 481
1066 959 937
2219 1144 142
274 541 92
1093 2204 380
2315 108 610
866 2622 755
1410 2667 669
2156 92 899
2444 1554 894
768 1220 761
599 272 647
2576 583 821
1969 1902 704
610 2523 401
491 1757 422
849 807 96
1837 376 431
802 1992 790
2468 858 333
1964 1781 504
693 2639 278
2538 741 29
736 758 863
2047 235 214
451 2106 822
2090 1803 292
849 319 50
2606 2205 105
1434 2128 973
743 53 365
2270 621 598
2074 2540 483
610 1114 976
1477 890 71
2661 2508 372
264 2487 81
1069 1599 971
760 482 738
713 1108 211
403 1653 130
1029 1065 209
1975 1304 333
1929 1856 308
1062 1960 193
282 554 703
531 2319 918
583 2023 366
1681 1820 186
71 304 658
699 1699 637
1967 2124 108
2687 1928 166
1613 2406 849
505 1239 166
1904 2324 882
538 2438 869
1172 2630 948
1417 860 897
1709 926 583
2051 2382 990
2345 1277 707
2668 2050 784
377 1923 733
1417 2616 933
2542 1090 43
653 1792 636
448 352 421
437 423 568
1057 2690 667
312 2254 612
1098 266 702
1904 725 279
1640 2568 781
1364 938 948
66 2337 109
1986 2559 775
1930 1642 647
1300 1224 950
997 848 182
1966 1850 498
1631 164 520
2265 1243 103
2418 2328 849
354 1019 742
1847 341 207
728 129 449
105 436 665
945 1130 455
92 475 408
1034 311 632
739 1227 518
1556 1021 516
1890 2588 536
1228 1070 995
1348 1590 99
2223 812 450
969 1560 239
1463 1009 714
489 2432 538
2485 488 551
216 2339 268
24 1984 830
866 907 443
2500 389 230
1670 2520 307
2150 2419 994
2240 1328 604
2627 2597 67
126 1234 708
2673 2313 548
2640 744 844
2040 2383 323
1540 2259 133
1346 1077 175
2511 375 152
1386 2526 931
2044 331 622
714 981 281
995 590 303
956 1883 634
1117 1724 13
1215 2038 948
2179 2276 946
2085 1578 469
796 1444 904
2055 2075 283
2455 934 251
1224 1529 646
2011 691 503
859 2554 396
2610 1605 343
1504 1771 73
657 1896 452
459 1507 908
1004 1328 558
345 467 628
105 132 938
1385 731 179
1962 95 792
349 352 881
958 1814 993
99 2218 125
865 2111 626
379 2414 834
802 502 148
283 1592 402
708 1744 614
2699 996 417
459 519 473
1283 1862 531
2121 722 738
1231 2493 282
1679 931 664
299 250 617
2001 2072 695
1369 866 670
1948 2343 103
1667 843 756
209 2206 282
345 2549 750
76 301 88
2244 351 509
321 1750 600
2442 927 890
35 2003 333
606 1771 433
1877 1278 547
1785 524 68
1955 201 668
1532 1234 227
1687 826 874
378 336 949
825 459 428
2334 524 941
831 740 909
152 99 450
2577 1744 874
1049 878 762
2419 616 766
1428 1962 267
2618 1891 181
1288 905 475
1311 1071 148
2038 1525 882
2352 1065 700
1121 1542 748
2610 1616 618
185 1976 187
1794 1876 456
326 1009 106
286 984 348
1013 985 334
848 944 174
576 1528 851
625 247 970
394 1389 269
1793 655 245
2316 1049 450
1060 2491 886
2431 1588 67
472 251 661
1725 1108 591
2325 2459 720
2448 1772 162
1901 1344 384
1501 986 215
2059 2321 81
1794 1582 640
166 46 570
286 2169 493
506 2678 773
974 2679 975
2091 771 492
1648 1484 572
1602 1967 538
570 505 358
2474 585 261
2067 1792 255
1428 926 301
2488 1665 256
754 992 825
676 126 504
1827 1118 685
2023 1794 784
2400 2504 380
1930 1889 330
1185 2601 568
2148 329 167
864 1441 366
1906 1312 635
402 1800 962
731 2076 948
858 1241 482
1590 400 97
135 1817 437
2328 57 494
1948 1084 945
716 136 224
1349 432 50
2697 7 439
668 968 136
2183 1742 757
536 1327 93
2297 864 903
1795 381 995
1300 1490 883
566 1289 336
1253 422 115
1148 2093 353
2039 1006 768
324 2130 750
1891 1533 745
2124 1229 53
324 845 850
584 377 377
65 2198 475
499 1598 126
529 1461 932
327 1423 550
2290 2470 493
880 2043 22
1578 836 551
1423 2229 412
245 922 987
2187 1744 246
1965 1511 79
1621 2145 469
1757 2542 363
967 1578 499
715 2274 667
835 774 155
973 1050 867
1491 270 626
2160 1852 272
2688 106 20
1952 520 728
1630 142 46
2079 1795 539
1638 380 425
1597 509 812
1235 458 857
1394 1381 338
2646 875 209
1426 535 266
2355 689 608
2302 370 342
2012 506 851
1895 755 968
1558 1638 241
194 1769 326
2650 2450 633
238 1548 377
2449 1014 424
1987 1753 235
142 2694 624
517 403 365
2590 2028 574
1284 325 436
2615 593 628
1704 828 334
2014 1763 794
1607 89 966
164 95 322
2626 739 769
2536 207 89
1196 1953 129
2204 879 533
216 244 510
2559 947 457
118 2536 914
2127 2389 715
513 584 517
834 1475 500
1596 1969 769
11 497 824
2288 24 943
2544 2047 590
875 1021 502
2292 1315 168
1371 2451 629
2695 432 656
2422 1989 213
625 2041 580
8 1741 72
718 11 263
958 2516 971
1643 1138 810
644 2420 301
2467 176 278
2204 1502 68
1552 1309 647
1965 735 444
1532 1380 674
2208 96 883
198 863 329
2253 1002 140
78 452 420
1309 763 461
7 1446 565
2136 2383 886
1491 1983 120
1596 2372 434
988 1696 672
2545 1292 779
2165 2402 515
834 2166 385
857 841 993
2418 2079 956
1499 1335 804
42 1074 591
891 1613 588
1550 1008 326
888 395 353
1015 2133 900
1414 1984 499
1618 2566 94
1688 2005 681
1142 2540 98
1667 2583 357
2548 2391 424
1115 1733 145
2097 1498 651
394 592 849
1351 1841 263
1954 318 743
309 2683 430
1493 1614 676
2404 643 233
129 2464 301
1966 919 174
2017 2249 511
1605 2666 538
1371 642 871
1641 1771 575
18 1025 989
373 646 834
1472 1560 325
697 875 134
1229 890 896
164 1312 316
1448 261 380
1904 1470 492
426 52 859
321 2264 13
785 540 501
1434 2260 871
808 2404 530
1894 1469 215
439 1412 561
2128 1089 605
745 1803 63
803 1074 489
2013 1410 996
2031 1144 133
1936 1378 158
2683 1997 116
381 2231 190
1554 1358 748
966 1912 385
2465 2446 851
845 672 320
722 333 306
97 757 815
1091 1153 14
176 576 699
774 2173 191
2676 1436 789
2202 644 676
2572 836 396
500 2037 133
2500 1356 231
373 1361 605
2198 521 171
496 2280 722
1648 1808 840
2507 1161 641
2000 430 450
951 464 394
1391 2272 862
120 2538 887
1403 2128 259
2119 2092 400
251 936 570
2548 19 572
353 925 298
2482 2625 575
10 1940 171
473 149 47
2226 725 593
2560 866 561
1217 189 626
663 2423 310
659 2456 490
1583 1169 203
1249 2052 673
1270 127 544
1629 2465 950
2238 1771 83
2623 1569 686
2634 184 272
2163 443 924
178 2556 824
860 328 812
2430 1015 585
2070 2527 861
490 2013 101
1930 1192 569
536 966 171
1283 1958 612
306 691 657
430 5 82
2378 772 218
328 1797 362
1267 700 14
1062 2092 395
1555 1612 966
516 2668 55
2557 1449 300
2492 261 859
1952 1 868
1624 1043 357
2390 1734 905
1001 329 293
2078 1818 703
1074 2160 814
267 978 735
2020 1041 162
253 1332 67
2481 1773 69
1133 132 978
970 1700 658
2451 964 31
2648 2009 650
939 1788 949
1311 1213 578
1363 873 598
1092 476 510
555 1872 968
2687 490 232
232 1134 169
1469 1800 78
2098 1133 648
1235 590 154
1082 964 323
253 596 716
453 1933 508
1264 1809 933
2452 155 898
1972 2175 201
926 2155 743
674 1169 154
1561 726 438
1673 2565 310
236 2306 359
211 1336 44
1830 407 233
310 487 489
431 1609 273
674 1773 372
1208 949 155
2203 1237 37
2344 1516 198
1218 1005 206
1104 690 319
788 457 193
842 301 239
1095 1560 877
751 2536 662
1864 1958 394
574 1584 400
1936 329 234
599 1579 727
2282 2131 957
1409 868 28
2497 731 83
2668 2329 288
447 2624 756
2340 1319 581
2641 1161 574
944 2686 661
412 2643 313
948 2645 782
1456 1501 589
808 616 139
1291 235 632
547 1615 160
2046 609 699
1039 2535 281
132 2070 279
79 1590 941
479 671 734
101 2346 555
1536 1332 448
1259 504 164
2202 640 86
2009 1588 579
1805 648 878
1401 1674 330
1114 1112 890
1443 2031 766
34 1339 982
683 1660 913
2349 972 410
1682 1252 319
2255 377 380
954 2634 816
2688 117 551
2406 1620 555
1614 2472 590
1164 2551 646
1384 509 736
2073 715 98
1873 460 86
462 1081 180
2666 780 390
956 1134 222
2472 326 304
2350 2064 95
150 1906 760
198 1656 298
1358 2500 579
1520 1801 751
991 80 633
342 1042 272
1208 921 483
380 2575 176
659 876 725
1670 1896 656
2598 1362 909
2082 1876 642
2515 693 948
687 916 570
445 2666 36
2031 757 590
736 2305 334
2207 261 640
2619 763 824
2044 1937 296
1812 2283 252
1326 2577 466
2182 818 334
414 460 459
2106 113 664
1893 484 261
1965 1354 873
977 1652 574
1880 419 763
274 2465 2
1356 1980 584
734 2465 873
585 1025 453
2553 379 8
1382 1354 65
928 1338 356
2214 2623 171
2476 1642 159
1094 1034 867
1698 1921 493
369 1199 761
2399 2281 217
935 1499 609
2287 1739 67
557 580 423
318 1123 942
138 1592 617
582 1565 332
288 922 120
1008 385 835
1030 1520 212
941 442 680
537 322 542
1836 2042 335
2538 861 712
2574 698 8
1714 261 849
1775 2672 483
538 616 641
1514 330 742
1522 429 440
1910 1000 636
1629 1819 901
682 2535 570
1068 415 135
1778 2540 752
2348 2448 270
607 1732 278
2156 80 679
2098 1421 210
1316 1927 234
378 1082 520
2219 1707 364
457 474 963
1864 2006 846
642 1455 498
1234 2197 679
1601 1833 94
189 2635 506
851 231 655
2379 2584 141
720 870 78
2461 866 981
747 2224 580
1547 405 319
1717 6 271
1039 2014 800
2614 186 16
1837 641 449
787 810 856
1887 1575 640
199 1418 250
25 2327 119
1647 1775 273
1005 494 828
2099 1444 254
1202 344 106
1940 1884 949
1586 969 798
235 584 411
321 472 201
229 1331 318
848 262 566
1974 311 524
381 1545 579
2650 689 569
2406 99 578
1460 1815 754
2673 2202 185
2340 129 773
134 2396 225
238 2264 18
230 759 664
375 179 653
866 558 518
539 2522 1000
330 988 757
1585 583 590
1358 1123 386
769 23 240
1218 2460 498
2349 1988 478
1261 686 130
2277 1606 77
1559 824 550
1710 2612 11
437 1221 927
44 1586 336
1820 1092 130
851 949 820
2134 1510 764
623 2118 750
2229 1906 910
2553 2182 23
1463 2496 137
766 911 110
64 1717 913
148 1445 543
468 1036 574
2469 124 830
77 706 336
1930 636 705
1797 1328 196
543 1546 170
1360 383 863
1453 2132 499
1096 1919 268
1265 1543 81
166 1732 196
2640 1513 264
264 741 714
2068 2153 547
306 2560 361
806 517 411
1654 855 540
1460 2416 675
1185 2464 536
1367 1524 15
597 1160 820
1365 681 509
765 1995 666
631 2577 1000
1488 2067 229
1662 1798 691
328 550 72
1877 763 369
1932 2118 649
200 442 338
2036 687 476
1454 346 522
407 195 272
2201 1266 124
2044 14 904
48 394 157
789 2050 317
723 1643 387
1661 1620 452
438 1229 908
2692 2282 563
301 2376 65
820 276 774
1681 1981 913
100 249 420
845 1004 382
2168 2387 514
2180 1361 507
1013 699 313
92 2193 552
219 1272 66
2625 922 953
1953 768 469
1539 2595 240
2083 1021 455
1241 134 230
594 1531 204
2526 363 510
1990 2449 254
1454 1705 520
573 2635 705
723 1365 484
1316 1619 830
2536 943 365
613 1996 156
2000 1533 920
749 2004 270
110 766 740
1919 346 201
1634 2138 600
1390 1370 236
1083 2678 693
1803 2659 878
927 1001 966
1166 2445 993
329 731 701
672 494 924
980 2237 957
2685 2407 433
549 544 889
1998 93 550
1809 908 800
410 1471 662
829 2048 421
448 1755 912
1893 1782 374
514 1462 981
476 698 344
34 2471 6
909 875 812
2347 1427 473
2464 2581 720
772 335 468
1312 54 151
393 2293 284
1234 758 269
1424 493 853
1154 1109 444
36 2051 261
2283 1216 171
1987 904 485
963 1736 126
2163 1993 395
678 1863 673
350 1317 537
351 1762 507
293 1026 712
623 2086 552
1337 704 830
2207 51 532
296 2110 817
244 725 257
2594 475 335
658 1931 983
2492 765 618
1303 1766 807
2284 107 279
3 149 475
2239 1330 768
1543 431 61
391 1523 366
1629 1928 103
508 1022 783
426 154 772
1650 1682 488
1193 1131 376
2198 365 546
2665 1602 213
1928 1656 824
682 2121 541
1460 1552 553
268 301 615
104 1504 620
2002 180 872
975 672 325
1125 2288 692
1969 1757 769
2449 2178 412
421 535 671
1261 463 677
1031 279 431
2049 1506 182
2502 969 400
925 894 248
0 1066 799
577 776 730
2454 2103 450
678 813 195
2367 2579 376
2578 2569 90
2317 980 259
640 2023 638
301 1154 761
1968 2194 749
263 1981 731
1698 2642 50
1567 484 640
1218 980 434
1720 1363 332
87 2287 665
891 1697 464
1098 1790 968
1487 1274 30
1568 2205 42
484 99 561
960 1046 36
483 1349 869
1415 1149 787
2182 2575 210
1265 674 622
1042 293 507
1653 1101 130
1766 1872 753
971 1615 248
775 1913 200
1484 318 209
2380 1349 930
2316 1836 331
1821 1353 824
987 2496 780
2685 1527 605
1094 304 592
1093 2546 940
1318 1836 337
857 1321 90
1955 1359 641
1025 1213 73
2077 801 541
2426 653 127
865 439 586
574 210 173
2398 2301 438
2323 77 98
184 2004 248
1644 2342 225
388 1483 713
1089 2359 642
1300 1706 444
1646 1042 48
1568 954 345
1611 1882 535
1030 1806 611
1753 2040 879
1603 924 961
126 1917 345
727 580 805
930 456 421
913 1449 88
1898 1081 117
2365 2255 400
759 293 418
241 1508 960
1916 375 636
1937 576 697
1435 1598 981
2293 600 938
1974 1540 758
2658 885 599
1414 1056 909
229 1428 664
1145 590 659
1705 2110 172
2697 1436 826
2365 1056 743
1163 2484 978
482 2031 561
823 2243 141
484 2136 544
2604 350 521
2538 901 92
137 597 642
169 419 11
2519 1355 412
766 1586 769
1080 1166 95
2336 534 464
434 664 267
993 663 394
1695 971 37
1805 2407 850
195 546 732
598 856 772
346 1390 891
2501 1364 817
1118 579 232
93 1469 672
1046 1861 835
1402 165 460
1880 2218 384
21 2341 491
1711 2622 348
370 606 368
2578 1246 495
151 501 51
2068 1035 695
2444 1320 753
763 1334 282
54 1566 23
4 97 918
972 763 779
2417 2275 732
1563 1738 809
211 1152 807
116 1392 692
638 158 527
135 473 98
2308 2333 775
820 2008 257
2267 1728 284
516 608 955
511 333 66
1174 2452 723
1866 2039 506
2252 529 523
2000 721 904
1351 45 821
2180 272 60
1242 1549 298
402 2252 241
1691 353 651
751 1744 693
2044 1003 434
214 2569 833
2172 796 217
2342 1273 799
1105 2530 748
1384 841 40
2091 2509 599
1084 866 129
1909 418 574
615 2261 937
2235 2041 198
1667 102 710
2350 1909 167
257 200 11
1731 2529 793
1525 678 217
1814 1553 516
1418 649 860
1106 1517 809
2697 1757 430
808 1469 75
1058 316 137
810 740 845
983 1270 596
2632 2324 402
2199 2192 787
2075 2187 494
2378 2688 78
587 734 979
673 873 349
570 387 324
1220 1938 793
2318 1851 358
1968 596 833
2070 2610 832
41 1503 567
2299 2231 771
1784 744 256
1150 1711 45
1093 393 817
1995 271 90
2352 1710 761
718 601 684
167 759 251
1408 778 634
426 2377 481
905 742 365
2559 1596 600
16 1432 826
1144 889 697
2456 358 564
2267 2335 502
1625 2220 743
1423 2643 206
236 1663 750
799 804 677
1548 2050 35
781 2206 554
260 1013 129
2436 1333 73
1464 1923 718
212 1353 841
2378 638 698
154 155 574
1053 609 717
2650 1928 6
309 2627 247
1822 1444 379
2532 2159 915
2153 61 701
686 2086 784
1426 699 142
2252 2237 400
2667 425 762
492 2484 443
1373 2302 622
1832 2634 621
2471 1055 198
1069 2316 836
2420 2607 544
779 2431 401
2068 585 178
927 2334 446
711 2422 33
221 2356 651
1895 1774 741
720 2137 130
2657 560 194
1569 2567 836
608 2560 729
263 1860 530
1129 2394 9
1478 2185 488
2177 412 770
2523 1712 114
1521 2252 267
2044 1524 793
2558 1687 846
1025 844 106
1507 2340 798
2600 874 761
1494 1656 65
2150 682 107
188 455 597
1548 240 691
336 221 232
1370 1413 646
1993 1568 45
2466 1712 901
112 62 230
669 1449 195
1736 185 124
260 825 19
1076 890 916
1318 1699 915
791 1542 1
121 2226 986
489 1856 825
1382 515 548
1401 384 638
1834 1262 216
2602 1365 754
519 555 389
1159 1827 417
1748 2450 349
428 530 804
597 1068 582
1402 1761 50
366 1889 856
1174 669 869
1173 280 423
2030 464 710
2576 221 25
928 2377 761
289 1524 259
589 1510 690
2411 2587 414
1007 1102 400
2632 825 952
2291 2180 715
2487 2032 789
2332 178 669
1925 1942 453
2356 2556 809
1503 708 821
1645 2215 154
55 2565 455
884 1872 460
319 1413 793
2322 858 80
99 475 736
2051 812 814
2057 1800 851
781 766 875
1045 2386 158
404 2236 423
1203 2052 72
848 1458 882
632 2562 413
488 1525 712
777 648 917
684 2368 741
1038 2095 393
2271 90 62
2423 2351 159
1891 1068 208
1929 638 163
1156 2115 448
1045 775 472
141 2313 5
970 2368 110
22 509 660
1999 2427 402
391 1995 318
1279 1532 30
2343 2540 843
2395 422 124
100 960 608
1735 281 966
1398 859 4
2154 1937 524
897 2261 740
1009 2534 427
1560 190 653
393 737 313
1140 1566 887
1237 11 793
1165 1090 446
2178 1594 982
1746 10 938
617 2462 729
603 389 1000
1303 900 741
1794 551 428
192 1279 500
592 664 434
2513 2404 174
2190 905 668
2161 1289 368
2474 31 636
549 576 706
396 801 539
1571 1729 501
1520 1381 548
2232 2100 808
2398 1800 758
673 1313 251
2405 1782 764
1358 2540 107
892 942 338
2377 1730 883
2472 1487 511
2007 1566 326
2091 2339 961
1830 396 880
783 604 16
649 417 342
1722 2534 882
267 671 49
1461 1527 426
2065 2001 667
1881 709 206
1238 963 414
2335 900 30
293 547 994
491 203 285
686 1293 603
2400 9 958
539 788 346
1989 387 439
602 1841 477
1912 1690 969
1869 514 681
253 1331 454
1128 1164 855
519 2623 399
2073 387 418
797 1731 793
341 802 872
1643 1474 355
2219 1658 86
1612 1073 253
1614 205 852
1864 1044 423
2465 893 412
303 1997 581
645 333 596
1660 2086 467
1719 128 542
1637 2660 993
1278 2253 244
234 1289 263
665 2640 426
1670 1314 179
2573 2523 432
1193 968 208
1903 815 354
2622 1570 452
1789 2144 740
1538 981 583
1668 852 736
398 100 550
2594 1955 558
643 2364 227
1587 224 954
792 866 627
2504 190 585
511 1732 473
587 624 518
2015 2302 51
257 2352 311
1716 1432 26
1029 1667 585
310 2448 236
654 2318 179
464 1774 842
1424 521 162
2170 2603 450
174 2366 258
136 230 665
49 2045 254
1800 1315 535
2670 278 564
958 1155 593
1373 799 704
465 1550 628
29 1413 852
1296 282 495
1685 1545 919
629 1996 198
2108 301 721
1343 833 871
1489 2167 532
2606 1518 812
2551 1385 463
1711 1088 480
1325 1792 791
685 646 437
2400 119 47
914 614 6
1284 1032 789
833 1043 728
1148 1045 919
1804 919 565
610 361 880
4 1483 75
2020 1228 549
1757 569 218
1361 1062 659
123 1761 638
1821 1457 86
2621 918 622
25 2377 129
151 724 504
2289 1761 71
2542 297 780
2 414 273
2360 2370 383
1014 73 670
1060 1341 665
2323 1393 303
1798 28 278
1205 2395 799
2578 1911 851
2257 2658 506
1815 2687 15
1375 2076 942
122 1475 905
1757 2632 574
1785 1484 513
1036 2578 173
2302 2055 362
307 1822 222
1714 572 835
34 1847 401
671 1800 921
2636 1970 992
252 138 199
625 2603 999
858 2018 965
1556 1656 964
2615 399 330
278 271 901
402 2370 815
745 308 603
733 1041 121
501 643 559
597 2039 780
59 550 976
30 2112 766
1364 883 448
278 239 322
677 142 141
1319 1290 528
1649 2472 963
1185 609 751
237 1271 53
1253 757 241
1628 1317 364
2634 1156 453
136 253 162
66 2451 329
1187 655 166
1148 554 553
121 170 363
2442 2186 481
2012 2324 771
2174 718 930
1996 1815 556
1105 1966 915
1765 1605 19
585 1231 446
1383 140 113
1002 2229 421
2630 441 298
2144 552 272
1826 242 832
1428 2202 428
831 1287 633
449 2134 37
2473 158 226
1333 93 790
12 2415 169
1861 1453 69
2498 849 446
763 2315 416
467 2412 519
1506 2109 431
1480 2020 50
2655 1729 863
2677 1374 487
2294 1436 781
214 902 775
1137 148 531
390 1983 848
1704 143 7
2045 1413 361
199 253 118
1716 394 272
24 2194 603
2359 204 791
679 1639 811
1439 2647 814
2064 674 104
440 2537 261
879 1382 554
951 1689 650
433 1698 812
1332 675 932
31 2226 183
2074 1159 402
1712 96 547
2026 866 538
705 1261 123
1328 2665 962
505 258 807
980 283 508
2450 286 363
925 468 200
838 197 407
1602 1048 477
1974 2111 717
1975 1092 178
1354 1647 224
2283 597 841
2583 1850 866
1885 2562 486
2414 2434 56
2056 210 243
2358 2457 766
1544 1579 357
405 2384 80
447 244 295
253 1491 251
156 1839 36
1936 1634 569
407 415 853
186 1224 628
115 1381 400
424 1508 671
923 2138 571
1122 1777 854
2627 1351 508
2555 311 138
1129 2438 750
2275 1816 993
794 1521 745
2658 784 60
2566 949 997
107 2655 540
2596 1663 441
2645 1920 460
2568 2068 617
837 383 359
2344 1736 938
815 57 920
1379 740 173
490 589 267
1299 691 387
321 1963 784
1 1073 742
1650 2098 148
2495 1377 109
929 628 775
2173 1192 927
1285 1109 256
816 1397 433
961 2383 132
1891 143 229
1752 273 232
93 763 592
261 156 406
2063 1928 274
469 1996 19
1698 916 604
2686 781 198
1907 435 344
1947 1582 923
2077 103 810
1857 1232 839
2091 466 11
2112 1263 272
1591 250 56
1407 111 704
1793 1790 379
713 2673 688
2634 728 922
1003 1929 193
2018 1368 701
148 1222 417
2405 1071 629
175 2150 131
2128 70 358
1240 2392 974
601 159 661
1509 1253 953
692 1172 636
2318 1114 141
1810 388 104
2254 1686 909
1696 1264 960
921 671 178
2449 681 343
2220 2543 757
1567 1033 667
2240 2498 364
2622 1978 805
2569 660 692
2674 2540 628
1776 1134 166
1929 1036 959
25 13 780
2644 2512 36
1420 1177 25
2696 1541 24
375 556 728
1521 1096 79
1401 2697 766
315 1338 111
2037 887 232
1823 1293 431
2635 1021 464
1363 1997 486
1562 1448 117
926 1342 150
167 1930 606
1722 2128 296
956 2512 924
2050 1680 912
1532 1916 470
511 1949 895
717 1049 544
2587 1246 331
1060 2184 669
1499 2597 304
1922 1856 679
2513 1548 612
787 1751 420
568 2056 421
2371 980 86
878 1726 671
1211 446 150
2410 1506 239
2574 1281 96
954 1893 979
1375 2234 949
2332 2607 861
963 2585 137
1165 478 568
1286 1655 347
2061 772 36
654 1373 176
2644 14 414
2525 2352 700
504 730 819
1542 483 323
1426 192 643
1849 1594 233
1894 1298 418
1511 1924 476
2414 1020 649
195 1687 416
231 1535 520
2120 1058 721
1719 25 137
1298 1485 111
2204 2637 848
2246 1353 577
2504 1411 344
794 1012 368
2200 2566 647
2385 551 921
2118 1643 381
2415 1185 975
1572 1986 515
1696 2585 350
1987 667 684
861 1669 351
2330 2316 626
1205 48 845
2129 2006 899
1536 2390 147
1527 1160 413
2600 2529 694
823 1132 646
592 2489 962
245 1705 992
2625 2621 727
2529 1996 345
1846 470 946
2089 1432 688
2644 1562 228
2480 703 105
2579 1721 853
2265 2135 409
1924 2472 867
1365 374 280
110 646 714
122 264 114
1700 1783 926
2387 1060 75
145 840 531
721 1989 254
479 1114 473
2246 1709 290
2564 1358 148
1208 1960 529
2028 1516 91
1244 1242 771
542 1979 76
2308 25 101
1182 1211 97
1531 2674 91
1174 1000 292
905 1641 759
1366 1496 726
946 2019 819
1866 1156 477
1482 411 209
669 2649 158
1182 1975 379
2563 1112 799
868 1565 78
473 890 281
2631 1942 446
1496 1621 499
2102 877 52
2076 1094 652
2320 1972 193
2064 1155 987
755 757 779
2161 2518 227
275 1552 146
512 2024 281
1624 2513 656
1129 1874 931
2687 2551 297
72 1246 979
85 357 741
2261 1287 195
1193 1688 837
1382 375 118
191 846 952
1625 2005 586
1117 1665 957
2280 923 80
1916 1538 21
484 1265 363
635 119 810
2154 1092 489
2314 2128 570
1900 1284 916
2569 88 790
2015 1030 770
2698 1371 854
1682 879 606
1329 913 979
1110 1536 374
2422 1903 127
350 755 223
1084 407 851
1926 368 670
946 1314 221
2332 2401 811
1617 2575 631
1103 87 470
1741 185 71
2427 1966 905
1540 158 711
1436 518 894
1770 2423 642
696 2446 305
262 2255 556
2653 1677 491
262 154 664
691 2022 922
1135 696 45
2359 29 644
1538 309 716
2339 1369 897
1839 1776 613
407 829 442
478 1359 63
1792 860 838
1631 1407 846
375 849 232
2626 1573 318
77 546 624
316 1804 20
377 2272 488
24 872 588
1304 2156 520
430 2016 656
1613 1709 14
879 1334 767
2633 1201 219
535 12 264
2079 406 791
2175 1350 905
2612 2110 48
2397 2240 431
1683 2548 601
1005 1227 220
2327 1304 746
2474 2476 518
479 1690 679
2658 602 865
1661 1187 879
364 2085 103
71 2256 572
2393 1853 390
717 696 710
1115 2101 74
1643 2308 717
1822 144 812
165 1538 590
2679 2388 886
1867 1709 396
1507 1447 578
2604 2219 99
2345 2326 110
2493 1877 919
1265 734 312
2643 1206 91
601 762 317
976 82 585
118 660 730
429 2245 134
898 2537 695
698 443 718
2699 299 336
245 158 709
259 1591 118
746 977 770
2021 2398 535
1812 2442 233
2031 523 534
372 1577 636
1251 337 767
1597 1050 795
1644 590 182
2099 333 420
1775 1566 522
1137 2037 155
2689 84 4
733 1220 93
2401 2260 556
601 1143 762
238 732 595
186 894 428
2434 1705 781
2566 1506 401
1752 1029 35
98 1890 679
396 993 583
2663 550 588
2050 501 613
1513 310 329
1568 1326 4
2014 154 241
174 2628 834
909 1321 162
1020 2489 825
246 2026 506
46 2515 760
2328 1853 67
439 2422 97
1838 504 594
1496 724 328
1988 1514 680
232 1008 654
1891 1585 164
1104 1594 687
563 792 600
518 47 386
8 2145 222
574 1315 391
2028 1142 822
696 1091 613
2166 914 124
835 1250 577
777 2620 594
476 2699 571
1683 654 801
1801 1371 785
2064 443 578
1610 1894 69
207 1878 160
2148 1829 734
1964 2535 818
1551 571 705
1338 2156 344
1903 1566 60
940 538 804
984 335 312
2463 1754 781
2256 390 208
1635 2328 906
433 704 699
1818 1597 403
1068 1206 536
1199 1890 86
1670 6 18
1933 1438 861
1007 574 413
2488 1001 635
1461 242 842
2068 1348 315
1821 418 815
1806 1288 205
2103 1092 785
1465 1239 154
2626 2658 467
1171 1831 211
678 1985 464
112 519 357
580 873 843
1631 261 174
1131 2365 238
141 1652 705
1583 2383 505
758 1511 242
2317 1559 44
1321 2099 646
1913 1882 682
1116 374 266
1877 1982 793
123 2567 312
1255 122 651
1871 1082 249
1261 973 179
1927 574 965
21 1659 139
2410 2681 411
1969 1492 319
2229 627 369
2530 1193 293
2658 1556 962
2669 2158 374
1824 213 213
2472 547 192
606 1121 533
2021 1687 574
1346 218 854
2160 280 294
2560 1051 795
2350 1555 450
1356 1267 65
809 410 413
720 655 998
1363 173 557
1531 1695 268
492 214 957
1346 2004 972
1333 1870 913
209 1390 943
1299 946 214
1479 2153 383
63 1069 704
623 2663 913
911 2066 293
2657 1246 180
309 2395 348
2233 303 359
2309 1393 723
1751 890 225
112 2485 521
1924 220 950
1404 383 539
1812 925 97
1632 1839 115
1480 1805 217
1478 1240 671
1844 2403 58
871 1949 38
1076 1487 6
476 1385 149
254 2631 894
686 1241 690
183 2428 34
1476 280 339
2345 1185 702
593 879 768
1682 1064 813
414 2050 956
189 1020 347
219 535 173
788 150 440
1251 1072 789
2058 1144 823
2047 253 456
415 2488 106
1443 691 898
1908 474 777
919 644 419
2044 1547 450
2417 2641 310
2279 737 926
1848 1198 363
1218 1979 743
2673 164 563
251 772 235
2164 345 237
2452 764 946
2194 974 910
1048 2426 752
1944 2498 494
589 1579 716
555 424 446
1122 965 943
1561 2479 326
93 738 316
644 277 601
2131 1656 363
2638 526 194
1242 1161 320
2390 155 51
1147 108 924
2051 56 763
1825 726 421
335 1089 204
2266 1955 527
1641 717 543
907 2657 513
1619 2015 909
2205 1040 794
1318 578 963
1529 675 741
1753 1142 359
1434 2630 662
869 1967 59
1570 761 575
2682 1041 168
2526 160 630
2419 1320 791
1117 1148 595
93 2426 931
2430 1199 491
113 577 592
196 933 37
154 1813 348
387 686 512
1101 160 228
2151 2085 572
982 314 79
2663 2483 106
1206 205 699
1699 2120 188
2674 520 876
2080 2538 354
808 1922 74
323 540 486
1349 2433 494
468 556 570
1078 95 20
602 2660 793
476 605 41
690 1611 324
767 1991 839
2091 301 990
2338 2149 18
1338 1722 119
1611 2510 183
2019 199 720
381 1725 831
907 447 968
2056 1084 867
857 1009 781
689 2392 199
1252 1180 75
1391 1589 284
1676 718 196
65 643 435
803 2377 949
2135 1403 341
1765 1460 389
2499 2645 612
2567 2616 145
2217 724 212
111 908 158
1402 1626 942
1312 378 883
383 1477 840
1705 1280 40
1839 2242 249
937 447 939
392 9 275
1864 2288 910
2350 1738 873
1126 86 865
2122 426 287
2322 1940 14
775 1282 859
2129 2214 161
1938 2131 21
816 2132 95
2140 386 231
2503 1653 484
1773 231 889
1319 2294 582
1690 2023 620
152 994 52
571 597 154
1562 885 894
1691 801 47
1591 1091 138
25 2349 213
1768 2463 523
2391 1536 509
327 273 861
1704 1103 778
1932 1581 378
1612 2396 687
512 2644 577
517 587 184
47 2303 535
2477 1214 845
1154 1252 474
2142 1577 626
709 2602 492
411 1517 442
793 1274 324
1490 2351 515
1865 694 106
2482 1117 279
2218 280 656
2293 1066 454
679 1729 574
954 1764 900
2633 1571 797
227 134 886
1605 1826 411
2163 2075 1000
1972 422 128
866 1981 885
158 952 878
431 952 98
392 1268 585
919 2351 521
2317 1086 619
23 2387 143
2172 2515 277
2694 2220 777
2550 156 667
794 1629 603
1004 2645 786
1902 102 982
518 205 568
825 1470 108
2134 2149 882
1044 380 397
2403 313 902
1025 214 82
1599 1038 295
2649 1840 337
1336 1218 590
2074 563 731
293 312 215
1580 1613 934
838 2662 849
872 2288 241
1230 1076 53
1730 2425 304
1064 379 934
677 1953 462
887 2462 796
1499 77 323
660 2190 457
1038 780 304
378 2383 128
1429 295 500
880 255 977
2260 266 503
2352 1117 995
2132 1744 165
989 1734 798
1922 154 613
2207 1930 529
1186 245 6
2522 1544 629
1480 2264 564
1077 2037 49
531 288 208
1301 44 976
79 1015 818
776 2451 960
1450 383 388
542 2645 501
889 763 273
42 1667 67
390 2457 552
2385 1070 451
577 2325 907
1396 13 785
14 1961 778
2027 2557 868
712 143 75
722 2325 883
399 1872 558
2400 1242 682
1727 1456 166
1133 1717 570
1048 168 258
2545 1615 489
2319 1413 783
1050 827 372
517 2167 881
633 2161 230
463 2299 514
319 738 266
2010 49 773
1707 105 435
278 1954 272
1588 32 864
1091 2082 638
2447 2173 143
618 310 48
388 2517 186
1020 1972 936
1992 931 389
1225 2140 743
790 956 176
1115 1906 730
562 2483 272
1538 1576 622
996 394 166
2447 1761 665
2000 1741 329
1103 271 497
423 2248 843
557 148 299
1587 322 654
2414 1357 695
341 2426 499
42 2160 247
2463 2597 791
563 616 557
2232 1602 131
1947 385 906
639 63 31
1050 667 621
1966 644 849
2232 504 214
676 1683 365
1230 966 947
1078 674 334
1235 1318 852
225 787 806
1700 1259 744
1127 2196 433
2281 2638 162
2438 2191 528
423 840 343
2665 255 489
2140 2523 822
310 1144 612
73 2393 37
390 227 679
685 2350 56
1688 1075 256
16 1968 365
1534 1513 469
1338 1711 765
2040 2233 64
2555 1018 472
526 1414 527
1308 131 736
547 847 439
2067 2200 859
2070 2209 437
2046 681 308
2065 762 526
894 2483 131
202 647 499
977 82 14
1137 659 249
1569 874 387
2528 1672 749
340 2120 62
443 358 58
799 1748 77
1105 2644 42
2600 1009 597
2355 1861 972
79 1254 599
1954 833 547
437 1378 584
1646 1029 789
808 767 188
298 1468 352
200 2559 323
947 1010 863
2309 1602 347
2025 2487 712
1397 991 794
1178 2383 492
2671 1020 909
1296 1788 115
2255 1797 160
1109 77 669
1970 812 263
1896 1792 526
187 689 251
57 2664 127
1071 971 631
1953 296 610
1393 1901 119
1744 864 18
2579 77 763
1577 709 266
457 1263 120
165 1810 526
2366 739 636
222 2304 23
2165 1458 869
1452 2694 195
1749 2575 505
1305 248 162
1897 2434 894
1669 498 28
2082 1135 912
459 2196 517
17 1264 390
2072 1447 577
1475 2593 287
1351 806 798
519 1158 524
2363 500 127
24 1479 377
186 1725 577
1129 1891 107
2556 2696 293
145 891 699
915 1583 273
1497 2292 459
1318 1455 60
753 574 326
1456 411 716
2368 2491 159
2671 2584 947
1344 940 798
1521 990 1000
1587 1997 486
400 739 438
598 1788 592
1205 1125 590
2608 624 478
2160 586 506
1056 117 915
1858 815 937
1489 902 43
2667 1051 407
2056 417 821
1455 840 498
394 634 350
2100 2293 177
1073 2025 77
1633 854 324
2488 1673 480
478 2152 532
1489 558 600
2618 1825 623
1099 1189 126
105 1835 939
2408 2343 789
2118 871 83
597 1685 159
1328 1829 299
1033 2409 59
1755 739 148
1159 1976 498
538 755 418
1412 573 890
249 2441 780
2481 1389 267
923 617 63
2310 1017 982
564 2303 129
2077 628 61
473 2144 885
2073 166 655
1119 1679 493
2476 1700 106
2128 2168 945
381 804 870
1 356 404
60 2676 637
1698 1640 373
1097 2355 506
2033 1720 253
2147 2656 586
1120 631 543
2559 1998 319
2650 2220 664
306 2497 940
235 1827 554
2138 2508 159
2198 1683 120
2559 210 908
1203 744 608
1869 1896 571
1774 1306 854
1484 1103 842
715 302 313
290 1954 810
1377 1764 530
464 470 804
177 124 180
2566 464 770
1737 1490 862
924 257 93
1496 1677 584
2256 608 531
69 1889 121
755 602 592
2348 38 575
193 2049 431
2288 2544 789
483 1743 370
1375 1086 271
917 2649 184
1747 2047 950
340 2367 277
2227 1413 565
1452 2295 754
2240 970 472
2580 833 825
1796 1436 184
1909 2068 215
62 475 988
290 585 894
1499 2130 846
1000 1626 569
373 310 342
672 732 677
1372 2149 294
255 1501 521
2567 742 533
1023 406 565
228 1088 874
2114 2513 430
353 1289 168
2145 191 378
1604 1880 215
665 1517 282
2218 1654 274
2697 509 232
2416 147 676
1588 1748 438
2641 1404 19
316 2266 126
2475 1568 236
722 733 860
349 668 515
1881 1182 958
1377 1054 753
2267 17 44
758 2270 795
639 853 521
1189 205 375
703 952 768
1151 2416 922
2262 1939 697
1409 2033 113
695 1468 258
764 1500 464
324 2424 118
169 291 299
543 160 821
2117 1176 994
1115 2399 530
1592 973 652
491 2321 81
165 2194 372
1908 1555 977
1011 886 894
2423 2584 87
1289 390 708
167 518 448
1378 2436 189
2670 2660 956
433 2643 257
2501 1522 303
1046 2185 993
480 2174 162
754 2473 39
2211 217 34
461 2414 320
2468 971 954
1257 2341 77
1073 312 657
2481 2438 436
1397 401 838
704 381 430
1537 1216 952
204 1439 430
2604 894 34
1051 1047 401
38 150 130
540 840 277
2054 894 329
2003 757 997
1607 1502 351
1647 107 350
452 28 845
2315 2295 196
225 1612 620
1538 1722 985
1880 110 256
651 2379 755
2496 1579 674
2532 625 884
2572 1494 671
210 498 155
1224 170 208
531 2326 224
2099 904 911
559 632 535
2688 1895 507
2467 1989 357
2680 681 679
341 323 843
840 1630 356
1130 1096 323
1346 1898 188
629 622 686
840 1788 528
55 335 144
2498 2463 468
1954 1413 539
695 2271 219
1951 673 200
2232 2528 769
964 245 762
2072 1123 887
2299 174 493
2197 798 158
1232 436 902
2628 1379 218
13 629 675
186 1237 752
327 1551 842
329 789 715
1357 1698 272
2250 770 499
637 453 5
1959 1118 373
598 1014 142
1706 2096 973
834 1688 231
208 926 285
871 1455 965
2113 1453 328
2346 2516 16
2378 2604 766
1877 1207 392
916 1315 976
2467 2259 772
9 1759 69
1932 2085 171
1017 912 868
1192 1700 20
2448 1122 87
2422 1550 304
1764 1600 545
1636 96 892
1109 1306 575
1466 1938 604
2674 390 921
824 355 516
1645 427 788
1799 174 266
350 1170 611
1553 2181 142
1466 256 423
1417 2328 602
466 987 867
586 500 164
2468 907 371
397 471 886
1326 2164 394
1127 1390 963
206 2056 814
1161 960 547
2346 25 24
1620 15 367
1293 2101 884
2469 1906 527
2521 516 133
169 617 276
212 2193 179
1399 904 20
754 397 591
1351 497 951
391 1408 217
1914 1890 857
611 1367 901
2475 291 383
1243 1931 875
1614 479 272
96 2141 866
1886 1590 268
2052 2220 248
804 1694 456
2143 330 676
1522 505 874
894 891 290
1100 181 217
2126 1994 204
601 1026 826
2649 1436 381
1466 1269 374
1035 2238 248
413 321 878
1307 703 464
29 2056 875
1588 558 996
2455 254 606
2399 1418 201
359 1793 964
926 1521 807
2508 79 500
2396 210 790
942 1242 351
275 69 761
161 2520 104
166 1223 310
2235 1729 558
1993 1974 545
1187 2109 105
1142 1042 30
1418 1573 52
922 1510 364
1960 2499 537
845 931 273
298 2473 419
635 64 801
2658 408 443
2069 1144 71
535 1130 694
1509 1238 426
1610 88 317
1180 401 319
866 713 569
1253 1200 589
2172 1813 52
1178 1001 144
1940 1864 210
2397 2223 919
2030 71 184
390 2410 801
1259 1410 27
2079 2086 298
1611 181 949
2462 1849 465
1766 670 150
175 2321 741
359 477 691
2695 1182 361
949 1065 117
1621 156 929
1217 610 148
733 1623 190
766 2560 701
1889 1951 284
2101 835 639
1660 231 251
271 250 333
932 1192 901
1591 125 5
612 90 732
1948 559 231
1463 1532 815
2557 1490 544
415 1763 829
1544 374 779
20 980 411
945 1442 715
2196 123 778
772 2654 483
1932 1169 134
747 1198 338
2521 1441 704
369 330 80
1423 2696 698
826 1644 454
2569 592 537
152 820 24
1279 1476 831
577 2551 693
1224 1646 878
1015 2047 105
2321 1981 161
1999 1354 356
2680 1854 669
702 2389 613
2195 661 325
2424 1889 259
2501 689 778
464 1465 3
1987 1478 772
1463 372 796
2515 532 603
729 985 639
2636 348 386
145 1776 615
2628 838 908
1653 1137 855
251 1297 952
327 464 677
2680 2385 833
1699 1955 3
2213 1344 709
2188 837 366
1412 1552 363
496 644 982
1240 2162 562
898 2218 617
114 2266 530
387 1736 926
765 1868 901
475 2395 840
20 845 857
82 2250 749
11 2613 277
268 2298 319
293 598 168
1351 670 467
1002 423 307
1867 1424 63
713 2316 131
416 2579 993
1788 866 282
374 2233 427
681 2652 216
253 2010 755
661 966 21
2076 206 862
1545 376 671
2041 1838 418
2339 2327 118
1490 348 966
2511 1003 947
1108 2315 461
2304 887 895
2207 878 682
1362 2546 53
373 2033 467
1808 84 160
38 674 75
1477 794 416
1563 818 958
2344 2391 648
341 141 98
1482 2383 431
2450 1887 838
1172 1560 385
745 2697 887
1129 1345 3
1031 920 416
1633 1647 516
2604 1787 489
734 868 689
52 588 83
1378 557 339
2467 477 887
2403 48 577
1368 288 582
593 1225 764
820 2459 433
1796 804 290
167 2616 393
484 687 955
695 182 243
1032 2293 778
1291 807 165
2014 2579 616
1890 167 392
2189 1356 418
807 1236 905
516 1886 639
1759 2173 616
2568 2029 398
944 1490 884
1368 337 750
2123 1333 38
2580 1023 683
198 573 377
716 455 817
1409 2111 808
558 1745 473
608 1116 331
777 1070 401
1104 131 668
521 1930 40
2692 2611 5
2039 585 275
2154 1731 83
1824 1521 472
2214 149 789
1505 1810 652
75 576 941
1100 2695 370
344 595 622
2393 895 666
370 168 840
544 1631 259
1613 821 632
1022 2176 53
10 1478 174
2480 561 374
243 1623 814
1968 2396 68
2348 2317 339
1630 899 401
2594 1848 370
122 2675 747
1761 762 472
413 1481 785
1823 1154 352
1602 1908 209
544 957 648
2504 2135 304
1777 1084 341
1061 207 417
419 224 620
811 2665 165
1859 568 851
289 1352 726
2620 1291 52
1956 2007 43
2331 147 587
1256 1084 857
211 849 916
744 2471 841
1608 2549 574
1504 1173 598
1489 2532 993
611 1545 945
452 2602 825
109 2029 554
2103 1223 159
1563 1346 294
369 1006 340
1559 1546 449
989 268 33
1117 2468 269
2389 2136 830
660 909 347
623 2086 924
2328 1990 597
1808 2 736
800 853 294
1071 1110 704
94 504 866
1794 1453 780
1061 2399 429
629 546 309
454 2310 875
62 2633 480
1045 1645 984
1684 1526 46
965 2166 795
436 2380 428
1049 1985 446
145 1886 956
1882 176 414
374 1883 349
2491 2212 437
422 369 753
1124 2319 834
318 1411 797
821 743 402
617 816 871
1994 2601 661
2204 750 136
2034 937 19
951 2437 886
1269 1556 318
426 1462 628
2380 359 528
2685 2439 63
1967 1609 700
630 434 117
1100 1413 858
230 1118 223
645 1418 124
2583 536 787
2593 874 508
2114 2428 667
2639 704 926
2265 2075 106
906 76 717
679 335 172
1312 890 655
187 1974 509
159 442 567
2409 1950 928
409 2320 426
2659 307 423
1155 2152 778
2017 2487 389
2275 1480 448
1978 1374 695
996 793 209
2396 531 771
113 1137 8
2061 1670 270
1970 1659 702
1710 1845 413
1895 2499 8
768 1226 479
2126 1148 417
958 2346 27
2589 626 73
1109 1621 915
2467 1804 122
1543 1641 359
2600 222 121
1937 2135 895
1529 1144 936
2330 1107 946
87 2491 979
1992 1040 780
1402 1649 825
432 2686 803
1076 2279 682
2686 1571 17
2615 1910 362
543 1839 500
2453 1718 203
2483 1761 472
1864 185 489
825 2683 761
1637 1906 744
688 1025 819
1214 2205 164
1704 1601 253
416 263 265
120 2343 114
2040 1886 198
1732 1678 483
2239 1241 262
1103 2496 275
1344 1904 952
115 1602 902
394 2638 320
1349 2692 766
1500 2066 690
645 568 733
1612 1632 727
1950 920 987
2458 2332 357
169 835 871
2680 2108 932
2058 1948 817
2695 2437 537
827 199 647
866 1025 359
1940 513 725
347 1139 776
83 1619 28
2498 1131 36
5 348 508
2089 19 805
238 199 536
1806 1651 822
1520 1930 30
1549 1693 439
653 2074 667
99 433 214
776 937 32
803 805 343
2463 2019 851
272 626 261
2207 456 397
2508 757 625
2365 1017 139
466 924 486
1669 219 841
825 420 751
785 366 389
2420 2107 624
1092 1477 236
2363 1567 392
763 408 525
2572 1907 463
2095 982 646
2570 2614 343
1821 1743 995
2181 1388 907
933 1467 916
1374 1242 575
1585 1162 837
168 1801 89
1734 317 94
936 2223 636
2237 1042 495
337 344 862
526 2043 515
2323 1785 325
2482 2218 800
2506 1735 826
926 2463 932
1785 244 101
743 1912 978
2567 1834 937
2004 1030 153
554 2305 961
2522 1237 590
2281 2073 470
873 201 450
2604 268 371
1741 783 634
2169 1761 25
1118 588 61
2233 1664 380
179 1437 800
621 958 992
109 1671 15
871 218 712
2165 2445 820
1143 2083 274
2194 2228 178
1737 1562 843
2116 1258 953
2406 1000 398
62 183 356
2139 2519 769
2337 2345 801
1359 1273 923
978 1654 375
1391 1334 475
1413 904 832
2065 1156 354
2490 9 433
2060 2536 661
2263 2106 228
187 1392 774
710 1643 113
224 2141 283
2031 563 27
859 1412 924
107 1682 108
22 1812 580
2516 1708 345
2283 1953 758
1860 480 178
1275 528 358
107 1856 412
165 1487 737
6 1386 497
805 1388 48
211 1173 342
2680 2580 279
2381 894 420
1634 1532 327
66 481 902
210 514 88
676 891 120
2411 721 48
47 2430 828
2535 1719 506
2229 2481 621
2373 868 460
1268 1313 423
1520 2020 296
2695 1268 437
538 1895 921
75 1828 589
212 1061 72
2378 2253 299
432 328 300
472 959 510
143 18 212
1065 1959 2
2027 915 244
43 324 205
569 1026 186
218 340 96
1925 2587 402
889 359 237
1714 642 560
226 2332 182
1134 1224 428
904 2644 20
709 1837 312
1720 1396 45
175 2036 800
1749 2065 415
643 2098 386
2457 2017 80
2416 1264 229
1490 384 2
1229 1740 735
194 523 585
146 1295 141
437 1369 617
651 1992 778
2042 2668 954
867 1675 902
2452 798 128
1148 66 978
678 2129 595
1285 2695 792
1397 2248 524
1839 2382 795
2068 1424 521
430 1121 144
2061 2511 892
1239 414 267
1324 1922 978
1323 2304 907
787 2663 215
2630 586 1000
2539 317 379
2648 878 174
1868 1880 499
1578 2255 7
1629 1706 410
2003 2005 681
1635 635 496
469 1657 97
2645 2035 102
2621 2468 564
1122 1043 687
1639 1052 6
2117 2375 152
1949 466 297
2210 124 811
242 1507 156
1987 1392 158
2569 2214 913
2657 360 970
2584 1513 817
584 1591 547
1963 2330 762
1970 652 439
2302 184 972
759 1304 117
1737 838 677
1675 2009 711
1298 399 507
195 809 84
1993 1064 885
743 987 167
580 1543 934
546 2564 19
984 502 675
1726 2216 271
2026 131 241
1090 1460 142
1843 1629 735
1630 1090 405
2572 2657 335
2087 1988 727
807 317 881
668 1715 904
2630 1709 91
498 1067 342
1458 1926 941
2104 2150 255
677 413 608
937 1753 283
46 1066 212
1686 211 246
411 1319 481
1683 136 586
1983 2040 935
1643 1969 285
301 1993 163
1763 1040 459
322 1770 565
408 515 837
2566 1698 639
789 1260 635
1272 1687 902
1342 2325 639
1279 1046 245
238 2089 732
1290 1745 576
706 289 107
73 1915 162
1178 2045 38
134 1637 550
127 1985 458
836 1954 370
660 1246 519
2678 1404 168
899 1417 81
277 2570 929
261 1342 309
2597 298 668
1943 1462 443
2060 1383 796
185 898 990
75 1618 732
8 494 441
698 648 989
499 2006 897
92 975 882
2356 2152 177
334 1316 677
2496 1743 637
74 306 206
2352 1944 176
2146 784 82
1924 677 715
1411 1372 375
944 79 965
9 54 409
965 329 609
2021 606 319
2501 1733 452
144 520 365
233 1811 764
1828 2112 809
51 2111 820
406 1711 501
2027 2233 434
346 2639 357
1940 2428 238
2578 2435 357
1382 920 163
2095 2312 43
2551 1409 618
728 305 147
899 2120 339
2272 1690 126
1458 342 487
996 1480 595
348 1859 150
950 1988 31
2156 956 535
358 1225 589
2073 1662 888
2065 1312 906
1120 32 949
2438 1287 178
999 495 727
663 2620 654
981 826 180
2509 1155 982
1368 144 469
438 1712 662
1538 2159 582
131 186 575
368 1633 255
1225 756 276
1476 2453 334
1160 2076 677
162 2542 564
1407 1196 724
558 1961 906
1397 211 227
2046 988 548
1875 629 542
292 1283 816
715 1877 266
786 1718 982
893 795 444
17 2629 771
27 79 757
235 1101 693
2170 1382 660
785 2663 147
2381 2637 647
1095 1656 904
874 386 463
1527 2048 607
1915 1096 505
2154 1742 299
798 131 495
1477 1610 24
2603 1454 113
363 2401 118
1481 285 479
2525 683 780
161 1704 821
1437 1519 88
958 2493 52
759 623 291
1531 2353 741
1510 1713 841
2592 2142 841
533 2678 722
1799 1580 574
1931 452 283
2106 592 304
710 308 553
554 746 564
495 141 747
601 1091 276
1812 985 787
635 1545 128
1858 2473 185
1858 1547 466
1845 495 650
211 2260 231
1074 602 656
2418 2319 744
834 1947 756
957 1934 916
2501 2190 147
854 28 677
180 66 806
1366 143 12
1785 92 966
750 1720 120
795 2205 875
1630 640 944
2114 701 381
1438 1693 244
611 1809 777
1171 832 897
74 1345 949
670 1077 328
1270 1301 33
115 1872 772
415 1047 364
1478 231 909
693 595 818
1965 1333 885
805 1184 254
885 1324 976
2156 705 336
1485 2566 888
127 584 414
180 115 784
1793 725 742
2572 2104 858
762 1343 278
2209 2687 792
1012 2673 5
1727 2423 471
613 1998 332
2067 560 677
1353 2300 824
296 292 638
1447 2650 74
2417 138 771
475 458 550
1252 753 135
70 2575 314
2697 2554 321
1314 1226 227
1668 2258 85
468 2291 123
761 1105 453
20 1998 844
2590 1824 671
2309 2149 540
1597 1595 962
2308 477 413
1597 2368 73
74 2532 275
2074 809 358
1044 322 849
2220 1501 552
817 1916 545
444 168 367
1042 1089 597
281 508 515
2454 1016 933
627 346 53
2637 2026 889
194 122 566
980 1316 122
2579 883 754
802 2022 124
2548 1500 680
453 315 671
1133 1421 430
1406 1889 555
1516 1390 380
1113 2689 50
2375 2016 527
2251 1827 934
559 1369 350
1617 1962 401
1117 99 517
1516 607 943
8 2400 436
1309 1362 246
2398 339 587
29 150 776
800 1902 700
1679 2048 309
1753 1490 656
1692 138 80
2001 968 373
1520 2059 437
568 2652 470
1498 1702 394
1568 1117 766
1694 645 912
380 1433 298
2342 207 114
1353 1131 188
768 1283 896
332 1868 873
301 1649 565
2214 1632 288
1462 1366 495
2263 2367 107
51 838 444
2365 2161 589
123 1707 353
2553 501 569
245 1504 580
2286 60 471
273 1682 937
2541 1965 450
2409 2066 69
1104 400 479
2224 1466 486
1366 536 899
2482 1554 326
1156 1272 443
2203 2349 130
1457 1995 124
2485 807 34
1480 1113 972
276 1976 622
906 271 903
1922 2466 825
1446 1001 464
612 1029 612
319 1654 251
