2300 3559
1166 99 460
1565 407 96
1789 894 446
1014 724 209
1404 851 882
742 453 901
30 888 834
299 1228 13
2095 509 276
352 298 409
1470 75 769
2154 747 21
640 1006 970
1520 1067 815
2022 525 74
2235 2159 924
1247 1473 395
2043 1950 273
438 1580 84
24 2291 506
1731 1708 232
946 777 978
132 2215 548
2218 623 404
2090 1509 982
399 231 187
1974 1861 443
1780 972 133
761 88 215
1798 1218 443
1458 1894 887
1243 265 554
2236 342 638
1307 1598 128
1253 150 419
809 197 467
1488 1532 870
1306 512 899
561 2124 989
2016 1351 85
1121 1797 550
1893 907 585
1668 1180 251
1707 115 908
283 1434 106
551 768 740
1707 1995 970
96 463 741
904 384 601
1057 628 280
1040 216 467
636 175 513
2197 573 391
490 2232 242
1793 923 659
223 2181 589
342 1460 423
605 417 4
1349 2148 623
236 882 670
888 2002 679
1383 1779 708
1592 1902 993
890 1466 762
111 473 704
1088 876 970
255 1954 307
1366 1199 105
1141 824 48
1834 1822 201
266 623 750
2169 1598 362
1251 1802 622
844 1786 877
312 27 223
1970 2022 338
1873 733 282
1917 1191 876
985 893 182
555 277 238
1780 2130 262
1544 1011 376
482 1861 635
1849 1193 617
137 747 324
297 1605 368
213 1866 54
2142 2277 809
1309 825 645
847 2056 159
1064 1910 330
880 1297 508
1682 1188 300
1537 1972 53
2197 2012 279
1430 301 767
2212 410 846
743 567 666
496 1380 377
2134 2109 623
1599 270 750
1729 823 370
745 1220 810
1685 969 232
841 1343 905
1872 1724 394
796 420 352
893 1929 746
1356 1757 115
1737 1509 673
2167 78 723
1626 679 779
1172 1488 396
479 672 875
2196 152 495
1074 1206 815
400 1789 954
961 1934 727
2297 1703 873
955 259 428
1282 53 820
224 900 961
1557 793 496
1627 1951 858
2009 1766 793
2188 1301 610
1676 1744 491
2138 1281 935
334 1528 483
1217 166 651
522 310 202
231 1524 592
1850 1208 276
65 1184 274
1133 2057 867
2097 161 939
696 1896 682
253 2253 884
846 495 786
670 2175 337
1823 2059 234
1937 1145 481
919 1715 637
647 156 888
1068 2261 847
711 255 309
1266 543 379
2143 2178 750
814 1193 566
751 1125 91
65 1459 287
1010 739 10
918 210 967
1417 1801 325
922 735 966
481 1845 652
1686 2003 530
1679 811 343
1058 1769 162
2115 1362 253
861 1579 300
38 1992 187
191 1846 761
2275 188 264
1282 92 124
2033 1285 13
2219 750 174
673 1540 551
583 417 783
1472 1965 694
1328 1760 370
333 749 114
1593 91 828
176 1495 975
66 1752 608
2167 144 786
2026 1670 292
451 2112 316
909 1544 908
485 2161 243
1179 2133 786
1368 1182 753
928 1201 198
1114 17 447
1920 1683 939
2061 1823 193
941 678 615
135 970 728
717 992 235
696 29 505
1107 2132 231
1573 1468 445
1414 900 956
1057 87 716
1678 902 370
1185 160 629
1599 2047 163
1481 1656 488
1015 200 647
1501 2296 800
1047 403 417
2189 1712 662
2196 771 860
1321 63 250
252 1305 451
34 2148 783
2091 155 920
37 135 683
1808 1230 959
268 2175 891
87 1429 877
1383 994 778
2015 494 428
1170 680 723
1059 302 768
364 329 696
1272 1957 940
669 346 679
1584 797 576
1760 148 687
1006 1557 208
970 1704 427
1066 1256 648
243 1787 818
781 2257 529
1742 665 794
1479 684 426
1402 1845 920
925 1285 94
2257 1979 838
1584 1931 650
625 780 306
1671 1081 351
291 2109 358
241 2188 515
1661 1540 92
2118 1648 437
1455 839 870
24 539 112
483 1422 312
2190 245 684
1509 8 189
2170 1312 938
2213 593 334
1497 1995 894
1799 1463 264
1250 33 610
1568 304 631
279 1278 478
1492 182 788
154 527 796
900 388 367
1304 230 294
1997 315 881
620 1306 216
750 203 434
428 633 149
778 56 779
1571 906 748
1989 1730 215
1171 446 808
1177 1418 355
351 402 362
272 1284 266
431 1912 515
1866 2262 579
1771 1255 115
1408 2010 989
92 393 853
602 2101 295
2154 166 806
199 2019 102
879 939 270
1991 1507 583
2209 119 376
1719 648 939
283 782 318
1209 1340 361
488 2151 33
2050 369 105
1240 613 316
215 1842 564
1040 738 815
1671 2277 556
749 275 839
1541 2162 536
1185 605 642
419 1565 712
397 2189 908
1885 1754 970
520 394 205
474 1397 478
1159 821 269
797 672 731
1464 1185 637
1415 204 2
484 1070 266
615 62 769
1747 1069 577
695 2258 217
758 808 895
341 1385 974
868 301 869
950 424 231
623 800 482
270 1660 725
788 2152 491
1722 1917 990
775 665 207
958 1982 299
1930 347 711
718 663 122
660 194 562
397 1764 987
684 1401 6
202 1132 385
1088 1063 417
654 970 922
40 94 964
275 1704 64
840 2031 259
1270 2192 850
924 78 584
2093 1136 872
235 83 937
1621 129 315
202 1013 550
1102 2053 79
1210 2197 904
966 732 35
247 1372 880
1108 47 371
1280 1525 464
351 1344 447
1583 1751 640
1680 800 561
1903 1949 563
653 178 402
1611 254 429
633 341 867
91 2037 6
1149 1845 899
12 2262 777
1443 1280 271
846 2069 942
1547 1226 828
1092 1432 788
572 129 91
2180 1959 927
716 578 22
1658 1908 520
585 300 614
560 1206 550
882 1506 856
485 1509 690
2131 43 642
1057 2296 8
1309 270 758
382 1158 808
909 2129 238
239 740 1000
1542 473 230
1893 1369 652
58 1131 159
1906 588 242
2076 233 663
215 836 908
893 1039 510
798 1549 351
1176 1131 516
178 1924 628
1300 1231 853
1053 290 389
2069 478 956
1565 2035 739
1754 1784 218
106 2191 74
2237 241 844
658 2054 662
725 592 909
1647 1347 181
267 2155 429
1902 1296 476
952 2225 830
25 1874 481
1012 1148 295
401 374 501
139 1815 495
1971 148 255
66 1058 80
660 2063 488
1444 1610 297
1369 1172 358
388 1938 791
356 97 954
2073 87 362
2196 56 427
280 1364 177
1944 1577 349
208 261 219
465 1277 248
1308 229 85
2006 1344 588
728 1736 56
590 432 305
1052 204 579
814 447 169
1107 97 520
1069 1099 418
218 1086 55
1644 833 511
1145 476 820
1587 575 279
475 2088 901
1906 682 666
39 1999 412
524 395 807
1621 538 149
1719 851 688
465 1716 76
650 2255 864
1990 429 958
567 1213 755
2050 207 349
2040 195 952
1283 793 935
952 290 181
762 506 432
338 682 957
1451 2242 945
1661 170 960
1694 1738 69
1827 2163 386
1353 1601 786
909 113 312
1023 948 985
370 1882 455
425 1456 683
1907 238 574
710 2172 86
1806 1842 987
2250 1131 457
1213 1904 427
265 693 76
1905 547 281
1536 1449 296
1128 449 159
2287 1871 36
36 1230 373
360 1135 20
1995 1479 996
1817 1270 365
2178 484 457
1838 380 299
820 1759 723
1612 668 159
2139 1879 432
1076 447 629
1849 2057 818
1468 1837 428
364 298 286
37 734 548
2162 1266 247
1507 1615 423
1708 1881 74
562 983 166
1365 790 548
656 2066 364
1273 1766 978
1023 1257 608
319 1498 168
1762 1982 950
482 1458 369
50 1045 133
1610 1507 399
1404 2285 799
1293 2 336
1326 1231 325
1888 2209 735
1244 63 890
2010 1086 926
1350 1725 969
2194 1289 239
932 2144 333
803 2000 821
1266 1239 467
947 1974 253
30 1957 553
2038 1864 435
446 2192 899
999 1171 844
1463 1348 483
1557 1924 169
1571 2288 413
1781 1282 527
771 775 732
2113 991 172
1923 571 631
5 977 117
1336 807 420
63 1366 358
1608 1528 598
1419 774 986
1829 674 526
1596 581 168
506 1240 505
817 2198 927
1771 198 852
1383 1637 790
301 1273 261
1623 1931 22
2165 2129 234
741 656 615
1738 138 848
82 851 621
2161 1871 824
1625 1791 400
1282 1040 370
583 1381 69
1116 1191 209
1450 1264 940
946 312 511
1767 1338 511
1828 1638 896
1023 1731 179
75 1341 400
112 85 923
1461 1329 218
2037 55 419
2249 937 623
2257 149 262
1205 1027 302
848 590 351
135 1088 530
326 1464 367
1053 724 696
1520 1411 163
1045 1063 903
251 1113 557
748 44 61
1995 388 241
1749 1848 894
37 1275 368
1708 44 752
1017 986 380
1225 2096 813
649 172 841
692 1618 283
1756 1249 742
255 1097 85
389 886 678
1332 1352 467
297 15 425
250 1562 416
1856 1415 18
1664 475 433
136 185 719
693 940 108
556 416 139
563 1806 246
1463 1952 585
1533 362 718
2238 1831 231
1933 20 173
1644 1724 329
1617 225 295
1389 2155 608
2184 173 216
342 1174 381
1164 1895 518
2116 2026 206
1565 2141 762
2286 2163 583
2231 2058 747
1156 1107 740
296 2267 968
1286 460 300
5 1534 31
1772 2098 875
1142 68 373
1145 1035 220
2210 1234 597
1161 2254 883
1954 190 119
1290 2258 400
612 1422 266
1343 1633 425
1922 2189 851
307 835 881
351 1568 709
47 1415 715
108 2040 625
526 282 964
155 1930 707
212 1421 288
1014 1265 524
118 1780 211
1524 1108 194
2104 1677 995
1330 329 689
2296 11 359
842 1862 423
1999 1540 582
1199 763 802
1377 2042 146
2199 1707 742
646 471 420
461 950 959
2136 252 328
2062 354 734
1147 2235 111
335 207 225
1560 1739 516
2078 1423 319
1402 192 640
160 1708 412
420 1680 152
1965 496 657
57 1505 862
1487 822 16
220 470 486
1539 2 250
1056 747 678
1809 910 43
2252 451 12
1047 621 315
1811 215 97
557 1903 101
1125 1769 300
1076 2287 264
441 342 29
1071 329 145
776 2296 81
1264 2125 491
566 1665 90
1570 1754 708
467 274 541
1098 593 204
1494 1621 716
1435 994 420
2 1995 550
1340 1168 167
1069 1802 441
1753 1140 655
2290 211 273
1489 1916 329
807 1303 121
266 1440 542
1386 500 910
2012 1486 9
1132 794 403
16 305 613
1051 2104 547
1461 250 175
2186 839 664
1468 1743 345
1314 249 604
1140 229 692
1659 282 199
1236 1251 758
313 2050 31
826 484 854
1338 2159 168
1537 1015 467
1382 2118 886
588 1146 438
1261 329 404
1712 2261 395
2297 9 349
2147 2207 648
1220 111 58
2191 2036 250
1234 2235 139
237 520 206
1974 128 661
1143 1753 865
1275 1254 189
84 1060 674
1945 1849 546
1248 620 32
464 590 726
1543 2125 118
1402 277 94
1657 927 758
1431 300 762
538 749 586
2187 84 668
1415 1121 806
95 665 1
840 752 217
60 2113 253
921 1472 705
1814 957 216
64 1454 352
332 1040 977
334 881 843
215 1424 43
1572 262 252
396 1317 474
1491 1209 309
59 645 142
499 373 703
1495 1795 72
91 1396 949
2251 1882 371
614 1362 624
86 2223 296
1365 298 485
1263 1520 198
1482 2179 340
2248 164 470
898 2210 902
1842 824 171
1076 301 236
861 2025 866
2169 879 759
2049 382 736
594 841 413
391 1619 719
1960 855 359
1971 2254 646
161 2299 94
1154 1273 688
480 355 523
1735 2221 339
1053 381 482
1621 865 891
1889 1474 230
1914 1152 667
261 2089 578
763 2004 600
2023 1885 348
1608 2036 757
1653 1799 373
36 1818 555
549 303 410
713 1345 489
130 777 7
1121 1730 405
245 2058 605
1013 597 582
428 1293 612
2183 553 570
1997 2177 100
2032 1132 273
2048 14 528
783 2054 76
1741 694 700
197 1923 746
2180 505 20
1039 990 173
177 385 143
415 1169 96
1161 886 215
61 1841 202
2255 1316 425
170 791 108
995 1321 311
521 870 260
446 2177 351
1667 1959 691
960 2278 450
1686 694 552
250 1541 485
202 356 500
618 2194 646
1790 725 279
360 935 493
1737 847 433
1587 2278 833
987 1435 744
761 942 350
266 1085 979
69 903 126
1186 1645 82
2135 1381 135
823 1742 109
995 2219 221
1295 817 239
889 744 744
1955 497 682
2176 178 237
843 2298 90
821 2095 818
1614 1174 858
834 1008 320
1429 2258 785
1247 1226 429
105 485 271
234 31 68
1483 810 846
617 1408 987
1326 172 150
1163 30 450
978 1892 1000
2030 883 61
211 1440 217
1876 617 533
890 358 376
956 1421 136
1134 789 440
604 1913 185
660 106 470
1486 2077 76
1338 49 23
73 1428 677
574 1838 610
2122 953 803
1810 196 99
165 905 950
2260 477 847
1940 1700 265
466 774 549
850 1918 202
490 1331 418
1320 1841 501
1980 1924 713
1805 1642 134
30 726 528
1663 69 908
2065 1500 224
34 2030 796
1576 1155 438
74 1106 205
404 1813 801
755 1098 93
273 630 675
1875 492 286
2112 1261 158
298 60 175
1279 822 729
329 2086 961
964 2235 634
2204 1638 35
2052 1387 266
2263 1844 395
429 1191 640
1617 1220 918
2167 985 253
1977 1323 114
1350 1152 846
486 1908 153
2112 506 328
2143 750 802
1360 621 616
191 1259 423
1880 1701 312
411 1402 276
225 1916 593
1470 1121 908
1104 1208 956
197 2026 506
2269 301 939
1800 111 916
1564 835 904
2046 955 122
280 2267 16
540 1227 751
324 478 254
974 927 149
268 1701 729
353 924 79
1278 157 959
608 252 180
792 468 26
889 708 595
1719 1755 704
973 1082 127
1126 1329 976
680 264 396
1144 2010 681
852 1494 195
1857 1298 739
1370 1548 594
446 1033 142
1825 1223 326
1047 2181 693
1179 124 650
2167 1792 673
2124 300 161
1910 1162 237
889 1590 421
255 1117 152
2038 1781 610
1714 955 980
2120 220 880
1314 1136 720
2112 498 717
1887 793 637
397 1468 756
63 1614 924
2175 122 582
965 553 908
1932 296 298
919 1778 342
1080 1757 516
160 1625 437
1573 536 158
845 342 156
1528 1108 596
791 1526 221
123 1998 652
110 613 520
911 1970 95
781 264 501
1201 2269 643
1654 890 910
1220 619 746
80 89 202
1405 1158 468
1712 1960 1
849 1974 714
273 133 929
1602 1400 447
991 387 400
1054 1161 906
889 1274 488
2193 1995 604
1178 1096 649
1647 381 10
1751 317 711
968 1808 217
83 226 961
150 1829 900
1849 1966 605
16 1548 52
1797 1047 618
2196 707 85
630 1958 358
6 1955 894
1370 1618 883
2183 509 277
2166 674 474
1725 949 658
1680 606 174
675 2283 340
498 1284 929
523 1898 937
640 987 139
1034 1249 771
1586 1046 585
1421 783 148
1565 676 580
377 844 843
1193 1322 26
1101 1917 838
160 1950 32
52 1802 885
24 1826 361
2243 728 643
325 2136 121
169 839 814
2218 1328 648
1876 1374 1000
1542 1405 401
1418 277 989
629 1967 758
436 1281 976
724 1083 919
1142 1912 228
1686 1674 90
894 966 497
2099 1045 600
859 2278 312
1348 794 850
246 1014 145
599 2284 777
6 257 910
1314 1270 914
1579 852 361
1503 2126 522
1351 1586 11
599 2273 936
1184 866 668
2298 1602 869
420 1670 791
491 1489 492
401 759 500
1047 9 325
25 81 270
2135 664 948
1114 2265 89
1434 61 826
1774 2204 436
1431 1301 253
520 1611 207
417 1003 720
1112 229 52
269 680 301
0 969 595
1785 1273 456
1465 838 652
1782 2182 524
770 32 370
402 2287 535
424 238 903
1444 624 995
1419 43 38
966 1849 267
950 995 431
671 732 429
2263 2215 422
1621 1231 646
268 2069 39
1181 807 82
1677 1163 345
1950 328 97
622 341 986
2169 57 874
752 772 166
602 476 306
2256 2038 571
436 474 637
2139 1456 972
2094 2185 832
1332 432 496
847 570 313
1602 1431 753
1105 621 91
1884 1842 980
2036 1973 460
261 1490 417
1688 2014 162
81 1911 177
1684 842 33
1666 955 421
1000 435 949
1353 2162 992
1148 2186 304
879 467 533
990 2227 498
1738 1379 54
356 2039 37
2193 1111 476
545 2129 163
57 2266 331
129 2131 50
840 1583 943
1850 60 892
887 775 225
806 1551 120
1064 828 641
790 1792 723
1434 220 190
2249 790 712
1458 928 558
1369 821 569
1080 1919 623
2100 1836 344
1128 333 18
1704 1738 981
1713 24 715
508 1554 105
886 1967 773
420 2059 497
307 577 496
1047 733 989
830 1804 110
2078 741 325
399 1622 869
974 2082 781
1759 1142 114
158 1180 760
642 1508 804
465 218 759
514 7 343
775 244 21
122 603 923
1235 524 606
1310 653 25
893 1116 706
804 1601 663
1334 143 300
2099 857 488
1164 1864 812
951 1400 204
695 587 650
1794 1757 628
1998 1661 911
1971 1801 92
1952 158 71
1587 991 86
1352 2295 459
1912 2274 443
531 1992 7
787 1609 172
909 986 617
1333 558 236
1624 1564 403
1786 75 577
46 738 267
1862 1381 195
979 1622 901
1758 2164 976
1927 1842 265
1414 1246 55
791 911 423
686 1153 419
1687 1749 616
2082 1733 307
722 805 849
2282 533 148
1836 2025 502
1427 1331 976
954 228 807
67 1037 662
698 88 226
23 573 809
1866 2165 733
339 168 649
1490 2008 199
1292 994 940
51 357 946
1675 1079 457
2035 2119 79
1180 2084 273
130 1330 681
1781 1731 874
1984 2236 781
593 1837 930
166 1263 311
650 2188 603
2133 233 995
1101 375 886
1754 433 294
1920 1874 739
2296 1994 363
507 1962 939
2289 1363 72
2073 695 772
505 919 545
1650 139 574
287 1259 70
1281 868 939
199 131 182
974 2229 145
393 1963 831
129 1045 10
1829 2097 760
1553 180 434
1482 192 406
454 480 810
792 1500 765
479 1570 594
563 2033 404
1676 994 888
527 2190 647
586 719 506
1216 479 445
428 1497 19
2285 1813 810
42 762 341
1161 657 94
885 1447 422
1564 655 674
693 497 178
181 2191 243
1650 1967 217
1626 1829 280
1839 1318 219
2175 362 86
2075 745 791
889 491 331
1369 211 210
118 2143 379
286 36 75
1745 1490 692
1412 675 814
187 1736 248
2229 557 333
1534 1971 2
1997 1764 112
742 2124 58
950 2281 771
1588 2040 869
2044 721 107
278 685 218
86 31 277
1470 861 207
2230 1315 136
115 2021 398
1391 1799 50
1023 1993 204
744 2092 458
2117 1027 316
821 111 488
1569 339 691
2106 1339 27
618 2009 600
972 1247 60
1752 1941 605
2044 751 595
2118 1611 894
888 1769 927
575 544 107
2072 469 130
459 1066 875
1993 687 88
162 1042 565
1865 2110 49
1128 442 421
2151 1049 460
47 1748 725
1189 990 642
2147 73 427
1115 960 807
1992 1711 666
915 643 554
471 30 175
1557 500 814
350 1063 849
164 1543 680
1881 107 736
382 2070 339
2207 328 367
591 313 916
514 1856 260
796 325 196
2190 186 826
1903 352 685
154 1961 281
796 1499 873
259 1815 718
1349 2129 40
2032 1583 284
2224 557 415
1412 218 563
1131 866 425
574 130 594
2215 989 126
1523 919 268
617 2040 904
253 810 899
735 1100 884
1962 1434 84
1255 902 939
1865 280 151
2114 1095 323
309 1958 178
1176 1837 259
1695 584 912
1037 687 574
166 1457 459
83 2295 861
1419 1142 287
1569 829 979
200 426 199
1683 1544 775
1369 2102 338
420 1645 278
817 730 19
1837 1741 852
133 1841 2
1556 2122 907
271 2134 647
1306 1512 693
2251 697 475
755 142 262
1210 1602 153
378 1157 892
1190 1217 60
1260 1392 784
1580 1720 575
29 1418 559
589 2203 902
1301 1608 151
585 1661 83
396 155 359
972 804 576
662 2008 331
1542 398 175
1652 1609 19
1632 1422 481
1570 2073 25
1733 1330 920
663 153 805
2069 1064 799
2269 200 958
91 1378 31
269 917 800
857 411 843
871 530 386
1456 778 731
735 529 412
155 1752 471
772 1968 463
319 100 299
1147 1408 310
1671 1871 791
17 1440 549
506 635 729
584 1735 672
1385 78 549
1466 470 3
1568 1171 80
2043 829 969
1788 1699 352
1629 2199 835
874 504 790
663 669 857
99 737 716
1760 839 666
1928 1693 349
1702 48 93
980 2189 196
927 994 691
2001 546 556
1030 6 739
527 239 843
2118 168 856
2119 1550 452
483 1532 794
1307 107 923
1450 2162 933
2049 2299 493
1331 537 744
151 362 300
875 2226 577
2031 1640 415
632 1338 160
2238 262 869
1133 2035 961
656 1990 205
937 1108 431
1317 965 369
1311 1270 570
1879 119 644
1225 1247 858
383 2232 872
2210 389 843
8 587 2
737 2021 943
1580 87 229
2071 1622 989
1454 1708 66
1749 90 366
1090 1985 336
2186 790 721
2129 230 444
2138 361 963
36 977 897
1011 616 164
141 516 546
1307 1500 553
806 379 197
1173 1359 825
902 991 54
522 1488 270
1622 1719 781
1705 1650 116
2033 1665 175
81 580 766
810 1721 801
2157 1139 927
1204 1390 779
1447 1295 86
1046 1031 387
771 2145 802
1382 795 911
2030 1425 695
165 1058 680
1106 1664 11
2062 1211 882
210 599 355
917 1014 729
116 35 520
910 1883 320
2271 1524 809
2079 409 223
2065 2164 501
584 1849 251
1236 499 976
2073 340 628
1216 596 111
1260 194 301
1544 623 114
1750 2287 894
68 734 756
1938 250 824
431 699 568
652 767 846
839 1654 461
878 2049 895
1639 591 157
2002 886 942
1871 1243 969
355 323 222
1336 2188 641
2242 1890 985
1149 986 887
1693 920 804
942 332 827
2290 602 92
399 1342 688
2022 1551 586
1221 1386 467
1659 862 579
574 2197 206
564 434 524
1332 2032 818
1114 870 941
449 2137 701
2120 1384 301
2187 835 407
1786 1587 696
430 2224 717
1801 766 856
1678 772 617
391 511 441
2167 1691 977
1788 1211 457
852 1625 379
2105 1211 315
1712 586 535
1392 1190 786
697 1596 16
1063 346 193
1268 900 797
1935 1262 322
1813 600 804
191 1480 366
65 693 828
851 375 177
1261 1206 307
710 204 169
187 2208 948
215 188 863
903 742 537
929 932 198
2093 745 924
1201 1617 442
170 55 614
1223 1268 663
2203 2285 132
852 1614 167
1132 1658 269
439 206 425
40 769 929
1332 1185 32
1073 1339 169
709 1026 171
2098 653 500
1022 698 484
1982 975 883
621 649 441
140 1020 240
1699 1534 326
2067 1145 284
488 1228 341
1346 541 934
2290 1099 126
491 1517 79
131 270 73
1502 1977 34
2002 3 960
705 1253 531
468 738 657
1234 108 417
713 743 853
924 1941 870
734 931 599
866 313 545
1228 1561 131
2070 491 699
1330 1884 234
1200 2069 357
1875 1670 796
1583 1851 60
682 2042 919
850 1083 53
195 908 271
88 2229 630
469 10 430
1913 360 572
1840 2177 602
2132 107 608
1359 2245 389
2038 2221 199
887 1660 230
67 1154 698
1557 1086 972
704 1779 923
1944 426 662
2192 2224 784
205 1513 310
785 1412 511
1002 133 14
1927 1567 934
793 1144 536
1420 1617 432
1506 2100 996
1324 1529 238
966 463 913
2284 1450 115
418 2251 702
1319 1404 605
677 1721 669
2013 2166 149
2120 1843 792
232 1256 141
1205 1318 910
699 2249 22
1856 1706 376
891 1679 475
39 1469 192
672 2128 708
392 677 937
905 1069 193
432 402 321
767 1248 131
1566 1183 792
719 335 319
725 677 834
912 554 305
1747 2014 766
636 739 995
1221 1067 102
875 988 680
1243 1118 586
1302 93 96
2020 1062 653
1073 2177 92
1648 9 218
945 1960 275
1091 1536 996
1575 495 180
1133 2226 943
1904 543 769
2233 2193 589
1450 531 213
1277 1422 74
229 463 789
2157 738 661
2068 2037 737
1552 1741 647
1053 1975 558
473 1490 631
2023 709 406
1738 847 421
670 1384 597
1620 655 267
1912 74 259
2291 197 998
927 1135 636
244 94 203
456 939 93
1416 263 753
1358 317 979
2152 1728 836
2143 2100 904
1297 309 570
797 314 62
348 1038 100
255 1223 537
198 811 419
136 514 81
257 1232 517
1887 1536 559
1671 231 370
1251 940 675
1569 186 805
253 2106 857
1104 1800 342
423 216 841
1197 1487 305
554 1800 474
1407 176 511
1812 977 657
15 98 69
85 1605 696
387 31 337
106 1568 480
1083 1085 761
2047 48 716
1790 1148 413
1993 1089 118
2269 2029 131
1673 1692 172
566 2130 700
1735 716 334
192 768 740
1414 1076 724
1619 735 713
1083 811 354
438 237 913
564 1668 19
701 1437 10
488 1103 779
1757 254 359
469 1852 856
226 1990 843
722 1388 600
658 109 43
331 813 285
927 1938 23
1618 683 668
821 1133 413
320 1209 924
265 1996 44
861 1572 186
861 576 655
1212 327 989
1642 2246 250
2109 613 165
298 1706 343
694 33 969
275 1346 760
683 1790 896
376 1917 310
1291 2059 240
381 1642 875
1958 1758 238
47 15 595
538 1354 31
1103 1040 947
846 787 498
262 1477 160
145 449 965
2228 47 172
106 1510 175
385 1010 911
1412 324 876
184 518 230
1999 1154 986
584 1204 386
471 1439 989
234 1256 922
1045 752 836
425 1948 117
1678 1837 827
1845 329 66
820 320 844
1842 125 434
654 783 9
1636 682 92
1412 1582 881
819 2283 640
1865 1451 927
857 1552 730
475 372 591
2235 1122 367
1253 2015 967
874 1188 441
232 1896 287
1363 793 972
389 156 694
2148 2200 612
1021 1574 346
787 1582 893
2269 2203 789
2279 1201 853
2161 501 591
2195 756 832
821 1671 319
14 301 664
1716 983 367
1778 667 21
1187 584 549
2012 1540 155
1376 102 179
2081 692 14
2229 760 364
157 535 669
1561 1785 708
1099 1805 16
2049 509 384
924 242 970
279 1161 624
444 205 904
1842 647 482
958 1658 137
351 586 918
1524 1137 716
885 1996 508
1332 2070 59
2268 1266 671
1210 715 532
1271 954 972
381 1615 145
1183 2097 236
1947 2183 899
810 924 854
879 164 984
1274 1974 536
918 200 311
474 1174 412
820 1441 947
1371 1446 579
1421 481 34
1621 24 961
221 152 677
792 595 670
1678 2082 43
1808 38 555
1875 1849 738
1788 1948 517
1215 1607 662
1665 2049 358
495 1855 930
1589 896 638
1392 1474 588
423 777 709
1980 2231 457
85 2085 417
2176 514 479
1577 234 122
31 1222 757
1399 1448 440
1251 239 494
1762 1022 270
639 1016 420
86 1811 318
1343 1329 728
578 286 668
1479 451 386
1116 1675 365
725 786 743
1405 2025 880
1562 275 149
2078 2107 928
592 1035 363
1182 1859 373
274 375 621
1137 1945 889
1526 312 745
1935 1618 139
361 289 364
1030 1905 227
2271 1219 200
1684 1436 999
388 1219 245
830 1809 335
2271 1083 671
99 1408 804
1297 849 548
1940 2020 20
330 216 677
1234 2126 287
1808 615 698
2032 2162 72
1186 246 54
756 430 920
1691 896 43
429 1617 628
18 2179 566
1146 2252 403
1756 383 535
640 114 476
1439 2069 252
1010 1928 30
1108 1343 273
1852 1463 436
512 1720 53
210 1189 349
1702 1565 871
1070 1586 151
311 1491 379
2171 1821 633
101 1421 366
1221 435 578
1691 1767 538
2016 712 879
1035 1361 210
747 2098 14
1477 89 622
1495 2005 620
1447 1650 175
399 2296 203
943 1255 491
1363 2298 533
182 1026 575
1440 784 64
1420 569 33
1936 2170 525
2227 2119 161
824 478 400
502 2242 986
949 975 695
665 1646 722
1546 1472 919
365 915 691
95 758 699
110 1532 243
1780 2026 195
2221 281 77
36 531 541
1869 867 870
872 972 597
2080 648 350
1686 1610 920
1868 2282 78
1410 2274 335
14 632 648
1062 1767 122
1757 249 859
2164 752 672
670 606 164
2257 1127 401
1380 1871 351
56 44 811
847 104 19
450 268 266
2234 401 840
823 30 183
2243 178 226
2266 1792 817
44 489 114
999 1782 440
1019 822 81
2261 2293 196
1042 470 432
1061 1057 771
288 376 367
1110 1988 498
1492 899 727
1332 938 447
999 1642 629
2153 1648 833
384 1004 415
1834 100 359
473 1357 269
2078 1522 205
646 115 159
1450 1047 205
717 1264 157
766 1012 884
925 1704 540
2220 119 721
1679 980 29
743 1099 950
2090 1068 71
1554 2276 519
1005 2279 586
1417 1543 361
111 706 912
1716 915 440
161 1295 118
199 550 777
794 858 554
1557 94 999
1039 538 93
1356 339 926
864 1394 52
701 925 628
909 742 309
866 1257 272
2025 1225 569
507 393 142
1573 182 522
926 920 598
1750 792 46
349 1894 913
1570 1912 676
151 489 907
719 2066 862
911 45 824
836 1423 639
1156 655 185
1039 1740 667
716 971 93
1446 18 166
0 2153 815
274 2096 99
965 297 620
538 1107 428
309 467 150
854 1825 932
919 2245 14
768 494 872
1298 1176 673
1721 333 510
1468 57 193
1720 2026 219
1231 322 730
286 47 860
219 2240 926
1814 1994 16
1848 1766 376
1507 1219 654
257 1475 91
272 1001 232
636 907 534
1764 535 718
1296 1842 863
2007 2283 624
143 1730 271
1935 1429 141
1339 1232 844
1866 648 744
1483 2028 413
816 520 418
2171 740 495
841 935 874
1569 793 89
1836 2192 215
1973 2274 260
1078 165 981
438 1608 668
1674 712 840
1525 1010 974
1174 497 812
1595 2255 604
1925 1083 568
1339 2088 819
1347 2035 607
1242 1301 714
1821 2196 281
755 618 20
1849 312 876
1718 519 535
1844 2276 953
2262 2095 10
711 1812 98
1050 665 750
605 1642 708
1880 448 628
1897 1288 876
1080 1183 565
170 269 106
372 485 790
164 1416 38
441 264 124
2048 833 518
1158 78 165
1719 2225 510
1149 1026 744
1460 1768 271
1213 396 77
648 1092 904
2219 2186 49
2191 289 887
54 1424 524
2187 538 591
491 1567 23
1998 2296 950
2266 962 632
1827 676 285
1269 2144 259
724 429 434
1200 663 515
1277 2028 238
1734 1584 41
1066 739 77
1321 769 224
2275 1339 590
1263 814 187
530 1868 572
344 1200 958
1863 1405 660
405 341 288
1884 1286 903
1956 1459 833
242 2182 379
480 1373 571
905 1637 722
1789 304 473
36 195 709
508 1629 767
45 936 471
347 590 507
1621 1041 3
346 958 992
1226 115 590
1653 417 51
1273 1575 308
1905 1660 461
555 2015 347
1981 1204 564
317 1162 120
2255 727 657
720 714 105
342 1162 111
735 1546 793
1843 1648 177
1951 647 72
2012 1330 840
2092 937 551
450 1891 983
1998 1077 281
1757 134 711
1433 840 517
2247 591 676
760 903 466
481 2051 762
1395 1855 652
1617 1113 116
1186 1123 379
362 640 864
2180 2020 123
558 1661 835
1349 216 996
1734 1288 672
317 647 233
1397 266 509
58 1603 56
102 1618 817
1097 394 688
613 657 419
1430 1598 819
1032 2257 51
1505 885 582
1697 1266 208
1339 152 379
1886 2293 220
1337 1414 210
426 96 987
2052 185 526
1142 673 590
1930 1770 976
808 1403 895
1357 1846 232
1622 674 171
1855 527 643
568 267 918
1104 1353 934
1449 72 35
328 94 45
2031 1567 548
888 2199 533
1656 1496 53
2192 458 845
1400 879 951
683 1719 609
1674 1503 770
199 1523 253
1469 320 156
227 467 754
1323 1195 624
540 789 542
731 1271 276
605 199 938
1075 2169 594
42 2064 362
1927 1290 469
2256 146 875
2056 2150 709
1308 697 484
1546 1491 212
1349 1952 105
979 710 790
864 663 775
2201 1198 488
300 470 132
2040 1667 208
1461 952 904
2038 1125 258
358 588 232
818 1027 330
681 1160 562
2147 819 759
737 2137 379
1577 1314 374
210 540 230
757 587 344
1386 718 202
823 1182 212
84 2184 364
609 1487 481
2150 421 64
257 1784 949
365 1670 10
1056 2286 717
2018 423 692
1431 1549 540
1109 1508 855
1257 1593 138
320 2112 95
311 1295 48
1129 1053 427
47 914 976
834 2006 470
1687 1182 77
551 1352 998
248 1644 132
650 613 538
2023 447 568
1107 1750 131
1053 1519 867
179 724 82
290 154 874
1629 572 71
926 2069 82
1941 998 746
841 776 157
1656 1422 3
1413 1952 257
1340 1669 27
1725 390 970
1343 651 155
1127 2291 776
647 1553 158
530 121 884
251 287 961
515 1149 953
155 846 397
2014 1784 750
90 1848 914
1075 437 804
1493 1414 800
208 954 223
1851 1231 44
1813 1465 882
455 1597 202
214 1037 854
674 2268 706
762 593 249
404 1723 790
442 1088 417
1305 1568 125
911 1667 197
952 233 418
1903 220 808
1733 227 248
2266 1561 639
786 2173 518
261 1747 967
529 511 279
2261 947 943
1007 52 272
1376 1018 849
1622 476 308
1429 508 581
1521 281 15
1154 1118 352
1864 1355 702
56 593 389
1309 1215 906
325 450 426
1432 1693 640
596 1721 680
1891 1297 621
1170 1360 598
1878 1244 930
585 1211 974
540 2158 920
464 781 757
1150 312 711
628 1177 777
1649 1477 652
1589 1287 76
1944 1376 660
1806 1290 157
1587 1902 578
787 1267 150
1897 477 465
679 360 708
471 683 10
237 839 95
1209 2101 406
183 1844 29
972 1146 101
1856 1866 268
1039 246 884
1408 143 788
2192 2123 880
709 1043 87
1572 1138 910
987 989 324
788 572 342
1516 560 126
1220 1210 555
9 769 544
213 2168 984
250 2089 603
2230 1926 858
262 1269 698
548 2017 12
2249 1173 999
1799 1323 601
540 1192 354
161 1446 71
705 1392 16
795 661 492
1513 1383 527
1169 337 960
461 1675 34
1040 1605 390
1983 2156 739
1629 462 771
1188 968 923
520 2083 373
389 466 960
1751 2129 967
1997 659 719
362 1565 279
1448 410 369
1600 618 444
1557 887 467
1165 907 572
1001 1870 339
1080 1731 205
567 1361 749
317 2067 824
1990 1761 978
1043 1555 678
1951 1017 704
143 1826 903
2232 15 15
2285 410 90
81 254 671
1284 2182 940
1270 443 422
1001 246 516
2286 3 616
850 1483 463
284 1707 30
694 2056 455
1649 1280 248
279 1523 122
1896 107 337
902 1004 980
362 1174 765
538 1613 847
67 1170 164
852 1707 624
2251 2177 455
2272 118 561
1476 1051 832
442 875 712
1441 2248 289
1137 1004 981
57 2056 534
561 1005 227
935 482 540
285 1054 91
1107 98 800
2282 295 98
1706 1004 275
1282 1173 534
1851 1528 51
845 1389 278
505 1978 817
1670 896 396
56 1245 699
148 1997 246
2063 1868 951
809 1085 59
312 118 647
342 1795 931
238 943 450
406 172 931
519 1940 67
1970 2077 683
1157 685 530
64 1459 265
259 1280 420
455 1265 958
455 462 198
973 593 878
1202 97 357
1902 1716 704
615 140 580
846 2060 667
1383 799 688
227 189 540
510 1410 533
2070 661 824
2279 2258 152
389 1455 249
735 734 222
1617 1261 945
352 1433 666
726 705 116
1555 2208 633
477 2246 157
408 2178 107
1143 1228 66
1033 1311 10
636 633 268
584 751 453
1908 288 504
2058 435 126
1440 1120 987
408 2031 43
1708 599 322
1194 697 398
1789 657 14
463 2227 772
1036 1418 732
203 472 258
1981 1157 185
1568 1728 308
1395 303 248
1359 513 402
234 1871 813
852 494 925
1009 1809 132
57 778 310
1468 600 523
651 539 76
533 443 951
281 770 437
1330 1796 935
994 894 607
1070 851 241
1868 1425 676
2028 1795 515
1743 1954 828
1313 1686 404
2287 296 445
128 474 245
700 2175 829
1902 777 315
2048 69 487
1330 1538 647
1891 168 359
904 608 997
1923 1142 589
2140 1739 963
2062 2072 993
1083 652 278
264 2031 903
1535 1330 768
1619 20 945
2109 2211 91
622 69 693
1596 2269 117
979 1014 58
717 811 488
1961 1093 731
1552 2272 80
1555 136 210
973 2279 151
1932 742 790
1784 84 33
2050 1234 63
818 535 848
1352 1052 901
1840 1012 385
989 277 337
846 488 760
990 971 939
583 224 659
1401 169 546
906 2263 631
484 56 2
75 667 787
971 928 106
78 1967 433
984 1483 522
1155 425 379
529 2175 183
1280 741 224
934 422 23
2232 965 62
327 185 880
176 817 214
2115 1433 458
156 2298 975
872 990 435
350 1508 51
2136 1099 254
970 1920 410
2083 249 748
161 420 687
653 1880 339
1395 935 998
1434 950 677
202 740 60
1876 1650 952
1337 2004 701
2197 672 518
1563 2036 609
981 59 466
1399 427 520
2090 2087 745
1774 598 399
2070 845 817
432 398 331
2017 1381 471
287 1116 666
1028 638 234
1730 483 602
851 775 273
394 1242 215
1166 157 880
903 1726 862
1119 1708 606
365 1312 404
703 1197 589
518 802 583
623 2023 299
55 1852 928
515 549 317
2174 753 591
1715 1646 40
1542 1805 792
660 1082 209
2051 1859 911
1060 90 262
1442 736 195
766 2202 450
474 380 497
2265 1761 990
75 364 11
1865 2022 564
1671 2135 883
331 2083 565
156 894 409
1018 1187 514
509 172 19
713 621 28
1315 76 388
1312 1777 833
907 1161 701
1880 653 19
235 767 501
1262 1413 781
949 1316 669
476 1231 709
424 2256 442
970 1097 433
503 1097 642
2153 1905 470
1305 334 309
559 1466 403
1563 327 153
50 1891 401
1235 834 473
2060 1430 404
428 86 938
299 1641 382
1778 877 337
1211 1340 709
2292 104 706
879 502 271
1599 712 804
1741 222 750
659 968 261
1284 1181 19
1790 2035 968
1504 1658 161
2198 1660 943
1371 771 556
1105 82 770
1603 2065 211
1695 979 231
824 345 899
1257 143 344
947 1157 787
270 1316 936
2030 312 106
880 1525 548
1839 2057 707
398 1911 931
177 1803 538
1405 248 286
1502 287 116
1002 1165 293
133 2181 146
2144 424 268
1725 1493 320
235 571 338
1452 1228 336
1678 1136 640
888 1377 167
367 1835 701
1428 2070 924
358 1110 902
786 1505 60
303 2094 444
658 1618 743
310 452 489
452 1827 288
1834 934 211
566 307 2
533 1374 129
1146 2254 740
1211 445 388
36 294 138
1197 1380 875
774 2033 53
2010 2113 745
1129 206 778
57 1784 973
1235 1053 40
26 1784 599
1899 2266 16
1581 232 981
210 27 765
198 1031 592
592 594 721
1750 1710 877
1532 32 216
2059 13 836
2097 1611 608
906 184 61
571 328 348
1778 517 596
2100 765 305
1072 460 22
631 377 553
627 573 508
1920 606 468
1665 1166 518
1754 1233 765
1882 2120 971
2176 1473 980
2056 168 940
741 1748 575
1454 1484 153
1350 2225 302
188 240 66
1129 386 143
436 996 341
1413 1057 55
1140 1056 618
1633 1404 857
873 2288 153
812 1882 318
1490 1831 31
1273 114 73
80 1038 532
1983 1556 465
2117 804 186
1201 1229 849
1859 2238 603
432 1105 307
1618 2167 109
1105 1938 311
1510 1791 308
1530 1803 650
14 1181 791
777 615 770
1920 1949 88
642 1685 262
1963 573 509
2214 2237 163
977 324 26
1695 1786 101
2073 197 529
2251 47 705
424 1382 177
2137 574 771
1872 315 625
1037 1955 149
349 928 736
533 2118 710
1492 1881 199
1081 392 373
86 1831 742
775 1518 688
476 181 777
825 133 164
1352 1814 54
2073 1458 181
680 466 733
731 1425 175
1297 109 132
1093 1351 293
1493 2203 371
831 482 867
443 869 257
1152 1376 755
1887 1217 110
271 1523 147
460 2090 988
948 586 474
2128 1208 384
316 702 390
2233 710 350
1372 364 33
96 2104 105
904 1863 142
145 408 481
1430 0 13
1286 207 237
2119 149 500
1104 806 334
6 323 708
997 507 975
1017 283 207
1698 317 561
908 2215 649
683 1957 102
1080 951 139
1370 1194 442
1391 548 923
1807 177 50
2095 31 582
1869 1434 242
2226 1089 425
65 1797 363
355 1508 815
2180 666 287
532 577 56
1660 1853 847
2002 197 920
29 2016 860
1911 846 516
2272 97 85
1696 2208 691
879 1591 705
1842 2277 971
386 2221 707
2229 1284 618
949 1646 668
879 2228 46
1794 2199 728
1893 387 798
1882 534 763
1556 1794 163
1588 515 439
1258 503 586
2179 2074 958
1255 1097 774
1018 568 690
1752 1361 289
1441 642 188
477 770 998
1650 1908 39
1072 1613 770
1605 1880 217
1381 2258 259
1196 1925 209
1031 1329 636
1426 155 529
2162 1693 781
1240 2116 949
382 505 749
6 1696 461
2054 2021 815
478 1194 79
1366 1656 557
1158 1962 649
991 1572 313
2007 421 145
830 1346 16
1560 841 415
531 1938 869
1243 1602 936
1177 586 354
1275 1379 426
579 2057 689
1152 1948 859
1283 1050 763
970 914 834
1265 1244 259
1779 90 873
2204 838 482
1338 1428 360
1283 237 138
2042 875 854
755 18 862
2006 1685 726
1309 591 160
1159 1119 937
1037 2181 576
1136 1539 725
504 855 318
1356 186 781
1470 1931 829
107 1620 331
1281 106 847
1276 952 202
30 1341 192
2024 1124 344
533 173 150
2173 907 80
558 1348 13
95 1515 829
538 749 252
671 1733 848
38 1541 273
1090 2161 785
11 486 816
1630 2058 726
1885 1521 950
124 602 456
445 595 706
517 2099 303
855 1166 186
96 129 833
1525 1839 523
2159 67 891
1787 1849 943
1829 592 868
283 1667 916
462 738 960
1931 986 830
128 1771 597
909 253 711
1855 915 875
603 518 781
897 893 161
1121 2158 449
1241 670 891
1237 2016 409
2046 1973 219
1353 400 262
254 2115 403
1517 984 157
1252 258 970
985 1410 207
625 160 740
1139 268 601
1464 901 482
1399 1392 214
2021 1654 933
1819 1521 6
1980 692 93
1427 1446 354
1723 1755 457
731 1506 198
520 916 29
350 1538 741
1220 550 283
1257 1432 993
249 961 63
1313 2084 418
1666 1243 816
1496 1114 698
1312 2106 391
656 130 500
1333 2216 906
804 1292 857
306 211 67
1681 216 449
656 654 964
293 1736 315
2039 1188 566
55 833 285
1582 1698 743
204 2180 156
1817 1024 59
1390 1872 531
1636 850 888
594 1744 485
1561 519 203
1208 1107 701
1910 327 684
2183 416 761
362 949 60
160 423 573
1659 733 369
291 989 657
1966 1582 566
1291 1897 604
441 2222 378
1060 105 896
1538 1072 716
501 1931 383
1709 1838 47
19 1997 25
2084 361 941
334 563 913
2027 844 903
1057 911 37
320 891 662
5 2077 578
846 310 747
1731 1141 138
736 1689 501
298 1013 431
236 1454 224
251 1066 142
429 658 675
1496 720 603
730 1657 792
2105 2296 625
1832 2182 542
2 628 339
935 833 430
65 466 729
758 126 121
63 1216 167
991 1346 501
1319 680 287
1893 374 426
2088 1160 308
654 1231 196
2237 745 735
1712 537 959
331 1967 6
519 975 496
166 1170 838
937 475 725
1506 1618 530
624 1691 750
63 473 149
1517 1299 381
1438 81 817
1676 1683 331
739 352 730
2117 97 812
2280 2262 568
80 409 346
289 1772 902
641 277 815
2112 2290 28
153 1335 105
614 2041 345
242 14 144
761 1013 203
1027 2281 952
1046 809 875
1161 693 473
760 241 469
1388 1018 184
1435 1170 164
1602 814 267
197 1851 41
748 1779 868
1684 1721 332
743 776 338
2289 1674 900
1638 1941 575
428 529 165
879 517 145
1546 1401 819
48 1454 90
1198 828 468
883 2280 556
846 1935 553
1212 529 288
2270 1976 320
2117 204 55
1735 1838 76
2219 119 584
371 123 553
391 1471 826
160 942 122
58 33 69
1392 78 114
1015 1892 149
1944 1424 120
639 45 518
321 340 250
641 1699 263
719 1695 947
806 2057 902
1362 1767 597
1409 1374 958
878 762 807
2295 164 943
600 251 953
951 1625 828
1045 1593 964
2181 2282 72
768 1934 627
426 418 982
1888 1019 32
1708 2036 232
953 2161 343
1917 2031 688
1887 1197 231
1407 204 822
246 1918 407
925 2037 1
1464 940 487
2124 1350 998
1216 1839 603
1780 1634 200
67 771 296
1302 1306 834
687 331 631
70 804 777
316 1004 672
102 1435 187
1607 1439 140
1448 73 400
2069 998 892
793 815 43
638 1240 701
737 235 376
154 1302 714
1394 2250 785
1905 1052 674
597 176 718
1182 1551 835
244 1976 159
332 203 978
2101 507 488
1561 731 270
975 2073 931
1849 276 706
1928 430 333
1209 68 462
697 223 609
1081 1345 219
2141 713 984
1622 1520 717
1804 1228 858
461 1424 864
557 1701 358
2005 1922 586
2051 776 515
1550 149 197
1580 557 296
2193 1761 926
873 1619 268
1384 1501 83
520 2193 415
1329 330 156
989 1415 243
710 2184 625
2236 1444 299
1502 1042 350
2145 355 725
136 1328 749
1056 405 598
1064 666 972
918 1888 297
1835 1977 896
557 1568 643
1641 2240 71
1570 1825 753
1265 2189 553
754 2151 21
174 2275 331
1158 859 541
2225 218 536
1456 2011 591
1411 1050 434
762 1984 326
525 1686 627
697 391 767
642 1442 78
306 2197 132
951 1243 519
301 788 590
2123 2083 902
594 83 605
471 1608 404
1343 1925 280
1771 898 505
2290 2094 851
1274 64 283
107 2134 580
2026 1037 623
1505 2057 776
1513 694 548
852 52 512
436 1979 676
1701 273 801
585 858 713
1805 2204 466
168 243 8
976 1701 436
1126 2096 551
544 1496 391
516 1216 514
353 220 807
715 1063 539
175 1740 145
1157 1707 203
2194 207 574
2249 2089 58
160 1406 928
1079 1944 765
2118 722 833
2137 234 208
88 1620 223
158 1698 419
1572 2125 201
1180 1750 915
757 1507 152
2031 163 348
1148 332 277
2166 319 929
2173 2157 462
1449 405 578
1153 2227 37
347 1056 293
117 325 550
1769 1793 743
687 721 82
1082 1997 279
2226 2135 379
1145 181 565
1270 812 600
1795 233 841
2055 2159 564
638 100 774
1216 270 410
1628 627 687
766 1079 355
285 701 930
1525 1227 848
1340 1116 311
1078 144 228
351 40 485
1493 475 975
1440 749 31
294 682 527
1801 1087 915
1188 284 269
261 56 772
1756 2065 178
306 489 411
94 888 231
1378 1942 582
1644 696 415
2153 117 137
801 1601 258
1258 265 818
519 541 223
187 514 695
1189 926 74
1433 1899 192
1968 1478 265
1254 19 907
1623 786 810
1045 1760 499
2182 894 634
221 1202 795
2018 929 194
1326 107 256
2148 1813 393
83 1270 684
1482 598 302
1275 1845 279
515 1783 663
1167 1910 58
1270 171 856
600 528 117
71 965 297
101 1424 753
997 1073 724
667 647 210
2109 1617 603
1811 1979 650
1058 768 780
538 1828 759
1420 643 226
1660 398 65
1362 2036 200
887 1424 719
1942 1322 420
2031 107 955
1875 1977 973
412 803 199
731 573 47
41 1683 156
2223 1928 214
1484 840 785
53 1587 44
1143 751 334
702 1008 251
791 974 91
1850 741 384
446 1189 109
901 1227 853
2141 1358 245
79 1990 838
801 1617 903
305 700 74
161 1260 288
134 594 979
2126 227 857
1300 2266 700
924 61 490
1597 2005 806
355 1626 396
834 1014 184
6 1737 247
1119 807 610
1739 438 558
663 383 110
366 539 890
1215 761 347
920 455 933
1925 310 645
1246 1350 913
1466 1251 507
1235 1867 638
1763 1281 656
1375 1659 463
928 1773 367
2054 187 891
1382 1224 73
2206 109 307
932 120 674
836 2018 266
943 491 392
1459 1381 983
1687 1617 716
1851 625 97
861 0 344
2091 1640 819
220 996 583
1300 1131 727
804 1369 262
352 2163 960
383 1832 287
1292 1673 54
1820 1407 24
1898 1138 994
211 1072 621
2002 1183 349
469 1310 686
874 448 189
264 582 992
982 991 177
1571 2008 935
3 2047 1000
1577 1680 71
1127 2230 443
1350 1637 307
1602 507 368
1915 743 742
294 313 981
1744 1565 904
218 1950 732
2101 1645 628
1447 669 69
12 1701 716
1701 256 295
1282 1719 174
1816 512 803
967 704 310
1622 221 482
45 68 154
2022 1828 71
225 1034 337
158 313 976
302 157 531
1640 1686 372
186 507 206
1211 806 116
428 1897 269
1700 1552 552
787 1141 749
2232 1860 933
491 398 430
345 1363 981
1945 1913 224
1395 214 330
650 870 736
1722 1460 665
741 1356 476
430 478 177
991 419 414
85 58 352
45 1518 77
677 644 779
2254 757 89
448 846 451
899 1861 876
546 1276 762
1372 478 783
1457 860 130
940 1260 48
670 1058 922
432 1246 137
1773 934 749
392 1487 703
19 1814 109
2080 2114 222
1906 2006 320
1673 1793 696
775 1509 297
959 1527 824
287 1156 508
954 1089 766
995 1416 206
1111 2039 913
898 1982 626
775 243 715
1042 1820 115
1987 490 314
973 34 82
531 515 766
859 2274 70
1243 2108 706
877 2178 913
1145 701 546
394 96 810
2063 2144 367
1486 2210 177
1444 623 782
1370 325 875
1801 1593 747
129 2234 10
2090 939 555
1079 1423 710
118 1133 6
985 754 757
24 1490 677
2290 840 637
1521 1822 874
451 444 145
169 2155 824
1371 1092 958
1448 1069 392
1373 398 534
1537 705 238
1252 1810 652
404 1982 30
2096 921 382
1117 2235 556
149 1960 133
513 2294 161
1270 1290 796
288 685 46
2228 1668 579
1814 1613 726
1737 568 548
1584 116 117
108 949 183
519 1457 57
307 871 321
1287 1828 388
1746 1371 376
1849 1456 239
1940 853 686
882 1666 873
1633 1697 34
1335 721 622
174 982 875
302 686 222
12 262 186
1471 872 933
1754 1666 609
470 1127 196
623 1958 534
871 260 234
1387 151 256
1516 1933 17
1138 31 258
2254 1924 760
1855 1064 909
298 752 279
438 1862 14
695 2138 289
1925 106 89
1129 2178 544
1261 1784 643
370 1200 935
358 1337 756
446 1444 513
749 940 950
1411 2028 698
2141 795 353
2265 299 618
194 1610 35
1268 2115 310
1986 310 690
108 1978 744
1440 283 715
818 819 253
788 272 523
301 1479 912
1124 1679 609
2064 1226 691
1363 565 988
1260 1218 303
1943 1836 158
1987 1419 826
1740 1796 216
956 210 595
1110 278 677
1274 815 899
1531 734 58
48 1248 608
942 351 649
1574 1473 550
904 1329 351
881 575 456
1215 1930 260
1122 844 200
2070 1557 366
1619 525 194
1352 896 769
1527 1614 16
1841 657 99
2094 520 342
1913 322 937
1539 786 781
2200 2045 371
1712 2064 819
1504 258 611
900 1887 910
998 555 353
537 1466 796
995 2101 197
1074 1207 743
2098 84 95
1375 2239 790
1700 1253 689
561 2059 836
1754 1970 48
324 891 439
1488 1377 313
694 917 436
1689 748 906
2093 1509 107
1277 1331 907
118 2236 500
849 315 168
1717 827 385
2010 1650 912
3 101 774
7 599 125
907 1210 205
1441 1301 486
1238 267 413
1831 1985 93
685 1776 721
1172 771 558
872 165 887
57 1949 204
1194 1931 878
1097 381 897
372 1148 895
273 899 977
1907 1686 185
2001 1858 756
2263 1731 845
1087 2161 286
1055 2236 483
964 2246 91
393 2191 20
167 2115 878
312 316 777
519 1971 874
820 1672 478
1956 274 120
1874 1008 29
1243 1112 998
978 875 151
313 716 538
244 1726 592
765 972 611
575 747 292
1680 496 422
605 1269 932
859 1620 320
629 842 702
999 319 505
606 905 922
258 461 230
1525 1456 145
2153 1675 826
1050 649 317
1984 2244 774
1887 494 875
1585 2076 968
646 1223 441
1065 187 440
1438 318 250
2211 729 724
1303 103 20
208 1562 568
442 412 749
1924 1921 756
873 937 191
775 788 523
2043 382 302
868 895 153
784 517 817
1920 2089 512
1731 1716 882
120 288 192
2030 908 888
529 1488 891
780 1046 214
1406 568 236
1247 1420 437
248 364 612
1903 2251 608
1832 2056 573
330 1285 891
1148 1911 276
213 1119 606
68 451 921
1543 228 748
1987 2248 175
2213 755 117
254 1447 640
243 1190 465
1911 2240 398
1395 792 625
822 355 573
1857 2113 883
181 1325 228
401 1013 445
97 1635 792
683 1407 355
629 1403 202
903 541 895
1050 340 472
1541 1495 106
593 2235 677
1009 1682 115
1045 739 93
384 586 62
2005 1917 698
1020 2094 713
1448 1454 700
376 936 803
1147 2129 644
1278 524 981
1903 1042 851
1664 128 793
1341 611 69
2140 1750 106
607 1920 348
2171 2162 647
2063 693 33
150 636 683
720 462 870
1557 906 716
1320 1013 514
766 977 734
1430 53 870
147 230 742
1241 716 140
2213 599 118
1521 1673 845
1472 2061 186
1745 841 601
1032 1607 861
1633 1313 730
470 544 270
576 2152 231
1567 967 916
926 842 647
69 1739 118
122 2261 598
433 1975 520
954 579 57
1011 2057 706
628 344 318
1343 1470 554
172 383 313
1432 2240 520
1050 2295 349
319 1897 258
1493 2151 480
1156 1111 987
1665 297 936
1493 507 863
962 1239 526
1744 699 919
292 2246 319
120 2249 774
1165 312 659
1426 1969 552
926 2026 635
732 1242 526
170 2176 854
1558 679 135
10 1075 549
1239 1562 637
1861 985 154
1815 510 865
1002 560 476
1158 191 891
1677 248 185
678 1995 155
1647 1382 929
38 1209 872
1216 2155 232
9 1362 190
1655 557 493
1293 228 995
67 234 570
2135 19 259
1218 520 688
912 1132 137
618 620 312
1824 769 507
1955 1014 174
2291 796 542
1693 700 805
41 913 438
1766 651 67
564 1168 229
738 1195 695
647 120 957
614 1084 62
879 2089 783
814 370 273
2117 2126 943
632 1203 105
1506 488 955
938 657 229
572 830 29
2168 1997 687
214 1767 594
695 761 351
1474 2082 138
1449 685 751
1043 1396 4
207 145 741
766 1852 179
1480 446 534
1302 1179 667
960 1103 345
1596 993 735
146 446 346
269 551 11
295 1562 841
1633 2138 563
278 1936 305
1883 2266 324
2185 731 421
655 833 260
1710 360 672
1129 1058 493
1097 1231 247
336 637 698
1423 1449 247
365 360 887
338 1757 297
2068 917 246
576 1694 419
1307 636 729
2161 605 359
696 120 87
1356 2214 596
1810 155 822
2028 1161 877
1321 457 527
503 367 862
565 1228 448
818 2122 563
754 947 141
367 786 284
1855 2258 176
2126 2186 76
1004 1556 447
1965 614 326
24 327 581
2143 1502 918
1160 1847 135
823 1010 860
794 326 877
437 1512 651
571 1569 542
802 501 875
1481 139 444
187 1060 390
34 65 73
267 1869 948
468 1552 104
157 1304 497
251 936 119
2258 1588 885
2029 409 678
1329 1760 115
581 2247 932
143 732 592
379 534 651
1015 592 311
952 1103 38
1998 1954 408
1754 1261 825
1601 781 598
709 371 433
636 1310 835
2055 1494 613
1610 428 350
746 1754 808
1916 889 289
1691 1102 682
602 988 372
2249 1848 891
