6100 6231
3353 4141 450
1888 2706 109
913 5312 447
4186 2897 208
3956 5168 554
2385 1891 285
574 5695 371
4130 3938 220
5732 1071 610
806 3065 883
5179 4026 440
839 2053 761
3489 4163 587
3900 5893 23
3487 2736 250
3851 5519 533
2620 398 827
4223 1496 430
5780 555 714
2417 3074 84
5711 5541 821
1930 3657 676
750 2708 62
1771 4538 38
2885 4814 345
1774 53 416
3898 1820 660
4766 5221 958
2781 678 197
3174 2440 458
1240 4931 499
31 1289 510
558 1267 294
4041 1400 271
2063 67 542
5998 1876 599
3528 3472 591
4947 2847 277
364 1461 806
5129 754 341
774 4199 627
2175 2470 753
2697 1828 667
2267 5118 679
1876 2861 825
4442 2226 516
1482 6007 423
806 5699 605
5445 3698 580
5713 1790 246
2187 965 623
5547 1921 971
5643 3303 269
660 1198 850
1072 5756 647
4568 2601 523
559 1484 984
1805 2931 481
69 5719 313
1298 5198 511
1067 347 431
1533 4753 755
3213 5333 818
1478 4659 308
1349 2727 669
4411 3126 768
2890 2123 657
2442 590 675
1835 1660 209
4768 2625 428
2268 5802 725
859 4130 601
3642 2731 558
1084 896 760
36 1070 961
3605 4697 735
5841 5561 269
169 1734 348
4636 5483 983
755 2853 700
3611 5065 991
333 5620 106
3529 3150 430
1414 4726 55
5591 819 306
3122 418 710
2365 2433 322
655 501 425
1112 5497 294
3047 1203 681
2583 1420 423
2229 3096 199
4416 965 764
591 1823 989
399 2499 57
2793 1685 726
5812 3165 490
793 466 442
1843 5900 707
6071 4852 288
5872 1786 663
3399 2631 47
3545 6034 178
3554 1778 460
4879 2500 599
4692 829 884
2992 5565 974
2144 3480 187
554 455 594
1701 865 771
2446 3766 956
3256 3522 989
4465 3356 119
3405 1593 198
2839 3895 283
3794 3129 586
2624 2991 279
5969 509 811
2468 2595 569
136 2123 61
2072 5197 768
3286 33 532
2643 695 705
535 2662 826
1717 5754 336
4485 4183 427
3260 3853 988
5150 1263 945
1629 1088 875
3149 1967 507
1053 3787 377
3480 894 980
2090 3835 978
4784 5129 833
2058 5185 738
4237 4121 147
4766 565 641
1345 4671 305
4028 3500 157
4277 2373 888
3693 2203 589
2423 3832 580
2464 4886 12
4144 1541 836
5424 1446 479
5851 4641 742
769 1750 697
1254 4929 81
1200 3908 656
1783 639 638
3999 4857 937
96 3522 17
1889 5195 890
3870 2438 150
121 21 180
1309 3449 236
1337 2011 808
5286 509 274
4859 1151 751
5927 2430 112
353 872 594
909 1858 685
2433 79 167
155 2528 609
255 1711 960
780 4861 47
3289 1830 554
6079 5163 393
5179 311 882
5257 3369 290
2572 5615 787
1591 3650 121
989 3393 657
3182 2035 204
2558 3840 873
1614 5982 142
419 2304 772
2348 2092 70
41 613 437
75 5700 264
4597 3502 458
5511 1779 954
4000 2573 407
5993 1303 235
653 4871 992
3721 3828 155
4462 3620 364
1819 2178 409
4788 3193 511
4202 4248 430
3403 5776 46
1818 249 807
5991 5594 789
2790 4281 670
4650 784 984
3148 198 149
4103 4931 429
4570 2221 229
2872 3554 980
6054 5973 634
2006 4801 708
2501 5471 669
2920 3934 372
259 5597 804
1846 3181 514
2170 574 430
3868 3240 761
2084 1710 54
243 4277 11
2772 5367 898
3049 600 83
1188 4916 666
2553 3386 904
2990 1870 684
1016 1317 494
640 4920 47
625 3126 886
625 1821 359
3286 5970 453
5840 131 300
5178 2710 937
253 185 610
3741 625 422
98 2849 539
2876 2186 942
1179 6002 505
2500 5178 65
1040 2632 402
4888 2133 339
2374 2905 310
4132 2325 406
2665 4730 203
4090 5120 85
4184 1385 270
437 2050 523
4688 5483 203
64 4823 13
300 4956 655
5026 689 255
2937 2696 912
4316 162 758
4034 4468 582
1937 5185 662
4138 4082 892
5410 1710 958
3050 1103 327
5911 3650 914
5570 2560 831
5076 3488 912
1375 4539 694
3919 5419 114
3649 2841 234
5887 5672 331
5872 2903 442
2362 5270 609
6026 153 927
3964 1471 338
5962 75 505
2396 682 622
3730 1746 828
2391 2138 17
4900 2519 350
5021 1799 483
792 606 870
903 4903 511
952 4655 591
3311 5622 157
5671 3200 555
5856 4975 693
2251 6070 770
3500 3261 591
5556 4409 97
1626 5958 418
3171 645 439
5388 3414 211
6068 3642 962
4335 752 273
2542 543 144
3041 2307 759
1513 4160 337
1687 2792 281
2587 2320 924
2983 4733 879
1533 1376 743
6072 5861 969
2518 6039 923
3216 5839 621
128 1721 159
5558 3434 317
5969 5082 220
601 5259 394
223 5732 889
21 1587 392
1837 3404 74
4807 3488 72
2955 802 553
5523 231 663
275 4050 981
5997 5118 789
5124 4060 848
4304 3721 630
5583 4655 444
5665 494 270
2199 1508 699
5412 4966 931
4388 2837 119
6054 4998 46
3322 3217 840
2432 4354 733
3102 1710 114
542 4742 105
5326 4458 856
2198 1551 207
4777 1955 189
4490 3118 74
4761 3884 791
308 4047 782
5595 749 721
4836 4299 709
1379 4938 783
5507 2094 307
2933 2494 237
1975 3301 354
3675 4565 659
6013 2666 6
3900 4231 846
1530 5215 71
746 4809 552
600 4848 297
1650 1812 620
1287 4186 992
5706 915 670
3414 293 549
3812 3552 168
4343 1116 798
2297 2206 676
4195 882 517
3270 1648 275
6024 4734 666
262 3685 690
2438 681 452
1859 2559 426
490 2029 133
6030 4874 121
2584 940 196
3216 3005 446
2607 5633 397
1272 6053 965
6058 2056 134
2260 845 503
3026 2583 901
1335 4843 236
1039 1040 472
510 3295 960
4543 2257 425
2245 639 151
2631 3177 887
3157 454 333
38 4173 893
1473 4048 837
2323 249 145
5793 2359 784
5058 595 778
409 4249 648
2501 3415 822
4979 2837 291
1660 825 157
5146 4233 192
1434 1457 532
1584 4702 223
1245 5888 668
2422 3455 443
1267 4942 973
296 3575 907
229 5721 509
2399 4219 703
2518 152 134
2882 3088 385
738 5810 821
2531 5699 351
1572 4626 885
1587 2954 690
1466 2431 417
2472 4485 537
1265 4503 728
1735 1373 232
3189 4094 117
3321 5360 961
3827 78 21
5664 3278 852
4707 3114 247
3124 1414 622
6035 4282 187
1408 1770 677
3729 628 367
3271 2774 123
1385 5971 420
167 5438 505
5498 1584 230
5942 4092 313
5094 1375 667
2293 3792 784
2634 374 639
1610 2650 729
2121 5091 17
5373 4146 946
2011 1638 47
3355 2501 894
264 4738 303
1045 146 787
4416 914 549
5781 2038 255
4465 3100 496
3378 2152 525
4300 4127 478
3702 2847 890
1018 788 318
1234 4337 227
1883 2956 1000
1833 237 972
4625 5027 415
682 2399 918
1392 5918 912
4559 447 231
1045 3636 83
1174 3961 191
2864 1290 586
3825 2497 707
3114 4813 11
5448 4278 572
4131 1628 421
3093 4488 605
2123 2457 376
1576 3376 528
886 4836 473
259 4556 238
2959 1066 926
6 6012 579
4995 5123 678
4876 4045 570
1113 1771 884
3102 2321 168
1708 4776 810
1287 2485 378
5834 3518 347
33 3617 517
1423 5691 214
4724 4649 636
5958 3618 464
4137 2938 716
5416 1347 158
2274 1166 630
3734 3246 86
5246 2152 367
3339 1024 52
594 5284 362
1273 1783 644
428 1033 347
4596 2899 784
5369 5468 428
2600 138 528
4958 4329 91
2932 410 998
2259 3212 791
1805 2547 117
758 5296 965
4573 4720 844
3316 588 863
5581 4914 879
3404 908 881
2539 2761 646
2892 3202 704
1234 3966 761
2996 4331 156
2827 1812 488
4677 1934 483
5397 6051 521
3802 4351 605
2849 4034 935
228 1640 809
3764 398 976
3157 5727 71
1317 652 836
4506 4867 785
240 633 600
2621 4482 333
958 1329 887
3185 2405 829
1766 938 804
3366 1680 83
3816 1725 780
2211 2913 1
2316 3404 582
986 4813 840
5705 4726 285
356 1549 300
3023 3448 536
6071 2999 17
3644 3064 924
578 4337 271
1079 3342 625
102 4906 136
4525 1661 667
998 2952 803
3383 5704 562
2985 4999 108
3224 5347 234
3090 63 920
2812 1369 566
3411 1423 234
4752 2641 956
2089 3183 520
1857 4179 132
3733 118 704
3660 4122 462
545 1916 890
5561 2007 353
1857 4316 601
6039 4877 125
1748 5024 163
5933 4973 805
5460 2412 956
4701 3831 796
1102 5674 800
1728 3476 593
4819 1064 351
134 4039 975
5911 241 414
2925 2797 35
5618 5141 89
3162 1671 94
5033 5129 195
285 3136 351
4616 3768 997
923 1780 953
2321 816 943
4975 1916 771
1039 409 506
2823 2200 997
2714 3317 475
4641 3771 71
4016 792 615
1562 5992 953
2631 1763 762
5080 318 30
4271 18 827
4696 3301 352
2210 3069 285
2032 1331 220
3436 4968 258
2876 2848 699
1423 6083 400
3049 2054 837
3782 3779 131
1114 3730 953
2979 577 891
4630 2294 230
3458 4511 478
3763 4954 358
5839 5819 603
5793 4973 3
4341 4690 778
747 4650 110
2332 1130 568
952 5455 470
3947 5984 604
5315 5677 317
5339 4625 192
2755 1231 960
5383 6050 603
3641 4663 509
2310 3936 841
2718 577 455
2623 787 545
5977 2207 10
2462 3015 461
1991 2942 395
53 1588 892
574 4386 605
3546 1062 717
2169 3735 317
617 192 930
6058 2889 91
3534 6082 793
4292 4826 646
3183 6027 458
4776 2536 354
1445 5095 126
201 2679 632
4329 2997 174
1240 4356 88
2117 3140 103
3113 700 437
5666 1786 334
3752 79 48
2019 3825 15
6018 1998 545
2133 3790 640
3038 3162 434
5206 3400 403
3387 1317 797
1440 2716 492
2549 920 485
4074 1585 821
4782 2346 98
1102 3620 3
2178 2562 300
726 2891 187
887 3076 863
204 4206 111
4193 1448 386
1532 551 312
5748 4618 937
5817 664 909
3785 5202 955
2981 4404 641
4624 228 541
4608 943 486
3770 88 1
2581 2208 951
1637 1609 284
4034 3291 989
3092 3418 264
4030 5403 844
2686 2284 435
2378 2598 499
2337 660 167
5999 58 855
6073 707 724
629 2220 166
640 5573 963
5136 4676 83
4898 4241 118
800 2897 711
5124 664 602
5389 5086 389
6006 208 517
396 1566 362
4566 2140 345
1156 1888 35
4311 5192 470
4272 562 120
978 1743 818
3421 4928 176
2669 532 75
2890 5773 416
4821 3113 742
1045 1437 404
3233 2545 782
4541 4132 220
2364 5207 963
3518 1000 905
3591 2738 797
1544 4761 711
1869 6031 234
4934 205 472
1483 1790 986
2604 1805 252
3641 4524 552
2508 1314 91
3740 3165 20
1412 4900 921
1301 3076 926
2772 5610 892
2333 3191 238
2941 4336 50
4125 3554 775
3519 520 483
584 2662 523
4893 3366 729
895 418 383
4902 3013 182
5825 4253 980
4052 4506 795
4648 4019 898
860 4152 290
4785 5956 599
3755 4571 14
1478 3511 272
4600 3846 342
4713 3916 597
4026 4180 734
3371 1642 963
4553 1847 607
245 3884 935
5556 362 719
4058 3186 538
6057 545 350
1429 3169 805
978 5110 636
500 2836 910
5413 4835 966
2259 2400 388
3884 3878 166
2277 2127 191
4950 3061 203
860 48 571
2380 5 767
3480 1866 162
2545 58 604
1329 3892 249
1886 1748 493
3973 916 600
3941 4123 786
1518 2359 597
2994 2288 676
1015 1461 206
3850 1804 905
4555 1216 954
409 4402 540
2664 4651 893
4167 978 916
2529 3686 998
4414 1073 786
4718 2290 798
4430 4997 30
4525 704 183
3973 3331 554
2074 2786 101
443 4043 587
5536 1707 394
3226 4883 985
4302 5159 614
3135 5377 117
2455 2544 121
3132 2428 584
655 4244 792
2170 1513 819
1250 416 127
3133 3372 828
3846 545 573
2723 5322 724
1722 1046 394
3038 5567 114
3030 633 714
3961 4477 562
5498 5552 573
2896 2539 7
3960 1664 226
1835 481 467
2342 2171 799
6041 3281 406
4331 6051 650
2410 2374 881
4252 5346 517
498 1121 810
5661 4186 424
1703 3046 545
2921 4995 272
739 3576 779
3722 2716 677
3920 2236 9
2071 3872 924
2021 1939 437
3248 1797 84
1689 4198 684
3538 912 518
292 5260 428
2833 869 310
1963 2023 1000
5004 2910 31
2340 1973 35
106 1285 852
4304 5727 63
866 4052 42
6049 3932 3
5329 1267 241
2050 2635 282
3844 2257 15
5135 3535 401
5542 1100 689
2918 1973 986
3196 49 3
3732 2148 247
5582 129 505
110 3712 497
2468 830 390
3062 3546 844
2813 1315 740
631 1545 318
5987 2923 15
2594 1656 767
1738 3228 848
469 4811 734
5327 3661 158
163 1787 750
6094 4922 579
1739 4629 670
3146 1126 983
2088 2098 77
2650 1080 966
3683 4254 926
985 2510 976
5608 5572 290
1469 980 428
2933 1144 888
4449 2866 942
23 4079 5
1850 4096 287
6089 5522 431
4057 1196 17
3567 1281 100
4750 1021 600
3271 5469 347
3005 4766 697
5613 541 763
1827 2042 872
5157 1667 913
2698 4746 364
3922 4595 667
1894 4892 823
4828 5220 175
3938 4138 95
3023 2932 537
3843 5293 209
1720 1081 38
5100 5409 854
3324 2117 343
2143 2259 521
2683 1837 561
4269 3889 809
4989 1000 432
2905 5210 347
4725 4791 834
2222 366 572
5422 1294 803
2494 2982 713
5585 4659 700
3207 3528 410
3881 1235 723
4940 2261 857
5888 1366 548
4664 2133 557
1135 3307 53
3563 2260 802
4179 2229 658
5135 4138 150
4349 1614 847
5296 282 602
2061 4281 827
3102 5815 309
3934 2440 514
4074 2545 373
226 1801 65
2698 311 221
1545 860 238
5919 5577 868
2526 3505 3
261 3117 374
2183 519 44
647 1759 271
1754 1864 239
3121 4393 807
5170 3168 184
2471 2178 281
29 5485 759
3215 3259 352
3466 274 268
1106 41 735
1489 5594 567
3648 298 216
2074 905 393
3901 5506 212
4320 4809 661
2374 4731 857
5940 931 472
5429 4844 876
1946 1825 50
2023 5209 701
1527 596 735
6007 3392 819
2428 4866 630
699 4840 387
4837 4366 423
4975 4262 90
5078 6025 752
1628 5413 476
4944 2807 369
1323 1766 677
4955 975 827
5055 3197 12
353 5631 776
1674 1050 156
1843 1312 405
5225 958 854
2232 3142 106
5441 4239 748
3859 2836 249
5696 5124 719
5164 440 856
4155 3611 25
5452 4110 901
2741 4393 414
1807 3609 492
1719 4358 795
209 1869 942
1747 2119 559
5266 5200 890
5437 1778 58
1063 6073 952
2518 3691 458
4647 3942 838
5834 4414 919
1048 3274 755
4258 390 684
24 4251 437
1809 5879 785
2512 613 40
2906 5410 88
5872 2330 775
410 3677 584
2372 276 65
2250 672 2
1218 4463 537
3702 5153 586
5188 5455 407
1117 1124 577
4325 3667 977
5029 1716 344
823 5701 277
4560 934 495
183 1160 594
3716 5163 868
4307 4 90
2624 2707 16
5846 5462 56
3267 331 274
3764 586 692
4443 340 532
4469 4682 957
1199 5084 823
238 2309 569
2815 1968 114
333 1417 209
5230 1798 930
759 5930 632
3550 5 858
5395 1973 855
987 5797 14
1151 4487 180
5298 4945 694
4410 3093 676
782 5913 722
1443 1691 425
173 4898 413
3950 262 18
3676 2518 717
541 891 864
3818 2395 548
5683 1027 530
1704 3982 81
1501 3547 638
2588 932 467
565 4182 800
1910 5242 435
3222 1210 625
2875 3637 665
93 3913 736
2310 6063 981
707 5935 770
4045 4219 572
1121 5249 966
4597 5008 864
4717 5017 238
110 4004 112
5961 5485 795
2063 5145 409
3927 3086 680
3252 476 786
3718 2262 235
3361 227 743
5712 4436 978
2127 4801 369
893 1459 635
4358 5956 389
1218 4845 40
6077 3504 505
1140 436 111
3286 4619 571
3299 3229 653
3182 927 620
2153 3378 273
2166 413 332
5973 5706 384
591 4035 775
748 2370 477
3435 1959 299
2563 4801 271
5333 683 349
3147 4066 753
2330 1671 40
3860 2828 485
126 1671 891
2665 857 818
1029 4189 489
5389 912 598
4723 3919 48
2968 3961 497
1041 2863 806
2538 4157 711
4032 5835 936
5352 588 76
5176 1170 174
2834 1828 908
221 3140 917
1201 2441 104
429 2108 999
3983 3585 561
5826 3282 538
3918 1846 876
1627 1120 678
3705 1357 386
3415 5361 172
3552 4279 849
719 1480 924
1819 715 39
4166 5130 302
1337 501 13
4775 1486 704
4497 768 784
2558 4861 921
2521 2708 990
5640 4402 671
4613 3686 39
5669 5925 749
3739 1906 835
4075 236 173
5520 300 676
3450 273 607
3461 1342 198
4752 3099 247
2010 1455 737
2538 5284 728
1118 330 430
4119 5480 23
230 5099 638
3420 725 55
2463 403 608
4665 3306 915
4572 4995 160
175 151 940
4610 5434 277
156 6071 195
1584 1151 659
1844 2371 801
4703 1443 406
2475 5925 805
1155 1874 72
2801 1195 774
3555 2493 308
5993 3247 918
1974 105 728
3290 996 488
1661 372 988
5844 2994 943
2724 3436 790
539 4681 334
892 3765 311
5790 572 313
5126 4115 323
3743 4010 193
1561 3884 895
3104 6090 791
925 1164 603
2637 1024 630
4069 1741 788
5835 4959 720
1763 3096 438
4868 5520 723
3414 5328 447
60 502 437
2295 3912 762
4689 4740 514
469 774 734
140 1390 597
972 2367 684
2045 3586 918
5158 1165 558
4566 2318 491
5381 3738 926
5236 3858 633
3396 3248 141
3977 991 712
3550 3359 842
4906 246 23
2413 258 246
3466 2269 458
15 2126 893
304 733 377
523 665 320
4150 941 817
2466 970 696
4703 1967 97
111 1862 855
2324 4040 922
1429 1025 656
2838 2113 702
1714 839 780
1951 5471 410
2314 3153 886
4854 1620 771
1278 289 560
4003 1764 794
3518 2911 642
5615 68 474
674 4365 91
207 1840 433
2844 1761 688
1810 1542 144
2841 871 514
879 416 562
5934 471 125
4498 5040 924
2210 4893 270
2160 1265 667
978 2626 747
5940 4356 952
689 1645 385
525 5668 270
2280 2097 985
4019 5288 908
3227 3810 620
5408 5327 208
5041 1890 775
109 2494 899
1399 2329 635
502 865 285
6041 1690 133
1084 1155 891
208 5850 849
467 1706 476
3950 1216 219
3880 6019 301
1099 5481 984
659 4527 572
4167 5 388
4415 615 751
5947 743 752
1638 5122 659
444 2620 165
179 891 554
2841 66 888
5796 5374 942
1200 474 825
2232 3924 939
1734 1008 170
4729 5937 266
3078 3297 959
5258 5111 210
6035 4546 601
6099 4303 598
329 5629 788
2457 740 849
5747 1160 389
2947 3431 683
5847 4417 875
5868 20 867
3101 1101 311
2696 4565 418
5488 1390 172
108 2389 707
333 5616 967
176 3666 496
3096 4507 513
3000 1232 261
5506 265 690
5570 1076 865
5576 449 636
3023 3827 244
1946 4432 993
4597 2451 734
3193 4738 68
684 1362 72
121 4629 836
823 3478 636
624 2262 495
5397 2267 474
308 3578 157
5993 2959 690
213 6074 186
4679 2257 447
1201 5816 921
2506 1529 662
4984 5469 460
2534 5589 222
3736 3771 481
1211 1771 198
2690 3528 738
538 3465 478
4001 5257 622
892 2863 319
4808 5993 251
2722 2112 345
4430 4367 402
2201 3530 315
2063 4528 332
721 4587 342
1666 565 555
4757 3539 91
1119 5415 279
4559 305 590
1540 3368 274
2966 5399 951
5267 813 924
3166 1053 422
1757 4614 513
853 3578 190
2274 163 42
2966 41 133
4039 4353 451
806 3516 639
4204 5675 232
1327 4808 931
4906 400 589
4844 4420 731
3288 3289 508
5449 2072 317
6038 3319 810
3909 134 228
4109 2087 534
3123 4922 456
5772 3994 684
5712 6020 774
3860 1011 653
1565 2227 616
891 5402 518
2179 3402 209
720 5653 143
227 1160 252
1863 3425 6
4660 1448 296
2270 3440 279
528 1508 106
181 1824 543
3671 2074 522
1041 5163 288
3980 301 282
4825 306 468
635 1587 378
3371 3106 71
391 2093 184
5605 311 616
2363 5079 148
3570 4697 756
1698 5046 610
4454 4534 826
1843 1938 575
2176 2705 41
4075 5585 67
4009 929 886
4624 297 82
5150 4065 284
5997 3025 60
3173 2208 614
277 5824 989
868 6082 7
1478 491 205
956 3185 151
1229 1747 261
3374 4076 736
4018 4211 172
1998 4580 728
2326 5906 531
4972 5811 19
894 4110 826
4576 5774 372
1900 5809 954
112 378 651
38 1479 525
4658 4824 160
1215 3733 731
2561 3926 288
519 3820 887
2392 2322 296
4802 3900 255
3367 1488 899
4132 3013 689
3762 4786 492
5329 4572 736
5598 2794 814
4192 5967 77
4216 2083 496
5725 5854 124
4665 1188 543
5453 3228 950
3873 2438 312
3791 1735 743
2208 6031 396
5857 1712 965
4261 601 905
3712 1048 436
2750 4030 993
571 640 289
2829 5179 4
2401 4987 728
4557 5445 356
4913 5423 963
4966 1036 902
5216 2686 780
735 4759 114
1248 185 973
1423 3490 842
1986 332 221
1597 4476 579
5671 3089 174
577 1144 735
1971 496 481
4777 2316 449
2990 3691 780
5269 2243 294
2344 3561 713
2833 5812 87
3987 1775 861
944 3531 699
3083 2472 253
4643 295 205
3272 5633 762
94 717 973
2342 4229 208
344 988 352
2065 5633 594
1433 4116 728
190 4661 506
524 2667 486
2460 5635 816
4047 21 399
3160 5729 404
2836 4101 56
5700 1252 233
5423 1965 319
4423 3796 163
2483 2798 145
4074 2913 453
3560 2569 845
5628 1351 924
1836 3447 43
5835 3376 56
607 5096 130
2874 2734 345
2153 4497 410
878 634 973
503 3906 548
625 3791 742
49 4061 280
3493 972 864
2897 4240 629
2167 5487 298
2276 1433 104
5269 3289 37
3414 3997 297
4702 4641 229
700 184 15
5375 526 657
3049 4472 296
1230 4371 378
1895 3063 133
255 5384 604
3141 699 316
4954 2625 865
2759 2740 338
5684 4284 288
835 4433 924
5514 2392 437
4771 5579 460
3988 2529 546
2070 1256 358
3877 4207 293
112 339 941
210 3511 851
5216 4555 819
2596 3606 105
5250 775 57
2954 5488 27
1313 5510 963
1156 672 315
5133 2312 846
5846 1759 681
5827 2242 481
2956 5580 719
3711 1416 21
12 1601 379
3948 489 129
1943 1496 904
4479 616 638
1323 3616 222
1937 2364 494
4581 2916 633
4035 1982 976
1439 5923 609
3705 3657 488
2929 2190 69
1309 2257 790
4804 2220 148
2746 3296 601
2272 2252 348
4968 4734 342
2623 1587 295
5708 4229 313
593 5052 650
803 1797 660
4857 3011 537
2714 2019 311
4833 5396 165
2646 406 156
4001 2943 279
422 868 199
3057 189 988
839 4122 532
2721 3859 358
4110 3318 187
1002 106 407
3080 3014 264
4665 5487 967
4893 3406 497
185 5542 471
767 3927 976
1500 3506 117
1496 4400 292
4017 2822 50
4318 2715 837
328 3625 476
1082 5339 214
5215 1482 387
3538 924 113
5693 496 88
2732 5639 819
3861 2799 828
3705 1415 972
4990 2609 601
1294 3173 576
3475 222 353
5919 1396 884
2220 167 527
306 2558 498
5995 3297 203
2193 4406 309
291 3446 575
3162 928 395
2667 4294 709
5406 3213 678
3455 3005 650
3137 330 815
22 1793 855
1520 3857 237
2564 3277 77
5844 4944 916
5975 634 653
6087 2905 953
3847 4361 881
4800 3072 79
4778 2713 106
2409 5720 510
2534 3848 376
4880 4972 955
1849 4411 687
1286 2202 814
759 1695 530
5988 1736 332
22 3545 642
3671 5066 362
5300 441 691
2360 1947 386
1213 717 821
3066 4497 137
4842 2632 274
2164 5778 352
412 160 181
488 522 769
332 3044 567
3777 62 716
544 5910 715
2566 5837 737
5632 3684 248
3569 992 944
959 1949 994
611 119 223
5854 3726 234
477 3650 431
5491 2262 550
3444 119 805
5384 2553 984
5671 3220 35
4399 5723 757
3850 6048 71
1769 881 690
2255 5633 491
1855 4178 125
493 3998 497
3693 5497 788
5495 5029 473
5651 1923 850
3429 3519 484
2515 2589 217
1579 4608 489
3825 3252 234
4654 2139 176
3004 3317 172
3959 3917 870
2020 5109 783
1874 860 323
5485 1323 130
5460 3921 973
5723 1127 73
1707 252 528
3255 5925 382
1642 4943 124
5638 2531 309
5316 417 579
701 2697 553
5360 6077 637
3135 4816 406
5056 5292 793
1798 1049 605
4594 5089 253
1512 4878 79
2261 2122 14
5090 3016 573
3800 6001 377
2761 475 561
983 1368 934
4941 220 124
5053 4037 383
3323 4327 392
6044 485 414
1435 5863 264
2378 4400 585
4401 4864 804
5669 5263 107
2162 5404 530
2333 2810 326
1726 2273 47
60 1602 217
4716 2734 756
3258 4501 211
5187 4911 906
977 2953 831
449 4239 318
4028 1799 470
3001 5778 196
4396 2643 845
2351 5996 366
5510 1192 795
2089 5177 153
5436 3833 744
5922 5050 627
5249 309 775
3590 4945 419
2677 2143 205
4396 586 253
5802 5637 729
831 1105 152
3500 1145 250
2076 5389 484
4245 4644 936
4874 3095 543
1380 3029 667
3878 1014 315
3121 2662 127
4019 4581 600
4882 516 417
2243 3509 256
5552 181 301
5342 4030 815
98 645 517
247 5877 761
4603 1560 369
3794 4719 212
4292 3189 842
4786 271 949
834 3916 770
427 5614 763
2998 5409 673
4931 162 854
1250 3613 36
1563 409 244
216 4749 814
1212 455 735
5379 730 398
4672 6053 590
2143 5248 201
2454 501 751
4606 4005 488
3869 410 916
5820 1217 184
6013 5262 881
1760 5682 266
4808 3299 956
5936 168 904
3685 773 854
2541 4327 7
768 5939 760
5644 6046 195
5760 4809 74
4217 2059 256
1069 4246 267
2971 4430 684
4601 552 358
3571 1720 260
5026 2999 651
2288 5598 486
4781 136 984
1917 2526 900
4074 648 781
5295 3770 266
1445 3846 380
5356 5529 957
70 803 905
2052 1765 192
5611 5105 70
4878 883 911
1730 5445 571
5362 4695 678
438 710 143
542 820 362
5455 3124 723
4751 30 652
106 3543 888
303 815 215
918 230 586
3128 4324 417
5385 1346 630
3485 647 12
5364 485 210
797 62 151
1325 211 867
4144 2618 929
1450 741 697
59 1179 585
4506 4634 63
4967 2914 567
1172 3718 449
1077 4676 590
231 4131 753
853 1285 336
4670 2850 119
3542 1268 454
5293 10 765
1204 3591 602
3178 1765 630
3336 4676 441
3332 5231 858
2116 720 500
5397 653 607
651 5473 456
3388 634 7
2128 2339 178
1393 3680 768
5525 1254 963
144 2555 411
5456 2192 445
1288 3636 838
2109 4594 634
913 840 719
4357 4733 467
2539 3952 649
4276 4299 416
3417 2964 329
1000 2148 589
2694 117 467
351 2645 602
6026 5009 503
5182 2293 623
5012 5421 707
5799 2466 102
4519 5524 149
2222 650 922
3811 3783 860
5632 3206 343
1651 3629 444
643 1549 181
3739 4593 254
40 5258 773
5303 4346 384
1390 4717 730
873 4729 870
4477 5954 346
2434 331 493
4567 1522 173
1138 4853 543
3510 5953 752
130 3003 759
1743 4991 878
896 461 188
3151 4222 926
3553 2999 436
4133 4198 991
3093 236 857
5840 593 74
489 3728 903
4934 632 697
148 3372 517
3491 400 289
3814 2372 562
4573 1674 96
5518 2369 278
122 3828 874
2151 6 8
3996 4760 606
3030 556 145
5012 4879 426
4100 4111 509
4936 5512 245
3201 2228 341
2009 4260 384
1947 3073 340
5543 4979 798
808 4921 108
5325 3134 409
2389 5158 381
5112 3792 614
5192 997 524
3838 6030 391
3697 4426 871
4986 4234 392
2557 3981 264
5305 3440 619
3329 1642 697
1158 3186 797
2074 2089 982
2975 5401 954
5033 2258 32
830 5070 879
3497 1306 812
5570 2843 131
4144 5863 981
4078 2869 397
4694 1339 45
2543 3075 655
3321 4253 29
550 3546 561
5899 675 866
1303 697 730
4499 3579 805
1379 4147 60
2344 1653 679
3741 397 71
1925 6037 274
1433 4768 762
2624 3574 564
539 4636 865
4770 832 466
1906 2270 714
4929 602 588
1129 1777 60
5389 1829 137
3395 4340 790
1372 1789 517
2968 5504 595
969 2243 338
2471 2880 48
3206 1319 212
1688 1855 970
5904 4342 945
4316 3266 325
1367 5629 164
2593 5052 796
2594 398 291
2843 581 226
5920 782 428
2732 3106 128
1849 2775 146
1761 4810 973
1209 4271 675
2953 3510 845
655 3063 848
217 5488 782
2608 5206 136
5665 793 77
5897 5433 198
706 1634 596
4233 5511 530
5685 3266 710
2620 4151 184
2217 4688 412
239 4337 441
3239 2391 52
2629 1319 192
2435 1653 427
1303 5440 832
339 1670 514
2985 5909 180
5576 1245 517
4357 5193 8
2967 2289 905
1267 798 503
1556 3184 373
4957 4451 761
2311 2738 480
231 4125 856
1439 4843 612
4100 3936 583
5182 1485 513
2700 1473 426
5637 1860 687
4952 4884 791
1240 5531 805
2666 5246 984
3561 3824 152
4280 1065 757
2006 2557 758
2214 3850 515
3263 4868 559
466 5305 172
1362 4107 859
3954 1777 964
1949 3705 449
2984 1030 193
5973 4859 922
302 1413 487
1114 5457 829
4414 5035 60
2575 3742 334
738 12 291
5981 1373 135
3494 5060 420
3888 1849 560
877 3219 876
3097 5244 525
1404 2279 886
156 3116 458
4951 4060 489
6087 2642 431
3419 2233 406
2929 5634 183
3401 427 939
3322 3394 901
4210 2178 72
1309 3846 125
1728 4454 484
3202 5093 31
1103 4124 147
1913 574 730
4647 2654 857
346 3397 900
319 3787 201
5010 5629 795
4304 3208 511
1938 3223 258
4532 2630 438
4594 3733 397
5559 47 128
4513 746 637
4108 765 344
663 5672 604
2716 3605 820
5535 5462 744
684 593 788
1603 6072 649
3855 3784 681
527 2167 203
5745 3111 811
3620 4070 283
3163 4036 523
3332 4005 810
2869 5749 26
1785 516 824
2771 3725 581
1577 1640 263
2710 5977 737
4130 1026 800
4301 1576 732
4528 2098 757
2524 3235 275
4968 3106 518
4949 556 149
1568 5818 26
3641 182 332
5213 1092 885
606 5874 990
4787 2437 927
4845 3794 673
5799 848 59
3356 1552 305
5639 2752 494
2169 4085 609
2347 1740 613
1297 248 158
2592 3247 871
5569 3380 768
2002 5494 550
4418 2833 326
5612 1496 104
2346 2046 563
1068 2674 781
3562 5392 181
2443 3705 640
878 3888 416
3126 2418 459
1822 3209 71
3350 5573 871
1139 1344 517
2507 2863 165
2789 4912 955
3551 535 789
6007 2461 384
5034 3353 588
1980 3531 670
5378 5835 644
3491 5443 901
3974 4640 103
18 2450 407
3931 2401 84
2807 600 204
2582 3205 530
1324 3247 640
2553 1085 770
5689 4290 234
1432 5071 238
2331 3600 781
2099 130 173
1270 1180 95
1806 5625 644
5611 5286 477
4387 4221 287
3849 4417 808
5301 3917 550
573 2807 854
4320 4997 59
5904 2156 250
4679 1453 325
3231 5744 374
5032 1207 504
2321 4147 31
4623 2979 265
432 4962 204
4310 131 777
3390 4682 908
4287 1947 48
5043 4224 838
317 3586 967
4857 1011 176
5974 5200 735
5279 3915 316
1835 5556 541
4803 3104 369
5548 2904 470
4044 1634 34
4570 1439 862
1989 1677 656
928 837 859
3106 2264 363
762 2422 959
788 3977 756
916 830 645
1571 1451 106
2736 5857 860
374 4001 236
3944 987 947
1293 5602 226
2794 4893 944
1253 4428 582
2117 5075 161
4025 143 878
5755 3987 38
5565 2873 227
1508 4972 487
258 191 708
730 4654 110
503 1470 701
1972 6045 398
5934 3740 314
4711 2678 878
5432 1258 672
4525 4366 511
3199 2730 723
2507 5450 877
3437 5939 349
2532 5365 674
5204 6090 875
1650 2577 486
4284 1970 326
2505 1060 720
1698 4048 318
4751 4168 199
6047 5740 107
5603 4279 734
5161 3199 656
2391 1295 956
494 5025 755
4859 1223 759
5216 3216 838
2950 3439 83
5090 228 542
942 4270 388
4709 3360 674
1807 1762 790
1302 2655 270
5977 4403 939
1887 5894 45
1155 718 768
399 3978 853
2549 1350 401
3838 5713 37
1870 803 485
4947 1719 810
2059 3388 613
1941 2550 423
3610 2473 21
1319 5580 780
3261 930 620
2471 1013 614
967 5428 967
4008 1984 705
3718 2977 848
5973 580 415
3860 1401 112
419 4508 121
1610 1677 875
1796 823 373
3329 6093 648
4630 1513 912
770 2025 308
2409 616 484
356 492 996
4616 6070 942
598 973 271
608 3739 785
2350 826 885
481 3235 158
939 4456 772
1768 920 133
2892 1890 487
5584 3617 549
5958 4265 764
3080 4936 638
5288 1172 884
3027 5748 773
1671 4203 493
3040 6091 610
3904 1454 174
1226 3490 253
4455 3576 502
2029 5100 345
1633 2638 652
245 4832 190
2664 2666 614
5962 5760 549
1309 1359 629
5252 4071 179
3931 1510 687
6064 973 201
2986 1261 776
4508 5095 189
3484 4727 759
498 2639 156
1963 2107 621
5849 2301 401
1089 5073 670
530 4293 352
4277 3616 101
5994 5567 535
5618 5892 35
2736 3122 715
1943 1946 692
2894 4402 153
3218 199 881
4757 859 249
1891 1020 663
5294 3989 549
2187 3967 887
5399 794 789
1117 2930 705
119 2792 176
2619 3814 124
3332 2093 74
3255 312 609
3718 3295 793
1006 4884 313
2800 3704 866
575 2683 662
4346 5856 486
3505 1229 984
3865 2356 258
1334 2764 827
4443 981 814
261 3560 491
5990 4413 937
213 3472 653
2249 1652 220
3873 1792 439
2592 2492 75
1957 4320 793
2619 1094 51
5086 770 118
4450 1230 78
3773 3391 996
343 6026 835
5233 1647 803
3176 10 880
407 4549 515
1951 1771 280
935 729 607
443 2601 107
4977 1274 730
1702 4084 442
1873 1109 450
2891 1244 887
4781 181 65
2446 2100 926
2056 5634 222
1174 304 970
2184 495 568
201 1975 639
1347 3285 541
857 3114 974
1381 1817 683
3674 4859 881
1808 2248 194
1377 4050 815
1653 1750 130
1722 4701 995
3473 5282 380
245 960 16
2487 5345 103
32 4635 64
3284 4659 543
3255 3069 353
5026 720 595
3011 1715 337
1479 1833 821
45 1673 672
6068 2890 948
5043 827 273
1633 4619 369
1789 3883 201
455 1215 741
1504 5084 222
2382 5744 587
1132 4863 923
1495 4041 328
4347 3869 1
733 3664 639
1932 2164 168
4453 3150 383
801 956 161
1520 1092 192
3913 2069 584
4355 1277 598
5522 2568 777
4362 3624 817
2100 5682 531
1045 743 454
711 2422 211
5138 4711 524
3049 2992 762
3680 448 811
5604 4051 984
1820 2994 947
606 3946 329
1471 4571 813
5242 1724 95
4496 3333 763
3443 1752 739
638 1187 916
2865 2568 470
5283 2795 201
3652 2485 202
1455 2451 661
6039 282 689
325 4432 44
5230 5073 241
2621 4165 242
417 283 917
4374 4851 465
3531 5937 217
3272 4499 919
4810 803 977
1101 699 437
2538 4814 548
5727 1067 863
5430 1144 209
2751 47 349
5819 1297 721
1873 4606 77
5088 1865 591
918 3362 873
23 4222 45
5075 2760 759
1784 5513 736
5937 238 406
5704 2801 210
131 2326 78
4065 4772 152
2061 5518 227
820 1166 383
1809 5617 705
911 3267 370
594 5887 875
2044 5613 700
1127 599 591
1669 4800 318
3747 865 656
2896 481 680
1775 1280 172
3198 933 936
5175 1413 704
3946 4294 288
4033 1060 987
4709 1117 306
4812 5657 689
1674 3537 519
4759 124 731
3619 1293 159
3503 800 432
1289 5400 53
2862 5794 565
3025 2033 436
3555 759 63
2944 3380 861
4587 2006 769
4112 2858 884
2717 3509 189
1256 3727 95
139 2499 761
5370 1657 584
333 220 134
894 2484 175
4197 4791 718
1271 1379 680
5517 5649 299
4642 374 184
316 5955 543
2788 3281 785
4806 4591 436
119 692 593
2493 2827 41
448 3807 812
3424 708 425
1562 3971 562
1507 699 393
3268 3916 752
1768 3259 976
662 2285 259
1610 1115 276
4213 2600 709
6006 3473 32
4758 3798 306
3911 2257 128
4210 3857 325
5513 1680 363
3437 3234 30
662 1889 636
3175 682 40
4534 3135 754
5034 4407 821
4807 2768 859
6099 3418 795
916 1517 195
5723 2434 679
1690 1982 967
1285 281 285
5926 852 5
3398 2388 421
5865 5379 569
3918 2252 447
1464 3349 107
2400 4949 961
2735 6061 829
5447 3494 223
3696 4474 222
2650 5564 747
2379 3037 683
2225 1673 408
3469 2433 517
5302 732 62
4888 4200 752
5419 3395 696
5067 5370 39
430 4020 501
5517 2745 11
556 883 215
4982 4771 801
3904 122 149
1450 1917 565
5486 4215 240
681 526 234
3047 425 576
2394 5230 776
2731 1035 734
1818 1383 908
2885 88 923
4232 5125 769
3843 4856 877
3379 1461 5
2911 3963 765
255 6059 177
5038 1451 4
3020 5744 546
5065 5254 141
3945 4163 605
4216 5062 267
3885 1057 28
3399 4534 335
3532 4930 318
1247 5888 965
4284 5886 588
1301 2008 354
5445 532 587
3634 5890 756
4207 1593 467
6062 2884 729
3188 3431 714
2369 982 381
2784 5872 596
4942 3299 37
2865 1471 559
993 1924 192
1710 5543 402
5994 3941 59
5572 1057 540
3230 4580 925
5508 5227 765
3713 3973 391
4819 3592 767
4242 1273 204
2721 414 39
2417 320 109
3133 4086 898
1848 4557 914
2747 3283 445
3307 3257 88
423 1576 828
2419 2438 781
2961 5664 368
2948 2752 377
3839 5090 837
2638 4934 84
108 371 963
481 3466 381
3298 3590 983
3858 3764 133
4622 4871 750
6010 3892 459
5863 1435 49
2147 1338 923
2182 5345 945
5619 204 522
4162 3182 966
5147 3355 603
1096 4907 116
1712 1992 235
1614 5389 291
1248 1697 179
5121 2428 299
4044 3031 712
1939 352 421
3941 3832 982
2012 3001 487
3020 802 552
3524 4418 329
3481 730 943
4503 5844 174
2146 5855 174
5486 500 430
2708 5195 97
4617 3823 12
3169 1630 182
5239 253 94
1943 5149 64
2733 156 395
2629 5381 850
3837 962 946
1327 2486 127
4860 3257 766
3312 3580 879
3567 4062 867
1621 550 710
3992 5688 923
2915 314 480
1565 5014 390
3169 5648 919
2152 765 78
388 5393 924
932 3698 384
5629 4689 660
2169 4571 617
3228 524 736
5760 3444 696
878 5692 535
4640 2464 81
5141 2218 924
2211 2254 322
2963 3873 991
4258 2600 636
386 4088 363
6072 5784 463
5530 5420 779
3016 3867 438
2851 2733 513
4641 1839 835
5640 1183 478
2576 4900 874
5688 2599 710
75 1901 831
6060 727 822
3636 3610 13
227 3314 433
4819 4802 566
6063 3684 641
4615 981 759
4030 3589 451
4149 812 332
2435 3108 246
1922 2001 186
3254 688 577
2457 256 176
1674 1694 93
5453 376 548
3598 5697 445
5214 5741 26
3630 2777 283
3284 4065 817
3768 5130 618
1080 3581 873
5636 4752 573
4252 5502 841
1939 3936 387
5978 3991 692
1370 5182 159
4100 4794 624
3037 2160 135
2553 4500 521
4227 5206 753
315 1588 380
4815 230 3
432 5339 803
5069 4516 582
4208 758 385
216 5300 748
1935 3843 428
5617 355 185
1558 5402 336
1264 4792 567
332 3091 506
2308 4731 342
3730 3359 614
6075 1842 7
5494 2447 719
4306 2539 913
3512 5766 864
4145 6049 594
1185 274 801
781 857 662
1289 1479 595
1372 4476 585
5003 4104 937
4215 5214 125
347 6044 649
4176 3794 394
3665 3589 880
1692 2396 385
4611 3046 360
3707 4623 156
5585 5664 916
2906 5356 181
5216 5928 644
3167 59 39
2908 2670 112
4088 5516 643
3570 1941 173
2405 3525 389
3020 1435 282
3176 2875 345
1877 373 531
5508 4748 760
1517 1108 415
1945 224 433
5012 5743 948
2354 4969 890
5534 3486 896
304 900 860
3694 3198 168
5167 1050 3
594 2144 457
5982 1249 708
5891 1638 427
3369 4832 35
4257 4296 351
2652 1883 12
2029 5423 73
1475 5572 485
711 507 839
319 687 85
3578 3090 240
2474 3846 643
6040 1358 319
4603 1363 711
1671 4455 775
2394 4942 396
2571 4681 212
3911 1224 416
4587 1335 772
2270 1613 199
1010 5277 51
1838 5604 901
4565 90 19
2648 5642 115
2784 2158 292
1801 1120 340
1591 2990 234
12 3167 869
6041 4707 305
3770 3713 979
2056 3580 864
4059 1210 421
3379 5349 212
3338 3259 200
922 4967 485
743 852 245
3017 1103 975
1895 3155 709
1201 3730 197
2375 6016 959
2809 1765 766
4024 5095 134
5113 5914 766
5958 958 169
4160 5600 743
4841 2961 162
1406 3198 641
4881 3031 192
374 5673 59
1350 3676 483
3774 3761 276
25 1225 919
3308 4645 917
5349 1270 82
4157 2119 157
2150 1036 667
2453 5114 495
3438 2906 955
3832 670 378
4216 1980 197
5045 2676 332
3728 4303 889
4628 475 621
5128 3218 842
2225 4160 480
5064 3531 528
1149 3564 182
5391 3710 730
940 554 645
904 4818 988
1068 1550 664
915 299 323
5668 4961 392
2710 2119 338
1803 1334 949
3533 1390 922
1373 3348 800
6045 4812 338
2907 1445 948
1780 505 590
2559 2220 471
1063 4659 814
5077 1505 760
9 5160 761
1523 1258 778
5592 881 99
1825 1477 796
5500 4846 52
2728 2283 491
3065 3947 258
2167 4409 922
1486 3474 917
3792 3691 798
3596 4476 987
872 4228 547
5316 558 944
5705 1234 968
325 6052 574
697 1879 160
5493 5273 567
5586 909 460
2256 5068 222
6017 227 911
1276 5488 199
874 2302 665
2683 1867 619
4306 2266 792
2574 4046 617
2652 3272 646
989 3530 860
2945 4975 959
3303 3637 810
3087 962 166
128 2657 518
150 3405 164
5559 150 664
1791 777 271
1351 3841 877
1105 5691 173
2752 1834 378
2125 1969 652
1653 342 637
2416 3638 525
1451 3143 178
5482 50 459
4655 4737 748
3740 1907 989
25 701 673
3989 997 345
4157 4647 807
63 3463 600
4120 3509 792
954 2816 306
2513 5589 151
1448 5389 893
5711 4772 39
233 1477 5
5620 504 423
2760 3507 453
1634 2515 108
2057 5786 397
114 3426 891
717 1001 372
2954 551 385
2431 1733 307
4857 1543 224
2074 1780 515
1829 3180 977
4354 35 327
4118 5206 291
5002 479 323
1823 1086 465
5580 41 230
5744 956 96
4399 4161 294
574 1166 256
2496 4218 702
2090 3826 17
2282 215 48
4517 1540 11
694 1965 414
3652 3583 855
400 1940 267
2288 2239 128
4825 2202 817
5473 3261 417
4381 4747 503
890 3088 797
775 920 793
4900 4782 976
1822 775 567
3795 5988 900
4843 3807 488
3545 3323 532
5310 3067 199
5349 5163 133
3261 3300 434
2056 849 574
5928 3818 43
4271 2065 944
4075 2010 512
1993 1948 841
3823 1814 923
3521 1879 605
1925 5746 782
2143 92 583
1543 4310 651
3552 2096 243
5545 2051 293
1248 6011 805
5264 341 823
858 4875 889
2541 4817 35
4237 1529 226
155 2110 515
4218 5018 852
5966 4077 398
1883 4500 403
3380 1009 608
5154 3478 958
4826 3283 856
805 1272 411
2796 1372 313
4561 2097 376
2271 2479 213
4785 2627 810
2220 2752 333
3259 3228 644
2867 2700 336
2158 486 533
5866 831 279
3520 5325 81
4256 2127 436
2109 2807 4
1004 664 305
3206 1537 635
4808 1313 903
5625 843 685
3065 4653 31
204 1464 150
3402 3557 10
3801 1108 316
373 844 559
1081 4414 464
1940 1133 260
664 4456 812
4726 5585 101
593 1662 208
5382 772 109
2547 2786 990
5854 3801 764
1307 310 567
2096 4632 526
5640 6002 44
4473 3597 833
4646 3490 154
4304 4494 142
3190 645 338
5527 3541 578
6034 215 513
2123 1963 632
3274 3146 633
10 4987 515
3432 1564 655
2593 2302 544
649 3611 200
5249 212 360
5318 4111 990
3037 4573 990
4316 2176 208
925 4007 70
3099 454 678
4162 552 42
1921 4114 539
1374 5714 43
5418 4717 714
2809 2258 974
2351 1905 1
1863 5229 710
4553 3816 567
1496 1578 713
4333 187 984
2106 453 921
3529 6098 667
3783 3562 824
3688 3869 327
5962 4374 434
3429 2788 974
627 5264 135
2336 2961 623
2051 4190 377
5020 1777 976
2022 5385 22
5746 3698 29
33 5639 83
4308 3747 758
2643 5459 384
896 2764 143
5779 3691 452
3521 907 850
4860 1314 901
5505 104 58
2031 4587 980
4080 4442 46
4050 3508 216
304 3503 653
1725 5537 736
3521 5487 749
5750 43 395
4768 5736 813
1936 5151 112
1611 2986 70
60 2453 7
3482 1203 644
181 1714 665
3731 3644 694
2102 1278 448
1710 5065 440
3847 48 968
5087 5166 913
903 2473 886
1935 2774 989
5549 3270 822
2587 4563 429
1513 2813 415
5583 666 319
1107 5322 507
6055 6032 76
3509 1206 8
1592 518 575
5373 168 979
4207 627 139
805 2037 186
3543 4434 72
2170 420 52
3711 809 899
4226 3629 634
446 5760 62
892 453 913
4962 1590 211
2913 1265 866
6032 399 940
4325 662 753
4150 2046 713
4604 987 787
2808 1807 983
1854 5315 760
3223 5013 980
120 3310 941
754 3489 907
3516 3181 831
5406 2872 871
281 232 749
40 2830 745
5944 5054 246
5601 5016 84
1215 4499 661
4853 3857 346
2256 5823 959
5365 4138 3
5905 2107 747
5845 1810 908
6035 4637 582
371 876 613
2180 1961 729
2428 2507 151
803 5396 412
2329 2973 809
3909 1906 546
584 3798 3
1155 2319 131
5980 3296 322
2372 19 828
58 4493 865
1200 2106 779
4619 2748 692
4157 253 969
2165 5713 476
3657 3957 59
3128 2269 97
3627 3026 904
3592 3366 780
429 678 483
418 2979 44
2824 167 1
4033 116 126
1149 3869 333
139 3274 769
5371 4015 119
3979 3072 881
2363 764 939
3667 1482 647
5580 4041 470
3401 5926 897
3650 4543 667
1063 118 932
4230 4447 900
121 2555 977
278 3579 839
6073 485 668
1855 6093 637
3636 1975 552
864 5447 465
761 5145 853
4237 2433 223
5755 4184 890
1967 363 572
5837 2646 361
5570 6083 533
4144 5350 944
62 5712 389
3857 639 186
942 328 919
4463 2739 454
6045 1104 592
105 109 259
3713 2340 734
3140 2000 376
175 3353 390
457 643 737
5287 1890 574
1874 3106 186
3869 568 835
2984 2602 54
68 198 157
953 2791 162
5409 301 862
2029 2848 637
3577 2570 969
3145 2713 995
3203 3207 249
603 5846 567
4678 3184 791
4200 4660 727
3961 3669 368
5187 5567 792
174 4628 726
2623 972 937
583 609 998
4901 5982 751
2101 4057 674
3029 2242 678
2549 4287 371
6031 4457 601
2372 2171 925
5324 2477 983
4061 5030 162
2950 5456 169
1915 5349 696
1540 5146 548
5126 5027 30
5999 4381 319
3705 6088 296
5421 1532 199
1274 2956 75
381 1485 194
1121 4540 716
1374 4877 100
4384 4057 594
2803 4227 922
1354 5802 699
2913 3045 377
3386 745 78
3868 1298 918
3843 437 315
4907 3422 943
4589 364 596
96 2532 1000
917 4667 917
13 1462 155
116 3856 295
2361 4339 40
1850 3123 485
4252 4306 202
2871 1355 897
5223 3153 604
3571 3344 70
2166 5727 665
89 3576 469
6030 5516 378
5215 4012 546
3861 2802 958
1082 1270 192
5217 4704 479
2367 1732 503
1030 2293 557
4766 1926 623
805 2951 775
5530 3885 879
491 3397 346
1260 1320 860
1587 4519 633
5697 460 166
661 4216 247
5446 5950 546
4191 628 823
2216 5306 359
2681 983 489
149 3821 104
2910 3386 439
4837 1322 72
3634 5578 765
1526 4905 434
4644 1754 537
4666 977 378
2697 1556 337
1003 3152 426
3371 4600 774
5462 3965 958
3966 3202 673
4693 3682 333
379 4571 185
1620 4550 818
295 636 545
1123 1656 745
271 1802 269
8 4402 738
2647 5610 297
2929 212 364
4137 5377 282
5204 1787 353
2952 2793 208
4575 1981 639
3014 2984 925
1643 987 935
180 390 896
4440 4405 9
4873 4844 156
145 736 77
1307 249 483
815 3347 16
803 1566 107
3646 2442 348
2858 843 585
3948 5159 762
5979 442 30
2292 3895 909
657 1069 22
1714 5081 834
1840 4454 299
785 4222 842
344 761 124
3136 5333 958
1885 2991 139
2451 3815 290
4715 2972 593
4686 5750 188
2301 5069 125
2348 3395 338
844 147 973
218 2277 940
4512 1226 127
4442 183 335
3769 895 371
1867 5393 432
676 3302 610
5778 4524 913
3423 1454 202
3292 5494 191
2901 2711 130
573 5751 586
6087 2638 145
397 888 25
3097 1027 238
2367 4843 236
1684 3902 164
2739 2225 429
201 483 522
193 4892 825
2922 718 966
5634 5503 950
5046 2834 215
5016 2242 917
1507 5413 956
1820 5483 644
343 1324 516
6052 1251 719
927 4538 58
1910 108 6
4862 3062 531
5898 3794 541
3618 4698 822
5706 1620 668
450 2974 626
197 2693 221
1162 1605 974
3876 3000 514
6061 4524 596
5939 2758 936
4398 701 976
2462 3433 320
972 5479 404
4209 3287 242
5191 5048 365
4655 5069 879
4017 4524 918
186 5196 117
3401 4394 402
5135 3509 838
5587 5877 106
4661 4158 924
2750 3857 996
5577 1405 122
2665 5813 702
5083 5825 27
2500 4770 894
431 5826 179
2009 1212 183
5722 5402 332
2929 4470 145
4176 5441 882
4196 3265 60
2932 1203 390
2645 5390 448
2053 3548 608
5088 1449 902
32 4501 975
5583 3740 486
4744 4822 242
409 519 712
943 3802 313
1201 5358 149
3001 2390 569
2445 4451 375
2372 5216 16
162 3082 598
5707 4505 285
599 792 150
814 3769 562
2309 4888 551
4016 4398 481
615 4908 978
4167 11 128
5956 3276 884
4794 1081 289
2077 4088 629
4334 1564 545
1443 2543 990
4194 1477 399
2511 1597 41
649 6060 679
4996 1416 602
1674 4637 85
3769 5958 74
6017 399 489
3809 341 382
6043 2582 173
85 1400 504
3084 815 288
717 4125 22
53 5886 556
92 4595 88
4624 4610 222
219 390 559
154 417 268
6024 5436 423
5631 2874 129
1776 2031 749
4743 4194 848
3307 984 147
2043 2562 310
5379 2803 174
2822 2657 449
880 2613 661
4427 3825 729
116 5 819
3878 3429 272
2774 3564 262
529 4898 530
23 4800 192
1480 976 372
4455 894 29
5287 1957 594
3080 1744 320
5114 246 787
4631 2184 739
5241 3238 235
1505 3887 934
2607 1447 21
2493 4730 188
408 3263 861
4386 1227 571
3170 3961 122
5254 256 874
484 877 541
1884 2592 616
5601 3919 22
1698 1328 927
6081 2936 129
1869 3645 160
5246 4561 139
4228 816 375
5653 2404 296
3036 4348 133
1652 4828 380
4203 3183 840
2819 1090 501
4615 550 813
460 3405 378
5763 2632 935
2144 483 770
3069 4290 183
5907 2799 510
1970 567 232
3781 188 706
3625 5814 135
2276 4658 719
4456 344 58
6036 838 111
4977 5781 203
3950 6040 253
5165 3875 693
5429 1693 474
2132 3905 368
488 3014 75
4014 5610 505
3989 2356 226
3002 2205 805
5330 3991 299
2998 182 244
2863 3720 4
1997 3707 755
5692 3953 195
5048 1095 8
3460 3587 113
376 4846 175
3991 1777 725
671 4803 214
4320 471 910
1751 158 756
248 714 819
4594 3026 947
2103 92 934
401 945 505
2801 3162 602
3890 2457 142
461 1051 338
3056 4291 339
4790 1154 5
3737 646 979
2718 2109 113
2367 5839 792
468 4019 650
5697 2140 168
90 4021 419
5094 4077 417
5665 830 529
250 5928 545
2277 3330 839
5003 3984 842
1073 4620 455
1213 3630 450
973 1904 854
2832 5020 584
2426 4767 331
2622 2787 112
5079 5462 415
542 1082 255
5979 3327 456
3357 2372 445
4232 4624 970
3582 2484 838
4266 4128 337
2205 4008 110
2010 6060 656
2630 2140 113
5915 33 714
2490 4479 611
127 340 728
3475 4369 505
618 5421 34
5430 4274 643
2135 5571 477
1173 520 283
3213 4798 446
431 1468 472
5624 3206 372
4948 277 331
3903 2025 32
5432 5979 142
1523 4248 330
2207 4574 67
5653 588 55
1674 1152 804
3146 3750 818
4631 1582 534
4211 3391 512
769 5546 261
5212 433 805
5859 3575 58
212 5438 449
3672 2682 767
3295 1897 483
2866 3930 591
1327 5519 614
266 2668 253
2969 3832 150
1313 1196 682
3245 949 779
2215 5309 74
5074 1477 990
5148 2017 557
2851 304 562
3447 3976 228
4371 4447 1000
3376 5301 694
5613 5192 46
2958 4983 763
1959 930 792
1327 371 793
4406 3038 853
5229 2355 517
490 704 838
391 5290 500
5999 4163 269
3345 3125 167
5558 2668 821
5041 2556 246
2063 2076 669
1019 5177 994
1814 456 783
1615 1578 709
4769 4274 892
5352 1705 808
4816 1794 277
4877 5222 482
762 1350 214
5187 1950 530
4200 3395 340
4390 2732 777
3946 5693 994
3128 4391 408
5999 5428 865
4686 5444 210
1173 1543 688
1184 215 356
3082 5217 141
2091 4581 878
3179 1217 495
3227 2213 730
5278 4131 652
5577 4998 992
1176 2478 212
6094 5432 304
4668 2241 176
3159 3913 73
5135 151 814
2543 4336 303
4890 4007 795
1882 3022 622
2591 4616 815
4314 3744 515
2577 3028 954
3341 1210 514
44 775 485
4426 4849 781
1504 2867 78
4286 2934 27
227 5242 478
505 3452 939
1799 18 868
2076 4896 931
4864 1945 897
1633 4842 352
4873 4378 749
500 4600 252
3537 2841 992
3673 1788 325
3860 138 536
4359 1449 383
5664 1810 123
3052 2619 420
309 5058 228
4152 3749 603
2331 1781 928
1689 5705 117
3180 3240 378
4235 543 694
1317 1589 727
947 4566 911
38 3975 888
2410 636 594
4433 416 993
839 3326 317
6034 4933 689
1350 4108 662
3635 265 552
2069 167 354
2278 1324 768
209 2129 726
5978 1246 697
3068 4888 282
1378 5224 692
1952 1018 938
205 5937 973
831 2517 383
4253 5031 910
941 1066 656
4886 3123 615
3145 159 373
4289 5073 54
2296 4096 597
476 3273 552
4425 3036 627
3333 4323 852
2043 850 222
1314 3762 662
1007 1975 127
1525 1944 59
5502 3799 670
3456 250 914
1142 5389 772
2177 536 408
4021 4817 893
1603 5563 488
4346 3280 258
4555 1246 592
5381 4312 709
4246 5597 353
3074 5042 363
6047 2232 760
2115 2863 649
408 4088 676
172 635 213
370 3161 23
3646 5231 843
5374 169 171
4590 2384 985
1110 755 583
30 2263 769
376 4617 961
5338 1448 359
4245 5539 570
845 2326 588
15 2264 625
4032 340 652
1262 2230 151
4494 1732 534
1370 4530 457
736 1350 922
4909 2062 124
1313 5341 207
5042 2525 421
3415 6099 858
2843 4194 734
2763 3395 323
3117 3835 464
1395 5558 704
1589 1575 884
4788 1909 147
103 2302 12
1484 4823 907
239 4305 474
3706 1687 133
1708 2169 146
1001 2193 743
5545 4678 138
9 6014 714
1950 1533 461
2952 5796 777
1985 830 13
1632 5893 339
4915 1631 401
398 1666 64
2264 4663 976
15 5749 240
3688 3058 993
1636 2096 986
87 5647 10
2513 4719 910
225 4641 694
4059 4846 570
2483 4549 114
3792 3546 539
437 5878 834
5322 244 500
5277 1437 615
757 1073 729
253 2672 268
3054 5228 634
5060 4117 471
1376 1387 172
64 4379 477
3667 4576 470
856 5601 738
5624 3635 608
3702 1440 752
2575 3778 997
4956 5418 15
246 4696 403
535 2118 97
5316 3728 341
3034 5468 964
5132 558 379
4356 1156 380
5031 1274 434
818 705 500
3218 4947 661
4201 2339 990
5462 70 467
4301 3154 17
3404 2391 931
3625 4458 232
1998 1423 11
2839 3333 442
862 1586 976
5446 5789 871
2512 4838 343
1575 3489 207
1773 3167 242
4965 4316 408
5403 1242 756
4508 2203 296
516 2336 347
1159 574 264
5016 3315 946
4421 1126 411
36 3446 877
1695 839 834
2897 4409 249
5595 1997 140
236 3256 986
331 751 73
887 4964 654
523 4396 288
2941 2368 44
4514 3656 149
459 5700 683
695 5490 35
4477 476 423
3044 4875 794
5724 2732 896
1983 4535 280
4103 3319 928
5173 3534 260
1204 5536 658
3304 1711 655
1028 5864 520
1280 1194 326
1464 1739 830
3972 1962 425
5705 4053 98
2405 3481 249
3722 4619 538
3677 3549 824
4730 2289 654
5065 3999 234
1042 2007 161
5832 4354 58
4034 1664 57
5230 4539 411
4861 2620 577
1059 640 357
2249 3860 890
2547 4819 827
455 104 123
5887 516 741
3551 4021 115
5738 3493 33
5659 1128 869
4316 1565 408
1753 3597 73
3197 4522 891
62 122 192
5913 2798 379
391 5537 617
1134 2457 853
2084 5554 25
1356 2178 902
1706 4976 808
4809 6034 461
2995 146 239
3621 3707 931
364 3235 918
5079 3887 83
3903 2821 592
256 2716 300
2151 1080 728
4925 2256 981
3934 1189 128
1333 2734 603
3078 5245 687
5739 2371 983
3306 4925 607
4950 1527 252
162 396 113
2883 844 602
5463 149 566
5832 2206 726
5434 2563 843
2102 1377 379
671 1650 206
2023 4298 495
1326 1149 649
1862 2216 524
2334 2938 405
5805 542 389
2943 5600 179
5083 5690 72
2016 1425 462
3874 4750 65
4675 3904 36
1219 1335 383
724 2115 356
1793 3090 15
4014 4785 17
5869 324 457
2153 3881 979
2767 2855 497
170 5153 892
4990 1746 78
5071 4896 386
2497 4210 738
4232 5073 604
1238 5344 588
2483 820 641
2074 3092 175
4922 3113 770
1246 5122 993
424 4830 611
182 4124 344
5638 3680 993
700 5960 336
3475 4589 89
873 4770 277
2555 1969 177
3085 4530 33
2715 1822 508
3996 4593 747
3870 2124 705
2972 2478 120
3818 5061 724
5298 3104 566
3884 2137 440
5979 175 807
5199 739 833
2153 2937 938
4580 1696 128
2198 922 47
1598 154 325
699 5915 443
5157 2855 439
1443 2974 633
937 5052 716
1748 5526 203
2513 2040 171
3360 550 539
4469 367 650
5025 3350 665
1947 338 624
2738 775 406
749 5863 128
46 3748 383
4967 966 7
1515 1720 724
3051 1926 850
2851 5401 844
1141 1693 406
3016 1279 597
5670 3886 704
1937 2633 73
1950 1341 984
2601 592 746
496 4929 295
260 4464 313
5116 5690 656
4488 1293 299
653 3361 243
2224 3417 408
1428 4594 686
1390 2753 674
184 2639 644
5345 3347 428
1605 3763 646
2177 2939 475
1609 2685 354
3809 5782 337
5179 3934 680
3840 3876 858
537 1660 870
1129 5926 871
638 5160 64
2329 3664 908
4959 5321 631
3068 295 542
2110 4935 316
436 3546 433
3307 565 238
4223 410 187
3268 4696 469
1109 6039 806
941 1644 558
3018 5728 243
5775 1867 483
2135 4586 817
1836 98 331
1700 4604 428
5808 4384 968
2728 709 222
3646 5089 678
3891 6066 804
4856 3536 864
5698 4615 806
3312 1031 779
4239 5416 346
2405 172 275
1628 1733 582
5034 3472 519
5648 5838 633
5720 3795 112
2634 4624 845
577 5665 458
4744 1794 435
3618 5639 55
3504 5566 70
5369 1871 213
5247 1958 955
5709 4290 353
4705 4461 998
5519 4130 615
5342 3277 443
283 1034 712
2264 2518 687
3260 906 706
2795 2660 69
4119 5926 302
1193 4198 210
3747 4608 685
1946 4899 77
3688 4390 44
1341 4843 595
2496 2591 14
4806 4000 716
3926 1618 833
2909 3606 430
4715 467 790
4574 3897 8
4003 4823 579
3727 2664 383
2669 4400 505
2695 4173 263
3595 2267 414
4647 4907 631
1434 3643 88
6048 1426 203
993 6082 775
2286 456 674
759 4301 261
2036 3311 120
1834 1338 541
1360 3915 373
4063 560 947
4965 3774 770
35 3556 228
5303 2632 212
678 2399 215
4709 1530 282
5715 607 454
4175 4868 689
5533 2327 623
294 2798 175
5220 1617 839
1404 971 960
4709 904 406
5759 2563 698
4868 2980 125
667 4510 895
1199 2275 137
2459 3894 554
3520 1659 898
2956 1348 131
5841 3521 905
1487 6021 183
4180 2286 86
1830 5856 181
5484 5813 438
3831 6068 970
3276 2334 701
5245 906 803
3442 3767 996
4666 1514 194
3420 1037 569
2161 5469 18
6058 2757 93
5014 5562 83
428 3418 733
632 1285 857
5163 5755 994
1855 4518 15
480 2180 110
2121 1285 209
414 243 391
1008 2987 735
1835 1224 231
749 5454 368
4829 2563 579
2021 1755 403
4269 2523 913
5388 3808 764
53 423 633
1464 1244 85
3123 3293 884
1309 1858 772
2795 847 46
670 4592 524
399 5048 581
3207 3185 378
5571 6034 31
1859 5047 829
4794 2410 965
3731 356 397
5653 790 278
6 1017 397
3295 4006 939
4894 531 490
234 3491 184
2939 5545 170
4385 1031 663
3056 3210 394
5724 799 199
2546 2792 992
2373 3358 643
4752 2217 694
1786 1739 928
4596 1966 743
3966 2377 758
3664 2175 863
5391 1957 696
2834 6020 42
2338 3189 992
5225 4812 458
5413 4330 136
2783 1582 916
101 3217 677
4723 3552 32
3553 4035 914
5856 2992 731
4713 2722 175
4510 5838 155
1898 6005 782
3850 624 671
1009 2462 451
3433 4770 731
4365 109 918
4935 2139 68
6096 5033 622
689 724 849
4625 1691 131
3650 1934 811
4487 4208 509
5359 4461 443
5496 2526 577
562 2204 272
1502 1909 576
2223 4456 646
3076 2060 798
23 2489 605
3196 1668 210
2844 1485 793
4063 1632 842
4382 1942 701
2813 4455 446
4389 1318 740
326 1125 652
5030 3292 395
3830 4230 224
3554 5824 337
3302 792 105
3676 5191 448
4864 5986 894
2680 2985 651
3579 2943 970
5574 941 396
358 5064 875
1019 1036 875
677 2348 337
206 5608 197
373 4706 47
1393 1461 58
2476 932 791
3781 5089 731
5966 1084 669
549 216 440
999 3232 277
4462 5066 189
895 2361 569
1495 2809 162
786 4402 557
5107 4459 20
4390 4502 501
2182 1542 17
314 3338 565
3122 2944 94
1084 117 184
3564 4573 807
5402 5256 888
43 3835 358
1861 2604 387
2685 4853 365
3051 3195 337
3271 1942 519
3506 1217 105
4904 2884 527
4177 176 372
822 3918 944
1572 5013 656
856 851 72
2729 3176 370
1522 971 242
3520 2120 785
107 3278 258
5791 0 817
4714 815 965
4125 888 993
4173 2122 69
2674 1913 719
2426 1353 705
5232 1462 75
1554 1053 264
2970 241 513
1077 1265 817
1236 223 972
5690 3030 485
4879 2738 732
2226 888 234
1665 2156 338
1175 5238 871
1996 4859 272
2728 3495 554
4744 5756 592
5170 5243 726
691 774 92
3405 1993 668
2942 451 425
146 4871 251
2915 2567 9
2778 4129 368
5160 5251 720
3206 6090 990
150 4535 943
4000 1470 784
1083 3769 153
3649 4022 436
4035 4469 94
4011 4871 485
105 699 447
1976 2667 334
616 5686 562
1407 4471 209
5794 4689 674
3582 4019 220
278 3856 279
737 4457 759
377 3162 995
1528 2567 576
1670 1517 861
433 2984 77
2518 706 830
4804 6084 823
2115 4630 544
3711 2002 578
3364 5669 165
5851 2314 570
5755 3807 414
2616 309 234
3612 5741 492
4531 3556 186
5982 4358 646
6081 2857 319
2574 322 29
1999 3913 249
3027 5923 722
2855 1787 466
1644 4364 458
1201 6 917
817 5940 321
355 2837 816
1597 4790 761
1302 939 55
5162 1726 163
1813 1866 321
2771 5148 488
2694 4552 409
4752 2273 178
1635 643 434
4226 2543 926
3656 2878 590
904 4889 809
1480 6094 426
2646 5009 275
2462 1905 619
1193 2036 340
4835 4803 498
1976 4125 724
5629 3671 435
205 1469 669
5159 3763 70
2580 5285 590
2102 5421 656
3343 4519 238
881 4491 353
5622 5174 221
5932 5360 869
3593 4676 807
3368 3599 710
4366 2137 864
1855 705 544
5900 3656 789
1309 5618 201
3927 3524 845
1739 5903 284
2159 4954 478
3791 2064 4
2429 2680 763
2427 3468 364
2414 5142 869
5736 770 510
5767 5743 609
3193 1636 355
5045 6004 375
2882 1452 935
3973 2163 682
1954 2699 688
4352 5158 57
1847 815 159
3390 5873 146
5199 84 207
2208 4109 443
2856 3014 68
5762 5964 753
2147 1422 570
1904 5403 92
785 3925 635
4783 2705 802
2065 839 294
2451 3764 827
323 3659 830
2810 1320 256
2237 596 442
2323 5975 289
4931 5529 540
4900 1766 61
5475 3470 441
1388 3020 30
918 2663 176
5891 3666 335
4679 6051 584
4090 3972 998
3394 298 736
3032 5650 464
1804 136 611
4959 4530 825
2236 5231 246
6008 6022 337
5698 1022 298
2657 5208 817
1157 1700 411
2762 5663 187
4195 3103 673
5769 3425 588
1563 4905 144
523 3099 524
1050 3805 964
3686 2286 790
793 6063 583
4373 710 153
661 1778 96
221 4193 642
4674 3925 519
5114 3349 125
1673 1107 6
10 1003 918
5548 2267 158
3075 3799 390
1777 4791 555
5780 1438 640
5465 2872 615
233 3072 967
4124 5816 530
877 3814 760
5538 4296 771
1176 4803 54
537 2846 770
4784 3001 868
1185 563 292
3917 5568 60
1793 3979 60
1496 2866 554
5108 785 85
642 1179 483
1135 4511 405
5095 4571 237
2197 4912 333
2993 4888 224
2748 5380 641
3745 1959 944
981 2724 683
4890 1471 447
1193 5306 383
1864 4907 992
3088 5590 29
1996 516 180
2346 1922 881
437 1661 681
3895 5735 929
5378 2040 108
354 3440 36
571 2623 88
3125 4147 542
2187 2108 63
762 5824 389
5663 3970 328
3561 15 171
3719 219 201
544 174 677
768 739 267
2494 3020 28
3818 399 165
339 3258 690
2002 4567 895
840 5675 638
3264 5912 862
1840 2520 614
1523 3599 250
1950 1854 513
4770 3257 947
1668 6087 605
197 4775 532
5933 8 827
1220 4492 478
2990 5417 704
4731 2556 400
1323 3790 828
2982 1021 960
2081 5816 926
5083 1953 215
4822 5046 75
5962 1516 811
2226 1608 209
510 5772 889
3381 3484 328
458 5060 708
1679 2838 726
5360 5394 712
4861 511 684
3591 585 260
1948 3112 150
998 2139 299
1746 3990 28
1809 2789 411
3656 3706 145
1057 2437 980
3061 2725 276
5496 2555 568
4250 1686 794
664 3287 215
1937 4493 582
429 2408 953
2930 1631 829
5710 471 432
4493 6096 873
1235 1178 899
4153 373 765
2331 4858 839
3508 2804 143
5178 4645 413
5672 1958 58
2045 4599 882
4092 2802 832
4898 5456 958
1169 3155 966
1104 1655 656
1010 5331 635
2508 2958 489
4381 5995 905
5319 3711 670
5236 2185 219
2982 4161 722
2399 3156 602
5230 1178 984
5702 3961 510
4612 4856 95
3453 5221 829
2277 438 861
2794 4364 26
688 35 557
3904 3269 92
4282 4821 303
1482 4119 809
2882 2951 828
5022 2840 461
932 3716 646
1537 2387 747
5341 2661 769
5461 853 315
5387 4184 129
2090 4510 499
5891 650 16
4457 2423 968
5592 5642 432
5465 342 194
1168 64 651
1994 5518 176
3173 3502 752
2755 4808 977
4339 452 131
5911 27 985
5802 2861 748
3384 4208 659
5564 5993 40
5963 2407 661
4249 4690 29
2569 6072 823
1782 759 207
345 3512 825
5956 5862 999
3617 815 924
3682 3597 465
3288 2886 248
4610 1244 87
1890 3113 749
2282 4068 531
1429 4874 720
2226 5829 364
2617 3201 44
3356 1628 214
5580 769 822
5416 4378 561
1265 2063 676
2689 4769 316
1867 5316 997
3714 4676 356
2473 5555 855
1085 1015 277
5326 1163 89
2418 5681 55
1717 4779 15
3750 5120 668
2694 3973 802
460 5163 488
4119 5937 112
3959 5463 586
4272 5528 515
310 4413 551
4684 4985 771
3900 1453 503
4573 5182 90
805 6035 932
3489 762 534
54 100 423
2172 3023 138
3899 4701 675
2925 3376 920
1223 913 607
5758 2412 587
1234 5868 789
1805 1203 937
2512 827 341
1292 3745 850
4369 4765 796
5318 4778 254
713 5570 726
1111 1941 13
1320 5563 698
5716 3828 194
4060 1577 855
85 5368 815
3527 5942 950
1660 1195 681
3705 2048 843
912 4314 817
1452 3734 597
2671 2151 951
573 483 501
4596 2590 449
1382 3047 282
422 3150 94
1840 768 737
1131 689 19
1764 1863 754
38 3886 613
3093 2749 717
4033 5354 821
5881 2278 174
5766 4978 804
2659 60 118
1254 3503 881
402 3643 261
4781 4436 13
5679 3043 969
3403 54 532
2074 3820 557
821 1157 508
1313 4793 217
2268 2101 795
5006 3151 399
1314 3462 464
767 732 439
1755 5080 124
2334 1199 92
4298 2294 378
4252 3690 218
5419 1894 553
1164 3183 40
3462 2026 227
2334 314 11
2705 2255 209
2920 1290 777
2900 1053 387
4232 1147 356
2821 3466 793
1172 2196 700
5496 1334 236
3439 4303 933
414 2706 87
5049 3573 109
2546 1292 502
892 2715 740
2251 3967 319
2700 1948 152
3261 4849 748
5443 644 272
5825 2275 198
932 2743 969
4365 1890 316
4047 3687 433
4190 2785 243
5820 134 661
635 4535 452
3523 3057 263
3800 1203 453
1654 4171 683
3802 814 560
5919 2637 981
883 3392 640
186 2987 99
4719 3243 752
0 3663 825
5740 3939 624
1388 2292 409
4870 2608 471
5146 2914 289
642 1168 983
2598 1824 950
2727 5639 128
5116 1903 900
4909 2651 19
2731 4646 755
5924 5685 770
1544 2941 508
3439 3183 776
5818 1219 347
6017 1809 98
4688 2841 628
3900 895 589
4998 4302 508
3519 5770 816
5266 3994 707
3621 2425 810
4286 3782 98
2855 2594 914
3691 1050 12
5399 2481 943
4344 3062 576
2210 1401 485
4715 5768 304
5998 1573 959
5491 9 651
2309 5074 979
649 1531 994
5957 2052 235
4447 1476 598
5995 3732 606
5548 1345 846
2091 548 530
4635 2655 844
2411 4904 803
6079 529 174
4092 1965 597
2673 1023 965
1197 4551 347
1890 2441 802
1405 1776 473
5433 366 848
2941 5921 556
4216 4591 523
5526 6096 742
5836 5458 57
6018 5934 493
886 707 26
2178 4313 92
2928 1000 488
10 4256 22
3996 5431 722
1085 2986 780
366 61 311
1586 4105 710
4678 1833 664
1006 3749 52
3331 5544 469
5162 4053 6
2065 3265 852
1420 5475 932
2760 5966 587
4271 2157 212
4657 5219 951
351 2742 93
3289 223 194
4712 1334 395
1101 2691 256
3832 4913 673
2942 5530 671
2472 2893 734
3230 709 211
1574 4073 718
6021 5263 917
3997 3284 252
4661 2333 879
48 337 747
2411 3574 950
467 1344 846
4063 4711 667
1384 1520 716
1370 1676 725
1644 4408 932
5294 6035 501
986 5763 122
4299 2011 739
1823 355 238
726 4295 145
4510 3283 51
6050 5251 676
5865 1183 687
2005 1978 122
4185 637 672
5560 5867 53
1891 2587 972
2362 5226 415
894 5081 829
2297 1154 293
1122 1447 683
5426 1144 60
4729 4577 331
871 5362 229
3954 5399 959
4977 1732 450
2893 2483 217
4126 731 445
5126 3746 65
2907 3232 733
2298 4550 970
1634 5554 628
3933 5933 353
6057 2292 833
5587 5882 503
4711 2426 76
1261 5855 129
1180 2055 353
3810 5683 963
1432 1460 465
5681 1275 683
362 3202 645
2267 5420 847
416 3779 940
2489 3913 914
1185 2814 751
867 3041 324
4282 2566 608
5735 3478 148
2037 457 674
3372 426 78
2403 2949 87
2769 2230 472
3161 3566 118
2794 4987 976
3466 243 146
1742 1632 514
3317 5210 699
1466 3226 897
532 3374 100
1574 800 468
5847 5019 881
2516 260 469
4154 4819 354
2761 5004 608
785 5551 793
3767 537 568
933 333 874
2053 3584 720
3287 2510 594
408 3197 405
2264 1397 812
5099 2237 567
3498 4537 411
859 5284 981
3413 3108 761
3060 3061 297
4565 5836 273
1363 535 514
6054 4151 951
5710 3562 326
23 5236 445
4318 3017 67
1583 1648 166
5210 5192 469
1831 2334 36
4673 190 450
5131 1174 187
2221 2594 915
2104 5178 403
2425 3486 448
3195 1656 470
1394 225 691
2041 5915 215
3669 4945 714
1314 852 418
1615 3863 536
1373 17 837
1925 571 348
358 263 873
5792 5387 622
1211 4561 188
286 1707 459
5600 5937 257
2154 1081 991
5902 2982 532
444 4962 408
4317 1541 903
1929 2466 274
1116 2965 770
3349 299 392
1357 1615 991
5685 2175 679
6005 4247 603
3935 4753 864
4733 1467 853
1027 5019 550
5579 3715 321
984 210 830
4376 3518 563
323 5155 429
3921 618 77
1943 782 218
1119 4276 456
946 3077 969
5625 3463 611
1231 283 795
3099 4889 993
5394 5409 524
4503 4516 388
816 3684 974
4503 5086 503
3003 4921 102
1951 11 27
3242 2268 136
5979 5908 684
5225 4455 495
375 2516 70
909 1067 397
5059 2679 515
5904 2209 768
5923 2716 543
5276 4161 552
1542 592 723
1743 1045 306
1250 3914 224
151 3739 306
1633 473 168
5181 3091 191
3031 5181 473
6056 1755 712
60 3019 263
2343 1772 206
1164 4281 286
4954 5599 892
2191 188 532
3291 2525 450
146 5152 224
1536 1441 638
976 5826 66
2626 3682 698
4694 3850 103
2916 154 459
389 2526 966
2588 3285 339
920 2361 314
3124 233 954
4258 3590 864
4901 2399 171
1579 927 613
263 5267 191
1789 2323 504
1789 4089 520
1450 4965 677
2266 5278 768
4422 3409 953
849 5975 789
942 4601 313
5054 2903 45
3150 2635 604
60 1675 637
4932 4713 503
3945 2765 412
5264 1422 115
309 3465 736
2205 5575 737
801 3888 210
5377 2534 208
1627 2117 851
3473 477 44
3984 3635 413
4453 1580 138
3748 4001 356
5182 2874 68
1334 3955 342
138 5069 476
4784 4420 460
1954 4419 63
3818 3608 196
4583 1860 2
1317 4256 494
1492 3851 507
5109 4809 267
669 3662 545
1116 1163 324
5228 453 134
3021 4648 235
2264 3963 26
2086 5591 122
2545 1972 817
5909 1580 924
3018 2845 595
5 4703 106
1945 915 601
3534 4401 958
4110 3154 874
3126 4378 719
5732 4872 27
2041 2122 15
259 4194 591
5608 2155 462
2130 2759 721
453 2653 302
3387 2854 413
4599 4147 887
5551 2183 407
4045 5951 980
2331 4133 28
4395 1057 690
5500 5288 284
3286 1515 762
5373 5021 558
5166 128 293
3405 5796 663
5903 1754 300
2333 1255 828
1909 4774 530
3138 2664 983
2210 3249 732
201 4 749
3047 4883 566
4695 691 261
3427 2935 604
3959 4419 331
2026 5316 925
2668 722 337
6024 5037 51
2430 4679 401
3998 2299 801
1010 1856 207
1528 885 568
4630 5066 613
5276 4474 98
588 3602 381
5649 2435 700
917 4752 750
4793 5177 919
1185 655 731
429 3136 224
1692 1719 322
1426 1596 67
3119 4520 886
2070 3156 607
1061 2345 192
1675 1953 676
1802 666 834
889 4398 23
2243 2437 764
155 762 614
2999 741 740
1313 4852 81
811 6054 252
5399 2256 877
3613 2355 144
3792 2128 88
2947 444 198
4120 4389 687
4046 5719 668
2207 3031 573
3103 5409 732
1592 412 168
1701 407 521
4865 5248 424
4411 2812 606
2264 3583 960
1000 3197 282
973 2070 826
2688 971 58
123 4637 888
5241 1940 132
2791 4832 519
5948 5107 635
5383 1786 842
1143 1568 82
1152 2477 881
2277 2964 171
4153 4040 615
4187 1985 130
3124 2872 144
5496 5311 918
3740 4160 842
2592 5789 376
181 545 789
5201 4432 524
5951 3090 746
2117 2730 903
2529 5582 740
4192 5878 162
1284 578 350
5402 3001 718
4111 650 553
2053 5165 959
180 977 729
4999 4117 742
2472 292 356
4784 3486 534
3005 5388 990
281 2072 942
841 3396 374
443 5474 557
2395 1116 829
3138 5112 783
5765 5155 741
369 4485 241
4291 3426 28
1859 5120 794
2964 1165 947
2737 4659 251
359 4910 377
4872 4165 947
4663 613 561
2616 1982 900
1532 3415 132
1701 2951 321
471 3604 715
4660 599 65
5206 4241 627
2253 2873 269
4481 3550 798
3463 1639 482
3384 2208 117
585 1753 763
2752 4578 140
384 1882 525
5567 1570 984
5643 906 321
4822 21 471
1974 1713 986
2970 1780 727
6084 1588 923
5057 1075 131
3382 841 74
2777 2546 604
5815 2330 543
5457 2578 973
4850 5137 34
3607 2269 179
1656 1983 115
1748 3056 161
4196 1789 246
650 3505 616
3794 2286 880
110 5617 889
2479 5470 780
2017 48 287
1802 6032 306
1132 2017 801
4078 4425 958
1401 2857 466
1356 5156 262
2080 4264 831
3216 5736 475
201 4559 784
4623 4198 703
2953 3188 320
602 3292 274
1 1554 233
5385 5350 478
2045 411 670
2197 5176 820
22 3288 407
6077 2481 974
420 5470 308
2922 860 862
2232 79 159
5014 3334 881
3583 1021 99
5514 5942 801
2409 1602 245
4630 5993 873
1442 5895 479
342 3403 486
3330 4846 766
1676 1708 253
3914 4367 266
1853 1198 920
2700 1894 967
986 2640 966
5761 1001 754
5419 5985 87
2035 3598 124
2246 1811 527
1918 47 598
2075 1452 743
3268 4253 52
3572 941 382
2556 4426 899
656 5299 804
4357 1971 479
4165 4722 362
5012 5845 484
3941 1178 706
1835 3215 578
4912 2994 187
3976 5289 367
3502 3188 445
3785 3671 226
2907 2927 391
4233 3124 204
3239 5005 881
2887 1133 669
4356 5479 952
1599 4160 1
3484 2003 680
786 69 472
549 3839 847
5021 5348 537
2898 1496 630
4653 5017 25
3954 4913 587
693 1475 42
1618 2295 402
2593 4400 460
5503 3295 227
476 4156 540
2924 4773 268
4351 3456 716
5967 4378 636
6011 4714 791
5636 5688 197
376 3459 728
1984 5444 17
4668 5447 958
3021 1070 351
4471 2878 653
5336 4212 318
6023 2685 303
2034 4404 802
1695 554 299
1728 2731 336
1733 302 84
3795 382 953
5903 5443 192
5535 2949 667
1663 1437 387
5789 4355 775
3490 4698 657
5063 60 313
701 1167 425
842 3290 73
512 5474 936
5909 2998 187
2878 4470 661
3735 3356 561
1051 5055 640
624 4274 174
2037 4338 736
1471 1097 668
1580 2364 52
5284 2772 541
3718 3234 354
673 2826 81
1161 3687 214
3812 1553 478
3707 4507 23
3679 2377 935
1648 1880 867
5161 2790 202
3566 3372 800
5979 2740 658
2635 2839 852
3690 313 718
3838 3792 102
5988 2684 538
203 1647 89
1595 2138 840
730 3345 577
4649 3822 752
4119 1152 511
1666 2777 959
1250 285 254
4364 29 269
1545 2796 712
672 5781 219
2250 3368 447
5323 683 465
920 3490 106
259 4665 349
1025 5419 84
5608 5905 805
186 5896 376
1297 1231 556
975 5168 734
2492 2253 830
29 5012 325
4715 873 101
44 2735 916
3642 1299 55
4801 3742 585
2421 24 501
636 2959 182
41 2185 977
1064 2780 738
1394 2121 437
265 2330 919
1516 3153 777
1745 2378 700
1303 4919 977
419 4776 87
2265 5549 887
2253 493 300
5688 5347 278
1030 4786 133
1758 508 783
1568 2804 558
5391 5730 551
4387 5093 868
4469 3572 853
1296 2647 295
130 4913 284
3461 793 996
4739 829 370
4628 3436 573
5632 1644 759
480 147 17
5092 5202 542
523 324 979
5476 644 354
6019 159 512
3517 2235 977
2321 4858 601
4170 4424 538
1443 4535 949
291 1237 562
4907 1911 473
5983 3763 689
3164 3503 970
328 5431 91
1295 23 565
5268 1323 564
183 3442 17
5308 5411 831
5775 5352 269
906 486 617
2747 5910 626
5538 1241 961
4302 3013 61
2717 3550 763
4257 5603 247
5722 1275 450
5925 5076 147
324 1412 557
652 2456 925
3467 5888 167
576 2441 838
2546 5446 504
922 2899 277
4053 5012 709
1036 2636 514
2299 2579 210
4176 1729 280
2382 4491 779
5870 4935 665
3845 4872 116
3961 1967 985
2017 4375 642
3239 5782 805
1741 195 975
5481 1752 763
572 3671 507
4816 4582 145
3969 2995 699
1814 1611 635
1831 3504 221
1365 3644 662
1893 731 117
1940 4940 240
3190 5418 513
5905 4819 73
243 5733 563
2326 435 46
3476 2061 996
4020 2867 409
1073 1916 383
306 6045 146
2194 2704 217
4524 1518 407
3678 1111 997
937 5033 192
388 2083 17
5684 4084 48
3988 4816 817
2788 731 504
5475 1233 775
2287 3766 716
1905 4380 377
4631 571 294
2800 2904 837
2561 4139 417
5536 5969 467
2095 5640 464
5392 6049 364
435 4988 35
1939 2626 492
3352 3668 265
2329 4928 44
2352 3766 826
5808 4544 85
322 6073 460
4668 1496 282
1306 2151 70
4345 5686 387
3568 1398 700
3178 4269 175
623 4106 151
1969 1447 483
3763 5260 272
2422 3047 66
5690 2140 317
81 1928 400
3917 4255 853
661 5355 524
5037 3056 510
4907 5836 474
3574 565 603
5885 1394 315
4800 4265 511
4175 3105 387
456 431 592
1671 6014 998
5093 2099 619
3896 1677 983
2063 3972 810
2636 1540 741
6022 1832 823
5530 1245 505
5245 4923 159
3135 235 946
1588 2991 686
2919 4130 934
688 4180 721
2121 571 952
3626 6084 777
4527 4842 415
3960 2907 462
2614 1559 726
394 2818 951
48 5643 767
4060 2293 187
1676 1906 872
6021 2530 851
5179 1395 574
3789 2711 135
5794 497 226
4482 3431 923
3701 3592 721
5127 3161 485
5820 5882 626
3717 1848 21
2495 5338 367
2210 4892 651
274 1528 674
745 3198 165
4101 3311 922
6028 336 568
531 2622 63
3656 3219 553
3262 4180 663
5880 622 618
4819 274 345
1688 373 166
4666 5994 850
3226 2474 860
1973 5935 119
2027 159 877
288 2108 363
5630 3274 134
1916 2512 693
1288 671 414
459 5446 702
3320 543 838
932 5745 869
4325 2720 149
1111 3296 523
2142 3428 220
5317 5252 521
1053 2679 874
2200 3558 194
849 2169 755
5740 3660 912
1158 4430 586
144 164 593
5387 852 739
1494 410 964
4824 3808 308
5584 2915 197
2194 1724 11
1899 3781 167
489 520 662
4342 2522 506
3306 4520 148
1736 1872 917
2153 3869 110
5409 1682 552
1668 3715 744
2784 4827 235
5850 4843 678
1888 4988 338
1178 59 417
1080 2051 82
2698 5737 655
4672 5342 317
5211 2495 270
4706 179 951
2285 3999 783
3438 5998 467
236 3338 775
6030 9 522
1802 3871 470
4350 3664 946
434 3805 785
5637 4517 914
3247 2207 938
4331 5730 509
5816 3881 404
910 4900 778
5708 417 907
3012 1649 382
657 5459 890
3826 697 770
888 4848 281
2623 2579 550
1555 2261 170
2144 1830 764
5898 5723 562
1372 108 842
5278 850 618
2766 5208 48
5816 5632 400
3481 6004 938
1899 3742 667
1775 3844 127
2091 3700 1000
5157 2925 831
5386 2068 862
98 1981 593
3399 4258 918
4836 434 922
4027 2717 883
2064 3474 348
5914 1326 740
4458 3432 477
3134 3686 698
1631 185 122
4823 4647 50
2476 1813 239
477 4986 114
123 5475 701
942 5229 135
4225 5661 969
3954 4230 831
2974 4532 730
4307 5486 14
4856 1152 703
1803 5797 704
1199 5823 287
968 839 245
1200 3934 772
5773 2164 982
1871 3218 955
175 5523 304
293 5173 293
4703 1075 672
5857 615 681
3080 3728 467
289 3725 633
5796 3491 586
4756 4775 408
222 3002 253
568 4651 811
1055 5093 286
3763 2209 305
893 2385 136
2920 5228 174
667 3492 683
3850 4848 294
4820 2860 741
74 2225 475
5510 3555 594
3768 5138 516
1281 1428 653
3607 4559 120
3776 4676 870
1937 993 157
2917 1254 674
2694 2728 80
1189 6041 771
2829 3227 653
1303 901 349
2231 1794 258
3596 977 999
3047 1785 511
5025 2116 665
5624 3905 713
5956 807 324
2900 5421 915
5904 1884 413
3552 2609 350
2573 4144 400
5348 2941 102
310 2246 552
5775 5306 716
5247 11 827
1864 3937 990
4822 4485 149
5177 62 929
2103 1931 47
841 5714 729
1953 2223 391
2730 3305 709
4542 5996 254
4841 5449 505
4185 1309 543
806 1139 498
5383 50 668
6008 2107 934
1890 2601 896
5901 780 583
3922 5191 309
547 926 952
4745 6064 268
1091 5222 129
3576 1201 737
5005 2597 24
4508 3713 775
2100 5300 328
5879 1641 124
182 1205 138
3212 910 666
5862 440 674
3905 874 945
4582 719 249
3863 1822 731
5113 5850 376
3416 337 342
2682 5699 295
734 5340 257
5423 432 755
5977 4194 603
158 5162 199
2790 4794 356
1820 5189 137
2658 3797 731
5571 4633 41
5415 4430 553
5390 5413 920
1944 5216 957
2684 59 513
2854 6002 476
4105 4040 166
394 5253 755
1065 1696 357
953 2894 782
475 3824 613
5864 5735 713
3311 421 306
1094 3588 87
5587 1086 279
4983 5940 874
5107 2319 578
4032 5496 406
2312 2572 818
3161 6035 875
1457 4968 571
1761 2783 923
3985 3040 626
178 4465 923
1658 3441 23
2440 5007 158
5428 5824 871
3577 5686 314
3279 3466 532
980 4024 209
4955 634 18
4574 5750 813
5230 117 743
1431 3717 449
4516 3658 216
4033 6077 324
1719 4609 243
849 77 658
4977 5523 283
4325 6070 250
3813 1902 336
237 5274 121
1467 1755 272
5884 2787 138
4331 5710 745
2693 2397 844
5409 1613 258
197 4502 803
4302 3812 870
5071 3772 540
2564 3780 426
312 1584 594
763 81 986
4612 5212 467
6044 6079 184
4233 3890 566
463 1849 419
249 1406 809
5890 40 905
5704 367 49
1798 2916 956
2389 5510 721
6044 3072 598
874 3836 121
2172 101 673
5488 4460 425
4950 4596 798
3797 4899 581
6074 852 718
5459 1967 607
4018 2638 256
3027 5298 964
4933 3935 388
2521 5671 343
4252 2926 144
1800 427 530
1762 5480 1
3087 951 506
1984 600 533
3526 4007 931
1919 3034 35
5477 3588 289
5020 796 172
6070 3580 434
4578 1094 569
3728 4978 232
3825 5416 156
3236 4160 139
2109 4594 190
4624 5197 46
2395 3175 454
6025 3016 411
5561 1356 44
82 5151 504
3199 5630 535
434 2410 585
2447 6009 40
5747 5845 822
1538 5696 309
365 1399 301
3776 2769 800
2232 380 350
267 5788 826
2291 1813 967
2933 2212 310
2478 5966 94
452 4351 193
1832 4145 498
5661 1287 855
5967 4554 845
3110 4273 796
5512 4177 271
5823 3572 989
2467 101 97
355 3479 414
2799 3713 677
2564 3563 404
2773 136 676
2406 5559 867
5108 2747 846
821 4865 965
222 2332 536
5782 2904 809
4540 1546 269
553 4052 766
4343 5536 283
5039 733 898
3821 5464 330
2979 922 899
1119 1485 68
4767 3083 337
2651 5688 512
3511 2729 59
5388 5138 923
1569 446 37
2698 1039 653
4428 5263 217
4916 4380 63
1317 2229 982
5521 6077 664
498 730 549
5656 3791 650
1763 1404 378
3935 5449 513
5853 6079 895
2953 1231 512
2905 383 876
4056 5987 74
5223 2475 640
5731 2402 77
1293 4466 1
830 4664 659
4798 5077 428
3954 3082 197
6095 4493 399
1169 5600 362
5854 3602 448
4228 1939 693
5541 3848 964
4568 94 593
2691 391 980
3525 3484 455
857 3887 214
4933 2224 97
5718 1497 5
2015 3407 859
2564 1455 998
392 5421 196
4074 3938 858
110 4039 137
2634 103 835
118 2613 808
1486 3686 121
2320 421 452
4057 758 997
1693 5972 143
3694 5857 518
3858 2703 745
1622 2251 441
756 4512 363
2756 2492 663
5410 3349 14
182 3416 410
2807 4185 726
1913 3326 591
2949 2137 471
3651 2801 635
3701 3851 15
5428 5667 589
2477 455 954
2181 3644 927
1583 4780 800
3435 2489 824
5048 98 498
1468 5957 993
838 3583 5
2188 1344 625
2793 4119 817
1027 2816 462
4689 3757 446
1212 77 925
1236 2004 63
3790 2283 621
4108 2327 381
253 3091 574
1298 584 399
2105 287 568
5892 1665 907
4321 4781 949
3670 5698 794
5963 283 577
2912 1514 828
459 2656 615
4506 576 556
5662 3099 890
1694 1252 27
4037 5984 505
2630 3827 835
1984 5912 937
5875 5375 223
3387 1371 825
3311 2670 422
930 1668 184
2830 4082 341
5316 230 466
3001 991 946
4577 4434 566
3643 319 271
2655 325 412
2518 1277 857
5251 4476 756
3900 3637 137
5937 5726 62
5143 6075 212
3212 3248 503
817 1287 204
5755 1797 504
4222 4309 560
3146 5458 382
5257 3076 307
4135 2503 634
4046 5463 589
2202 5359 920
4594 26 50
4092 5988 299
599 6068 594
3821 2744 325
1829 5320 190
3802 3968 295
438 1118 644
820 2122 110
4212 1924 439
2895 3818 56
3412 1148 902
3541 5897 299
3544 6089 842
4025 3036 639
5128 827 499
2266 5312 848
1278 3702 683
1433 1515 944
1394 1057 967
456 4736 627
5931 4784 608
2570 2171 168
6067 1532 997
5237 5030 430
1499 547 744
1995 1260 108
2551 1992 370
530 655 932
3648 397 273
1694 5071 287
6026 1173 175
4697 2035 492
1776 3239 665
5539 523 967
665 4704 916
903 718 39
2569 701 499
837 5669 388
2580 1424 728
2766 2926 430
3290 5137 731
1776 3847 583
5965 5485 61
3038 966 763
4518 1532 733
3914 1626 659
4268 2997 177
349 4877 923
18 5904 727
4608 2087 827
178 1336 64
3853 2575 103
5744 3310 590
178 3687 48
5903 551 894
338 49 885
1546 3209 414
4007 223 284
2555 3752 865
4010 223 39
1409 156 683
5129 3678 944
2421 1144 987
5347 1815 606
3553 3782 508
808 4839 855
2573 1729 686
2423 4245 331
302 11 174
4493 3043 661
6065 3158 729
4782 4994 11
1807 4646 918
3289 2092 128
1279 2938 735
4184 3388 390
4928 6022 664
5636 2925 417
3321 4411 975
2533 527 84
5895 5599 165
318 357 311
4252 4525 63
5543 5238 971
3203 915 225
3881 1822 57
4208 4983 418
2532 3297 840
5192 1817 745
158 1827 998
3921 5633 1
5786 3786 49
2311 3986 171
4189 1307 962
4468 503 31
2776 2019 292
1674 1027 951
5258 5754 591
3041 2065 533
2386 970 407
3448 1134 492
2355 467 950
5477 3837 156
3372 665 427
3698 4161 693
896 6023 153
940 1471 393
324 5047 679
4722 881 385
363 5391 342
520 3804 651
326 4068 238
3330 5921 497
1792 1004 330
1533 4173 664
1098 3024 797
2690 5352 484
20 5257 744
17 2986 895
5198 1182 44
1299 233 750
4919 208 101
625 3935 815
5873 711 327
4935 1117 263
6092 3430 849
3634 6064 565
5956 4295 641
3605 5245 551
3571 3225 652
3082 2327 100
2443 3677 245
1035 1811 879
2818 1143 954
1615 4667 573
2852 5051 378
3936 5904 531
5631 5704 181
5045 1262 950
5697 1641 393
5956 5901 899
2633 1626 590
580 1595 735
708 4050 621
5662 1570 408
6030 1654 87
4217 1819 320
4545 1222 39
5135 2287 10
2395 5939 545
835 1014 399
3275 1544 380
4558 4467 640
1007 2978 284
2555 1263 318
668 3891 645
4405 547 393
5502 1680 641
1252 97 354
4695 2771 258
2588 5765 72
653 5344 96
3313 88 687
4575 5001 571
2234 3141 924
3822 4454 863
4383 4009 327
3791 512 411
5483 5928 404
4787 6033 712
4627 5953 874
4464 3981 890
2337 4948 833
4373 3762 853
4491 5001 440
1560 3771 414
5299 5404 493
828 5073 962
3369 3739 450
3585 3968 751
3176 3830 185
2564 1132 7
3789 4281 735
965 355 565
5089 5331 548
1127 5740 850
3155 5829 178
322 4569 863
5985 679 879
6090 892 109
3805 3171 706
3029 4403 402
2035 2223 173
4214 5482 649
2832 3651 170
154 2259 891
5034 547 103
2092 3521 830
4006 2559 423
627 1416 362
4837 4884 61
5897 1088 134
2564 1992 753
4013 3065 172
1262 447 801
4144 4637 918
762 3315 257
4860 2214 717
1889 101 573
3362 3582 16
5631 5214 490
1942 353 391
5331 1356 252
2589 2761 183
2268 2069 771
388 783 98
1765 166 494
5197 5539 376
1345 1115 896
3233 5294 329
3298 4737 316
3708 5566 330
642 5734 72
4211 664 934
1332 2858 475
1552 4113 354
188 4165 658
5724 5462 914
2363 3339 493
1735 2894 774
3580 3496 930
2166 5803 492
2614 2213 274
5915 4966 235
5658 5162 152
4988 365 588
3579 15 318
3316 1401 269
2423 299 816
5122 4914 188
237 2517 227
704 4332 99
4137 3503 708
3975 3121 684
5364 1089 615
3666 5057 901
1316 5203 438
162 3828 719
1865 292 464
934 2951 195
3025 3344 707
2382 1361 990
1974 1109 348
5869 3943 267
1887 4851 34
3724 4964 488
2453 3555 933
2200 3603 335
958 96 666
624 2599 164
2728 5088 496
5388 5939 313
4704 3022 529
231 201 916
1028 5803 542
6062 3367 772
4667 5071 986
5428 4111 550
3624 811 955
1217 3697 256
74 1514 655
317 2173 825
3898 1282 436
4253 5457 993
1041 4443 93
1001 4201 946
5045 3645 846
958 3548 36
3603 6048 517
5436 2546 657
3817 4353 337
210 3448 840
3667 853 687
652 3775 340
4827 4711 850
3688 6057 310
3883 1204 26
976 1792 215
2349 1037 56
1582 1933 668
3000 5399 86
5875 2649 677
2895 3983 78
1694 991 379
2595 244 371
866 3879 863
5077 3701 766
3726 1331 747
4821 1236 611
3986 2292 7
4936 595 406
6001 3629 705
330 776 259
2441 4614 976
2924 4006 980
3 871 725
864 2845 544
536 1129 341
3448 2273 973
1417 5918 241
4172 2834 140
5147 5781 140
1162 3108 851
2865 1302 401
5359 2628 880
17 4615 590
5894 5324 836
1505 3142 396
2634 3629 29
3775 4260 389
69 2050 911
1378 2110 469
540 235 787
852 5373 9
5614 4502 897
2405 5675 682
1384 517 243
643 1519 984
1448 3148 189
5603 3922 694
4635 1128 64
677 2350 937
1356 3459 594
4867 3518 236
1684 3924 432
3486 357 972
6088 449 886
3556 3067 154
3583 2273 305
2355 4364 425
3078 4359 72
5107 2688 856
1497 4486 839
3418 1433 290
3154 5046 595
2391 2428 868
5821 5345 923
5838 5262 695
894 4411 437
1997 2390 988
1877 3084 702
5741 5081 534
1848 5688 735
2752 5244 391
2512 5699 836
5632 35 564
1554 4995 950
2622 3237 480
2304 4578 804
4151 750 379
2142 4236 792
2652 1543 312
820 72 251
5822 1821 136
4300 3447 771
1816 2367 431
3895 2924 321
2036 3094 817
3193 4804 751
1850 6077 391
5152 5568 644
5255 5683 857
3843 4525 731
3418 2972 516
2066 5227 202
2941 4130 401
3403 1926 876
1447 5355 316
513 2462 155
1974 2280 76
3501 1603 241
171 4371 456
2047 2940 795
2234 2401 238
4325 3083 683
4440 4053 37
2654 440 709
4171 682 473
2407 3193 114
5917 4136 570
5950 272 443
1860 5552 197
4821 4265 714
2911 1083 405
5522 5427 483
793 4308 82
4912 5575 533
2570 488 860
572 5551 396
3580 428 436
2379 4771 106
5707 3065 525
3873 5105 422
3347 681 107
4735 2354 690
1767 5669 522
4684 3711 776
2852 5857 773
4773 894 714
5167 5883 838
2444 3334 764
5034 2608 2
1781 5606 4
6060 3999 597
5233 401 334
3631 4449 306
3191 2072 72
1138 2758 27
3488 941 234
2648 3630 670
4636 5935 951
3084 2700 171
5727 1085 596
4408 4685 833
5667 3822 480
4743 662 289
1220 6013 113
1510 3028 954
3740 3364 820
6041 5530 399
5250 3228 51
2136 5293 456
558 1966 251
1308 2018 145
1973 1741 314
857 2847 562
5545 5238 481
4312 5216 790
5747 1101 639
3487 4868 985
4530 2632 18
5994 2576 268
1900 2862 475
1014 2502 739
2791 904 194
43 1233 750
1023 2914 684
1715 2330 365
4343 2119 337
2029 795 981
4260 5034 760
1860 5900 749
1355 4951 907
3577 4146 728
4534 4914 170
3714 4142 300
5224 875 846
519 4127 145
2501 1099 475
3560 3564 348
5803 2929 316
3939 1768 813
5778 557 651
2706 4608 650
4451 1808 839
3353 1513 576
859 5191 813
1187 4984 153
4090 2669 356
4848 5971 451
5586 984 96
4287 4660 849
2236 3372 824
4291 1545 947
4866 832 970
714 4955 596
5159 2895 839
5321 1774 688
1876 4840 625
514 3938 404
2543 332 555
783 2907 671
3124 1492 410
4115 3796 972
1090 5681 281
5324 1557 724
1272 2711 715
5758 4441 361
5734 1842 503
25 3548 967
591 2056 684
5703 2009 779
3870 558 57
5259 90 378
1007 4332 495
3689 4913 813
3037 198 922
4054 1206 429
3769 5171 881
2297 2365 869
5670 4959 159
3744 4077 502
5278 3462 818
2462 2789 626
1378 3967 775
2155 3748 336
5258 5320 47
4989 3899 857
4912 4804 687
1501 69 167
1461 2172 1000
252 2479 226
2226 5682 738
2290 2228 869
2930 4494 972
1276 605 405
122 799 476
1984 4933 597
596 1880 817
2396 3643 668
1479 5396 55
4995 4495 801
2565 5137 800
381 2310 468
329 703 271
4826 5512 74
5426 4099 741
1813 5724 117
5868 5075 807
5563 5909 403
5990 190 908
2960 5937 539
577 1528 838
587 2346 451
4542 1081 40
3130 4640 31
3281 3145 428
2503 747 310
5353 3436 726
339 3837 478
2484 824 430
4159 1082 895
805 1072 799
3045 43 76
5793 5002 801
3956 4964 179
749 1656 707
372 523 965
4438 5911 738
1765 4938 661
1639 5017 545
2652 125 890
3294 228 555
330 4089 290
5163 969 795
6004 1200 916
5084 5784 538
4190 1311 760
4955 3700 487
5846 5837 71
2305 5961 915
3100 3421 881
1637 3220 793
56 4405 205
5723 1941 661
666 1767 957
5326 2507 957
5810 5679 748
3916 3937 274
2721 1783 369
537 1571 273
4630 165 918
269 4706 128
760 6093 811
3149 3437 96
5269 2348 421
4438 1251 604
3195 3696 806
5408 3219 954
5935 5611 248
2176 3367 214
1360 933 896
3885 3422 638
6063 5817 558
4247 5680 255
142 5714 270
5337 933 170
5269 3182 701
1871 3721 478
983 3210 161
2685 1680 762
2657 1388 374
4895 2781 497
2729 6096 168
2396 4367 685
5917 1760 904
1071 2601 552
191 1643 713
1256 3118 734
5422 1736 198
4307 1245 294
5790 2195 61
43 2430 838
2840 4072 919
1380 4318 161
675 654 895
3436 4599 320
5569 4484 833
479 518 960
5240 4467 953
2173 4767 197
3324 5073 443
942 101 43
4968 3345 396
4197 2162 334
1967 1256 373
855 1277 566
3723 4821 849
298 5683 912
4523 3101 484
3461 3499 351
3144 5129 465
524 4355 378
5260 1613 495
4538 978 174
2037 2088 301
2666 4965 555
1798 639 368
3414 2660 948
3673 3798 483
205 1647 399
3214 4349 696
2514 862 747
1566 1469 78
5904 5855 457
3106 674 452
1964 84 381
2592 1130 65
4443 4650 898
2575 5817 453
4788 4163 305
2263 2487 328
3371 5367 448
5516 4164 791
3437 2724 535
4545 5770 371
4915 5047 827
2370 1727 98
1189 5907 700
3309 2231 191
6004 2762 217
5287 4885 173
2091 1368 705
5541 4120 211
3689 6049 35
4421 5880 789
634 1858 54
2394 862 333
5479 2582 831
5952 3189 553
4452 466 11
4785 1020 86
5296 350 116
1683 1783 223
5294 4407 622
2129 2267 273
454 4374 148
4143 530 224
3055 3776 624
5868 2736 763
93 1398 764
2189 605 660
4723 4618 802
4656 5522 111
418 247 568
3279 2729 251
2193 2948 661
2100 4625 545
908 3675 834
71 1200 169
3121 121 54
2400 3780 661
4134 3975 794
5305 4781 644
5721 4246 360
3658 5352 980
756 5054 1000
2235 4497 988
992 1914 243
5486 573 282
922 4729 405
4642 3511 39
3513 5683 482
5482 58 207
4598 2419 232
275 4447 990
3053 4346 83
1558 1154 584
1847 5574 909
596 1 881
3767 5318 942
247 1421 49
671 7 240
5402 3878 275
4766 1574 816
3975 2869 82
4850 1435 496
3224 4203 234
4105 2270 49
2353 3773 555
5116 2656 439
14 2953 119
2188 1148 920
476 4772 78
2060 2040 742
212 1653 741
3058 2040 256
149 2536 647
3156 1993 982
4162 4856 345
5183 5685 836
4826 3947 930
5317 5702 346
773 3685 181
5224 1455 478
4697 1427 890
1622 5122 464
2528 5431 450
4126 2876 461
1963 3002 241
5 3487 383
433 1414 513
1821 3623 787
5647 5691 457
812 1196 251
2642 4259 373
4092 3524 942
228 296 510
5991 5492 460
5836 4767 544
3947 1232 182
1686 5702 101
1234 116 982
332 4212 231
56 2376 757
3540 3459 517
3014 541 609
2525 5314 548
5296 210 693
2731 2484 33
5333 372 169
1550 5110 623
